time	incid	trans	refl	U_in	U_out	eng_strain	eng_stress	true_strain	true_stress	F_in	F_out
5e-07	-0.0010616606138497107	-0.00036725427785004903	0.0002459720957256898	3.863931473660548e-07	1.49626089942715e-07	5.449041594950746e-06	93.14027226517939	5.449056441021501e-06	93.13976473996165	8144.255423218754	3666.856376695721
1e-06	-0.0005870606015140069	-0.0003054895602140548	-0.00015740532167373057	5.360932688056988e-07	2.6553790507337037e-07	1.2270865946366587e-06	77.47596836468867	1.2270873475397853e-06	77.47587329496648	7433.132252820831	3050.1655377374627
1.5e-06	-0.00019452749537659822	-0.00021566927924922675	4.889392079600466e-05	6.134793530583213e-07	3.542099127743478e-07	5.032001117298315e-06	54.69642315973176	5.032013777904459e-06	54.6961479272693	1454.080820346175	2153.3534653483184
2e-06	-5.168026305796711e-05	-0.0001830148460423182	5.2839053249929416e-05	6.844085723948808e-07	4.3533629948971967e-07	1.2926698501919741e-05	46.414851009336246	1.2926782052434267e-05	46.414251018551234	-11.569959727969067	1827.3147399913137
2.4999999999999998e-06	-0.00013891173968043856	-0.0001817429096944464	7.547853568539228e-05	7.570674032879234e-07	5.232301069414924e-07	1.2467578102045953e-05	46.092272063657845	1.246765582292456e-05	46.09169740465599	633.349868448496	1814.6150706089763
3e-06	-0.0001952368526638353	-0.0002134422975766321	-8.294091452939789e-05	8.213624163343012e-07	6.176828795084354e-07	1.9631822984361136e-05	54.13163279015648	1.963201569112625e-05	54.13057008752369	2777.4704911782383	2131.1181302155514
3.5e-06	2.2600833271418707e-05	-0.000211233110013105	0.00019938598962900353	8.929599011192068e-07	7.010931459788748e-07	6.016099472328915e-05	53.57135522890837	6.016280446850698e-05	53.56813232288912	-2216.4310838257766	2109.0604606573934
4e-06	0.0003142316104871542	-0.0001637933497490689	0.0004593606786366361	1.0133628318063092e-06	7.514528051687982e-07	0.00013530393586887258	41.54003945212858	0.00013531309027220475	41.53441892129456	-7723.944932492857	1635.397394153582
4.5e-06	0.0003657632477673724	-6.26320712453587e-05	0.0007619858231422169	1.1825331979188988e-06	7.806435321003181e-07	0.0002200979415901951	15.884275610008514	0.0002201221666967781	15.8807795136431	-11260.029144346563	625.3509453346007
4.9999999999999996e-06	0.0002518300462667378	-6.861430215990967e-05	0.0006162256319951158	1.3801882233907262e-06	7.962797656471147e-07	0.0002998696845883493	17.401444094461	0.0002999146544925604	17.39622592890901	-8667.116194793653	685.0806282788087
5.5e-06	0.0001560614090015571	-1.6888099054124488e-06	0.0006803557602987601	1.6380329338304963e-06	8.050663542073808e-07	0.000373929576151322	0.4283032870715038	0.0003739995052482193	0.42814313180490493	-8351.220981771456	16.861950273093896
6e-06	-0.00011163120020384543	-3.781715669297049e-05	0.0005233872407545638	1.9807728219796865e-06	8.456533198599189e-07	0.00044109864668984004	9.59090331445067	0.000441195959315261	9.586672779978134	-4111.184958212685	377.58602290465217
6.5e-06	-0.0003376424006392516	-0.0001446686053751165	0.0005683548188357914	2.3004114098607665e-06	9.038286759747475e-07	0.00047684318860975	36.68976539019054	0.00047695691447737913	36.67227012547254	-2303.551933552402	1444.4460694451568
7e-06	-0.0005185269578795827	-0.00011689749160983822	1.2624186856689262e-05	2.5318260190807825e-06	9.407176697814653e-07	0.00047304577454271513	29.64666404812418	0.0004731576959925459	29.632639818966926	5051.19453685646	1167.1649273593687
7.499999999999999e-06	-0.0005836735049452034	-4.896157271079945e-05	-7.434599752674509e-05	2.7860218986150926e-06	9.532800848563122e-07	0.000474583513988304	12.417266422359331	0.0004746961643869575	12.411373392426478	6570.006543571398	488.85762790474786
8e-06	-0.0005342396682142268	-7.521139201558184e-06	9.933986473349455e-05	3.093125295160699e-06	9.753575660732605e-07	0.000502637755590823	1.9074548486633773	0.0005027641202930116	1.9064960898393544	4342.264239786925	75.09493804320054
8.5e-06	-0.0003905647729382749	-9.17428959300442e-05	0.0003566437488824756	3.3673625452729688e-06	1.0249174008110486e-06	0.0005456948521145445	23.26714437567223	0.0005458437977387149	23.25444761476302	338.6850225168593	916.0084531267757
9e-06	-0.00014261695579027983	-0.00013108638102350733	0.0003431909051020856	3.560957420253893e-06	1.0741656769620965e-06	0.0005877169612296365	33.245143637977336	0.0005878897345407237	33.225604903182784	-2002.6338953452196	1308.8341270466392
9.499999999999999e-06	-4.480552928375485e-05	-9.034207659762998e-05	0.00033982143355061427	3.7101295886527596e-06	1.095124532352456e-06	0.0006323189245511724	22.911879095226244	0.00063251892247511	22.897391480477303	-2945.591147693267	902.0219494657917
9.999999999999999e-06	9.904696476074097e-05	-3.89243037999227e-06	0.0003851229330757422	3.889621801557931e-06	1.0758637021393136e-06	0.0006969749764855395	0.9871689650236358	0.0006972179764609946	0.9864809329574512	-4834.202307129333	38.864035140106665
1.05e-05	0.00014482248425142573	9.049233315664969e-05	0.0006657734205268939	4.116020647477575e-06	1.0707887780577864e-06	0.0007812634906988413	22.949986035460274	0.000781568836066947	22.93205604925872	-8093.4081415205	-903.5221885502954
1.1e-05	0.00020724594823204432	-6.767462866542282e-05	0.0007042219563522808	4.260463150543887e-06	1.0959703866969223e-06	0.0008654413557928887	17.163131158722745	0.0008658160663720293	17.14827747522309	-9100.566282425058	675.6984428201606
1.15e-05	0.0005115134098831831	-4.5546080710905184e-05	0.0006639749692995949	4.306453961606864e-06	1.1179417863781306e-06	0.0009295348953823363	11.551054988003807	0.000929967180846966	11.540317879313976	-11736.68305287383	454.75559186398834
1.2e-05	0.00032345771748897235	-5.324099415575424e-05	0.00037777850974688224	4.3482713279053395e-06	1.139787526354304e-06	0.0009756925114431081	13.502581155393647	0.000976168809220234	13.489406788075177	-7001.50464267628	531.5855816970465
1.2499999999999999e-05	0.00023875382417607732	-4.498109373378417e-05	0.0003724508803571636	4.453795424289265e-06	1.1309941982269792e-06	0.0010234137419283082	11.40776723330863	0.0010239377873458842	11.396092367557344	-6102.583423682343	449.11447009970453
1.3e-05	6.243607109894026e-05	8.451736254892466e-05	0.00040319293960938	4.610390258168629e-06	1.102713414694356e-06	0.0010716482394757011	21.43465885550792	0.0010722228650179334	21.41168844108165	-4649.080514693034	-843.8649962589867
1.35e-05	1.747373594290877e-05	4.263775367767124e-05	0.00038079333969307015	4.729319835748526e-06	1.1106400066540198e-06	0.0011057503433848054	10.813466924231289	0.0011063621363308178	10.80150992946664	-3976.5041661952455	-425.71735277318385
1.4e-05	2.082467098041405e-06	-7.827703222698024e-05	0.00017349006574336084	4.8210248843511e-06	1.1410061084022455e-06	0.0011297018737958155	19.85203313740022	0.0011303404679502717	19.829606258366244	-1753.0068414478208	781.5583155372103
1.45e-05	-2.5104037161542915e-05	-5.8254022250000584e-05	0.00021580954688507818	4.97404565669699e-06	1.1529562315635231e-06	0.0011634490910229203	14.773947698227332	0.0011641264233287223	14.756758962207009	-1904.1022979895013	581.6382431433685
1.4999999999999999e-05	-0.00011438765458843404	4.52427682970233e-06	0.0003327056572941262	5.163676395622698e-06	1.1528268703853338e-06	0.0012014959265481523	1.1474131171143862	0.001202218301457236	1.1460345049281053	-2179.7996882576927	-45.172716407960756
1.55e-05	-0.00011982408986128224	-3.942647412366807e-06	0.00028569400558929267	5.353085536313214e-06	1.154287712837022e-06	0.0012362018557516622	0.9999046316987658	0.0012369665835693655	0.998668547737485	-1656.1309013194814	39.36542792567006
1.6e-05	-0.00016769320896923442	-2.6255437241655186e-06	0.0002784037603148681	5.546463706648096e-06	1.1567653099964145e-06	0.0012724228224259223	0.665870684323948	0.0012732330397109855	0.6650234152684299	-1105.3913205470963	26.214784491035108
1.6499999999999998e-05	-0.00011304463122361026	-8.514146037322836e-06	0.00031031888301297314	5.742452289030633e-06	1.1666561227991733e-06	0.0013121478876439727	2.159293785940692	0.0013130095074810966	2.156460473160667	-1969.6880111688154	85.00963112490447
1.7e-05	-0.00012247569158863278	-3.595659679268073e-05	0.0003353581253303981	5.969291032745514e-06	1.203437665819497e-06	0.0013636425182491866	9.119042083335428	0.0013645731248139467	9.106606969824888	-2125.5281605493547	359.0092319832746
1.75e-05	-6.0453790084054515e-05	-0.0001294193508838655	0.0005016171911963092	6.192445423859025e-06	1.269901160664204e-06	0.0014262184081796005	32.822363971558055	0.0014272364257121879	32.77555211186185	-4404.803233343814	1292.1896372030508
1.8e-05	7.420059928748859e-05	-0.00016941159918707643	0.0005154689528519833	6.371011081966309e-06	1.3289502995772124e-06	0.0014965619482484134	42.96489768760807	0.0014976829156185692	42.90059805661841	-5887.565340460864	1691.4928980595614
1.85e-05	0.0002662771933820513	-9.6083170888963e-05	0.0006278697996109287	6.517011986000514e-06	1.3651625390984994e-06	0.0015704994233922693	24.367892319973905	0.0015717339503302401	24.3296225591361	-8927.62535579863	959.3439998299848
1.8999999999999998e-05	0.0002790316969370327	-6.673309337199747e-05	0.0005738834887299462	6.715659666788968e-06	1.3963810707829856e-06	0.0016486813782562557	16.924346047517805	0.0016500419490371946	16.8964431933501	-8515.945697494504	666.2976681993937
1.95e-05	9.855676660164903e-05	-7.363062817006592e-05	0.0006968580555804205	6.977479383801238e-06	1.4125671909282308e-06	0.0017292547253187575	18.67364702996396	0.0017307516121859241	18.64135553759846	-7941.832372685119	735.1662178207674
1.9999999999999998e-05	3.386852727400996e-05	8.551343103522326e-07	0.0006127523226019115	7.205173503464606e-06	1.420677754008298e-06	0.001795085975794546	0.21687274265603965	0.0017966990733464128	0.2164834374371657	-6456.196509275358	-8.538102584407959
2.05e-05	1.2378372260964197e-05	-3.732157767884754e-05	0.0004572452879595043	7.382408024628132e-06	1.4593891840788991e-06	0.0018415648384793191	9.465218286152192	0.0018432626036897978	9.447787472967883	-4688.965158439147	372.6379060883375
2.1e-05	-5.3803500614141924e-05	-0.00013673146382358706	0.000298205529925392	7.481920326517416e-06	1.5120538048865837e-06	0.0018593720059240616	34.67680714925599	0.0018611027838249623	34.61233006478784	-2440.2360808530802	1365.1975490975035
2.1499999999999997e-05	-0.00010418906047924584	-0.000100057448764565	-8.774196340910274e-06	7.53848502060969e-06	1.533242151388699e-06	0.0018556830759339207	25.37581883224775	0.0018574069887937598	25.328729354702784	1127.8834954032395	999.0252426359901
2.2e-05	-0.0002100937808759116	4.7911114999709844e-06	-5.118435292636651e-05	7.640834916696177e-06	1.5179405809611693e-06	0.0018565804186391186	1.2150857225476155	0.0018583060001825925	1.2128298181881656	2608.735823671532	-47.83693156135815
2.2499999999999998e-05	-0.00023550332271467624	6.40072994039411e-05	6.576944045663537e-05	7.809562320523595e-06	1.5134039363762157e-06	0.0018709392910878004	16.233050649109362	0.0018726916840917113	16.202679596835726	1694.7107386815555	-639.0819334996136
2.3e-05	-0.0002897392266433904	-4.360978924255864e-05	0.00016761453902733612	8.067328194912488e-06	1.5416127465742e-06	0.0019082428987068558	11.059987285260322	0.0019100659137265494	11.038882143063436	1219.3559518447462	435.42265785594105
2.35e-05	-0.0002628996033877394	-8.322172287594599e-05	0.0004387049631730677	8.413354379922279e-06	1.5701464677131546e-06	0.0019754132944058674	21.106068450502278	0.0019773669965845596	21.064375242292517	-1755.3315058982932	830.928660637318
2.4e-05	-0.0002011281971718408	-4.5070642984983115e-05	0.0006530586351022037	8.8260192688177e-06	1.5707686410094653e-06	0.0020674150326412473	11.430478041979505	0.0020695550851931644	11.40684649984524	-4512.30688951829	450.00857607093917
2.45e-05	-0.00015891855812701035	4.227324814922146e-05	0.0008423047275542454	9.265498590162524e-06	1.5445166498677403e-06	0.0021788063465249634	10.721023769148866	0.002181183398457699	10.6976647345194	-6823.280446941661	-422.0779413300784
2.4999999999999998e-05	-6.539123721667305e-06	7.576007935583104e-05	0.0009682098659169695	9.702834155850242e-06	1.5447550337297477e-06	0.0023026112999156873	19.213702449818193	0.0023052663858519175	19.169460761444025	-9601.817340138246	-756.4277582038948
2.55e-05	5.2486983270730074e-05	-7.68318929300599e-05	0.0010440715862250131	1.0032013345017274e-05	1.5832351030643996e-06	0.002421594749528682	19.485527760351275	0.0024245315522160864	19.438341708635015	-10948.60707005177	767.1292984617726
2.6e-05	0.000401382972462477	-9.618091214342456e-05	0.0008898428672013737	1.0176587888219648e-05	1.6328484588146114e-06	0.0025169887415494034	24.392680722999145	0.0025201616830021027	24.33128462024315	-12892.26563035131	960.3198989925127
2.65e-05	0.0004990856284951072	-0.00012688900420215174	0.0006606569757512779	1.0196207925322519e-05	1.6956432025889553e-06	0.002576192246103922	32.1806364463137	0.0025795163395782575	32.09773294022602	-11579.469104081918	1266.925349147892
2.7e-05	0.00037497201246046853	-0.00015544662959792794	0.00030161562202499106	1.014357509710717e-05	1.746388130180555e-06	0.0026078916934207863	39.42320696225369	0.002611298166727619	39.32039550828882	-6755.400363013498	1552.0594295425817
2.7499999999999998e-05	0.00037690543946967286	-7.27110223418371e-05	0.00021361586211090383	1.0088450707421502e-05	1.783125695933118e-06	0.0026301442516320633	18.44042350505556	0.002633609157826526	18.391922531176075	-5896.069646762606	725.9843983058856
2.8e-05	0.00023262812983190515	-9.246719620931031e-05	0.00014806926376563457	1.0110146022502161e-05	1.8389734801250985e-06	0.002649690932158939	23.45083597378654	0.0026532075765643894	23.38869850635525	-3801.0793869487743	923.2402411762367
2.8499999999999998e-05	-1.2469124974844869e-05	-0.00015863374948186718	0.0001696354935799188	1.027916557558789e-05	1.9248496248116513e-06	0.0026773795389125167	40.23150037538875	0.002680970129858713	40.12378537946393	-1569.2301919405636	1583.8812804360057
2.9e-05	-0.0002974302401283673	-0.00022747970971965408	0.00028040522191581744	1.0674126959241063e-05	2.0117424489446793e-06	0.002726904978905612	57.69169585205889	0.002730629757239635	57.534376079398406	169.98657431987445	2271.274902603
2.95e-05	-0.0006734131713705989	-0.00016320490971979718	0.0005245635743871562	1.1323720723064718e-05	2.0765778024546956e-06	0.002799201651072934	41.39080371045405	0.002803126742474028	41.27494250436851	1486.191248914957	1629.5221050044138
2.9999999999999997e-05	-0.001072184393060511	-0.0001283056455534892	0.0006505206889602025	1.2256555940042065e-05	2.123696219008724e-06	0.0028997808715023315	32.53991438839272	0.002903993381595421	32.44555576708893	4210.108187855236	1281.0698280170081
3.05e-05	-0.0014872195232176772	-8.354660834284724e-05	0.0009842580028279098	1.3519942884337018e-05	2.1527318653358693e-06	0.0030376147013208323	21.18846346307865	0.0030422376169890034	21.124101074964805	5021.827571541105	834.1724849243398
3.1e-05	-0.0019528769485473783	-4.7002496818385593e-05	0.0012560437914478316	1.5129011860033292e-05	2.162002906143041e-06	0.0032055698027547465	11.920420305070323	0.003210718647900979	11.882208565704245	6957.5421164917625	469.2972024399104
3.15e-05	-0.0025518831695876183	5.318352175873225e-06	0.0014738383833102584	1.709771963779585e-05	2.1587851748758378e-06	0.0033915636968207554	1.3488005437616588	0.0033973280861951116	1.3442260008031846	10763.75589704839	-53.1011747603846
3.2e-05	-0.003276676855864027	9.149103890016908e-06	0.0015492398780215303	1.9420958962118346e-05	2.151671489127315e-06	0.0035912687351073477	2.3203270286929705	0.0035977328214926566	2.311994110779601	17247.62291299447	-91.34937824701952
3.25e-05	-0.003923060055084905	2.2835212849633607e-05	0.001696694419737564	2.2079644235774973e-05	2.1228764907605387e-06	0.003814370491371635	5.79129521512778	0.00382166375454012	5.769205069552375	22229.18429874058	-227.99855822257206
3.2999999999999996e-05	-0.004404615862045737	0.00010663189897378632	0.0019295217677043075	2.5014462729786655e-05	2.053536515169837e-06	0.004056400681796706	27.04318152728697	0.00406465019147763	26.93348354730173	24712.617687910148	-1064.6679488668892
3.35e-05	-0.004856945034070326	0.00020513218794460526	0.0020043504216716752	2.8258997887320352e-05	1.9492039992333615e-06	0.00431383570086454	52.02408518523382	0.004323167135946244	51.79966182925694	28481.777818453957	-2048.145703934706
3.4e-05	-0.0055467690231515215	0.00026396419245844566	0.002179906345237606	3.1926487329461574e-05	1.7997910164479673e-06	0.004598759513433841	66.94461640519339	0.004609366339285376	66.63675421362683	33616.49577573689	-2635.55482049631
3.45e-05	-0.0063118249677173825	0.0004078214803084861	0.0024511434440008186	3.604915778375095e-05	1.6148236542815006e-06	0.004917108995538491	103.42862153679287	0.004929237751252546	102.92005173143816	38547.03816251148	-4071.900276770217
3.5e-05	-0.007050049834320944	0.00042382260788564473	0.002723195228188333	4.0619867929214425e-05	1.4483684981724617e-06	0.005261810506677478	107.48670736171808	0.00527570258466444	106.92113267559401	43201.550970117576	-4231.663798203132
3.5499999999999996e-05	-0.00789796963344427	0.000324587516506615	0.002879459903074546	4.561862758007517e-05	1.3050640221357766e-06	0.00561777408974769	82.3194486345736	0.00563361313056561	81.85699656895197	50107.39293234155	-3240.8493964066975
3.6e-05	-0.00879158206119166	0.00031973329183365397	0.002906244919167675	5.116853605457139e-05	1.1587725862390294e-06	0.0060079502845095485	81.08835662300403	0.006026070631703819	80.60118180776044	58762.24547899283	-3192.3823103317227
3.65e-05	-0.009819947043219498	0.0003380173858641059	0.0034355394625019678	5.745590566666841e-05	1.0034593503859789e-06	0.0064647915829931235	85.72543125720004	0.0064857788491984964	85.17123421076003	63745.22248134911	-3374.9401478609607
3.7e-05	-0.01102377948291628	0.0003602968080705198	0.003989795682285875	6.458941779669581e-05	8.924550022836199e-07	0.006997624958488666	91.37577102278216	0.007022223155825433	90.736357646872	70230.92693135953	-3597.3894052663204
3.75e-05	-0.0123891967750025	0.000138797241722371	0.004670687515086963	7.262218873887552e-05	8.800500109107134e-07	0.007610034236122851	35.200714228183706	0.007639138295941794	34.93283558777125	77065.58263662299	-1385.8233424996592
3.7999999999999995e-05	-0.013773598713845273	-8.302233301122075e-05	0.0052831939472623626	8.149458327308322e-05	9.505178651949748e-07	0.008295685197100135	21.055500690213293	0.008330285884024333	20.88083088481996	84772.58601677616	828.9378492539997
3.85e-05	-0.01497384024486842	-0.00023381288449319566	0.005861131652243757	9.11913885591729e-05	1.0897177101339021e-06	0.009055417363433014	59.29786808281906	0.009096666865043311	58.76090113856734	90985.98880168544	2334.5085902785763
3.9e-05	-0.01627619742828005	-0.0003920528183263804	0.006487283375081425	0.00010180136585572077	1.3094686843693996e-06	0.00990501865193689	99.42949189051932	0.009954399699902134	98.44464091879111	97737.57334299473	3914.4578118940076
3.95e-05	-0.017618913215667338	-0.0005959841869987915	0.007321832235799978	0.00011340187662315256	1.6662491245824585e-06	0.010852392234011082	151.14903430879562	0.010911708985419544	149.50870570268455	102811.37437913119	5950.613916058001
3.9999999999999996e-05	-0.01914064509618905	-0.0010081601356058286	0.008076439281178384	0.00012598463920503484	2.1882876866016635e-06	0.011883463274410415	255.68200339811108	0.011954636038670773	252.64361570080194	110470.7449109985	10065.991453164395
4.0499999999999995e-05	-0.020674892516297005	-0.0013390122456595267	0.008682220801575493	0.0001393790048195448	2.878917393877092e-06	0.012984612899771887	339.5902312077614	0.013069649902972935	335.18078351098455	119741.0279552966	13369.389786863276
4.1e-05	-0.021650715331174086	-0.0017661740232019789	0.009215471548058612	0.00015351793884353196	3.7596169204008464e-06	0.014162757143443056	447.9237937042797	0.014264006101537578	441.5799577952763	124159.8960502802	17634.393579417494
4.15e-05	-0.022771153179612237	-0.002193597831303253	0.009933663802005523	0.00016841805240580806	4.802191074742955e-06	0.015434547226519341	556.3238104235598	0.01555489984879731	547.7372042983402	128176.12380341257	21902.013620395366
4.2e-05	-0.023551019403274365	-0.0024939893289779354	0.010737557543361774	0.00018398903448272369	6.0149606127729505e-06	0.016809453229630386	632.5068464479589	0.01695233553409137	621.8747521951709	127936.22065786272	24901.277468870754
4.2499999999999996e-05	-0.02411148053254716	-0.002958824642261279	0.01160967310230909	0.00020016098767107463	7.43474491249725e-06	0.018285803371447612	750.3948881914998	0.01845505511843493	736.6733148150906	124824.50187961585	29542.43329857174
4.2999999999999995e-05	-0.024604248917888684	-0.00342476220001581	0.012386394307612448	0.00021693848298760457	9.05176317737139e-06	0.0198713143509688	868.5624729011574	0.02007140405140405	851.3029949686837	121989.37027909872	34194.59450632173
4.35e-05	-0.02505983763348664	-0.003845621421902392	0.013383934333349515	0.00023437107770354969	1.08498151998657e-05	0.021585746998602013	975.2976285576227	0.02182212705236487	954.2451006992413	116578.24851061765	38396.67032828429
4.4e-05	-0.025454238296896598	-0.004238720146569125	0.014481841011609292	0.0002524096605019027	1.2801596635616507e-05	0.023427874955562124	1074.992375360555	0.02370667062038212	1049.807588412425	109554.08113618303	42321.5710092335
4.45e-05	-0.025708947143280095	-0.004536814485472489	0.01545944824007584	0.0002709299845655126	1.487933324337476e-05	0.025390810498184434	1150.5928232265544	0.025718719618809744	1121.3783388914378	102336.29035220046	45297.89883817984
4.4999999999999996e-05	-0.025656664007060747	-0.004805035592443271	0.016445404320250784	0.0002897868635678466	1.7074637760210544e-05	0.027467543118257304	1218.6170463255341	0.02785182936086149	1185.144630060944	91969.97382225274	47975.95689162959
4.5499999999999995e-05	-0.02537253722584738	-0.005065419399336586	0.017309065254502067	0.0003088291807399764	1.9375330228950525e-05	0.02963723189025258	1284.6536322285294	0.03008528965868521	1246.5800546315172	80509.86850181037	50575.76329357136
4.6e-05	-0.024979548863301223	-0.005278877388863051	0.017956280381772754	0.0003279544305346998	2.177072002630403e-05	0.03187391604497556	1338.789244693173	0.032392948167964494	1296.1167887059066	70123.93965157265	52707.038100318074
4.65e-05	-0.02465649711912548	-0.005491194371671235	0.01839798425450936	0.0003470857097170683	2.4259853954775175e-05	0.03415294753490209	1392.6354836016546	0.03474978808673255	1345.0728769949644	62488.22461809412	54826.920506722236
4.7e-05	-0.02431835954782566	-0.005700366626389798	0.01864457882899894	0.00036611862113020187	2.681304314040856e-05	0.03645671398114027	1445.68418018556	0.037137866325890216	1392.979285521476	56649.95689253132	56915.40432380049
4.7499999999999996e-05	-0.023812186096874393	-0.005779197483748873	0.018800017391652008	0.00038486115388775634	2.938062827447792e-05	0.03875954538032718	1465.6766702943332	0.03953068838618052	1408.867708879173	50044.0808624797	57702.49231547676
4.8e-05	-0.02302796663639078	-0.005765093209882531	0.01862938090850641	0.0004031562087369681	3.194031124516611e-05	0.04103973211811049	1462.0996502642217	0.04190563573707169	1402.095472287395	43917.75153486736	57561.66796111328
4.85e-05	-0.022168309072302404	-0.005743668040160039	0.018431959160664813	0.000420935511320037	3.4481983852142467e-05	0.04327901564052146	1456.6659595990977	0.04424348243228397	1393.6228907505931	37305.64713707384	57347.74800168183
4.9e-05	-0.02137388472886413	-0.005684115612906842	0.01796455466874389	0.0004381102924012302	3.700745656788431e-05	0.045461667885054416	1441.5627201735797	0.04652747725659726	1376.0268745535727	34040.51205175265	56753.14581243176
4.95e-05	-0.02037074419123305	-0.005670830629187819	0.017511494615717497	0.0004545798698566945	3.9557672661141165e-05	0.04757719121763367	1438.1934823586466	0.048746215913686136	1369.7682760405148	28548.22440713563	56620.501674017425
4.9999999999999996e-05	-0.019294261029958862	-0.0057953659621105685	0.016873465332434407	0.0004702783984681847	4.215248599582603e-05	0.04960264920158543	1469.7771983686087	0.05087511783722216	1396.8723555934416	24170.47445195314	57863.92675356997
5.05e-05	-0.018367870058813286	-0.005871347259521561	0.016047604637487747	0.00048525267352187676	4.4766954478874055e-05	0.05153888299374694	1489.0470044804686	0.05291448464213117	1412.3031851443602	23166.728256023223	58622.56326708356
5.1e-05	-0.01748811444088271	-0.005883738785009577	0.01542324721672492	0.0004996056092201318	4.738066837274383e-05	0.05339879903023423	1492.1896501277602	0.05487739279141359	1412.5085148855924	20616.700756374797	58746.28665709747
5.15e-05	-0.016814666277340216	-0.005867954500811274	0.014807163120356563	0.0005134233218999335	5.0028243091590026e-05	0.055183793105595076	1488.1865584923203	0.056764860462869195	1406.0627793459525	20043.9482843217	58588.68821194673
5.2e-05	-0.016299417317628417	-0.006035982697574384	0.014205492445176753	0.0005268085284938742	5.2754044215105125e-05	0.056902307207882426	1530.8006080450211	0.058585403843818086	1443.69452157203	20906.827323618414	60266.36850575413
5.2499999999999995e-05	-0.015950588546707577	-0.0062196734539368016	0.013726621404610373	0.0005398081061456462	5.553876516020638e-05	0.058555454175302064	1577.386878354384	0.060339832434039356	1485.022273282181	22205.236503441316	62100.43188345183
5.3e-05	-0.01562801936353648	-0.006300896035395805	0.013143038403787293	0.0005524187159275312	5.8347955685924504e-05	0.06013218205238335	1597.9859395701149	0.06201603281055793	1501.895558134736	24811.333258163548	62911.40008373577
5.35e-05	-0.01544381275025219	-0.0063296927666538815	0.012484532830075909	0.0005647461534173492	6.116591053326131e-05	0.06163391649117553	1605.2891503194248	0.06361512518945105	1506.3488928844472	29546.979028401147	63198.9215205447
5.4e-05	-0.015573746078818432	-0.006340301886113669	0.011924121867990434	0.0005769394616998985	6.402855691712265e-05	0.06307828815372234	1607.9797555337823	0.0651555521593685	1506.5511451688703	36439.73295113502	63304.848448258075
5.4499999999999997e-05	-0.015773099537403915	-0.0065306333634575905	0.011552178772176059	0.0005891074527451404	6.695863992568103e-05	0.06447673840650774	1656.2501956338292	0.06664926816452664	1549.4605850342195	42143.852793520506	65205.216213802356
5.4999999999999995e-05	-0.01620630573770245	-0.006643508190189007	0.011177731690632525	0.0006012694645993486	6.992655198475472e-05	0.06582369302458431	1684.8766616213584	0.06809009306895568	1573.9718574625076	50207.88026794253	66332.21677753034
5.55e-05	-0.016583207734852206	-0.006700719079416035	0.010715187135307828	0.0006134543289108968	7.293872377620282e-05	0.0671220598388966	1699.3860577551025	0.06948091181522165	1585.3197650970778	58589.34817583439	66903.4398418515
5.6e-05	-0.017098782986891867	-0.006842507323566546	0.010388002898388054	0.0006257652523700885	7.595120681419662e-05	0.06839168228144385	1735.3453275599118	0.07084281258914274	1616.6621412688462	67003.89415254186	68319.12689728201
5.65e-05	-0.017617191415070912	-0.0067021184957599894	0.010247986392751639	0.0006382240985743696	7.893056625318795e-05	0.069650751540304	1699.7409672201497	0.07219522735265448	1581.352731429423	73577.94873202986	66917.41233735112
5.6999999999999996e-05	-0.017935395977491886	-0.006693578101851585	0.01021647522350131	0.0006508706502144183	8.191325607174218e-05	0.07091077021966903	1697.5750166462383	0.07355049550158459	1577.198664710186	77069.69120598225	66832.14063392575
5.7499999999999995e-05	-0.01844571479705242	-0.006717092437338041	0.010263417934220047	0.0006638351154021269	8.490179676994357e-05	0.07218909407933913	1703.5385458450394	0.07492733213058131	1580.5616414912513	81696.27758493998	67066.91990328387
5.8e-05	-0.019067262416784917	-0.006719884631891597	0.010514001080077592	0.0006771815104223446	8.787751234518731e-05	0.07350307450902377	1704.2466812613457	0.07634455167455849	1578.9793104668365	85400.17847486057	67094.79861572153
5.85e-05	-0.019583385837193705	-0.006659428547000196	0.010842967076012925	0.0006908767831997335	9.083203243417756e-05	0.0748548679726662	1688.9142629711193	0.07780465428813979	1562.4908087992635	87268.85485732234	66491.17384192215
5.9e-05	-0.02002127542352876	-0.006624586193114854	0.011128600615867974	0.0007049392856310532	9.376992600221595e-05	0.07625416184311755	1680.0778068071818	0.07931831210808046	1551.964881817877	88789.05785725484	66143.28978657094
5.9499999999999996e-05	-0.02046245693533255	-0.006584672937713775	0.011615021706889632	0.000719405605660673	9.670150416065274e-05	0.0777126157366493	1669.9553066778192	0.0808984073948417	1540.1787116325875	88337.36253458852	65744.7752316448
5.9999999999999995e-05	-0.02087534078297831	-0.006596191058977813	0.012090166481308487	0.0007342425077983255	9.965559462594197e-05	0.07923105120075026	1672.876446104148	0.08254614412476394	1540.3326867503413	87715.71728734071	65859.77810282125
6.05e-05	-0.021153736852110975	-0.006685892021373323	0.012589940711509902	0.0007494107359845344	0.0001026563033451986	0.08081016384046504	1695.6257306295083	0.08426260977641792	1558.6019375252295	85505.3633975827	66755.39883699284
6.1e-05	-0.021378812797960008	-0.006805794498524357	0.013076391601645523	0.0007649056716358945	0.00010570731999056396	0.0824514599606097	1726.0344965463935	0.08604979577772984	1583.7204323637675	82895.66096803852	67952.56709190532
6.149999999999999e-05	-0.02161196000636292	-0.006912084841812776	0.013600648771823202	0.0007806815118749368	0.00010880215466900554	0.08415230167932751	1752.9910552854722	0.08790519634097063	1605.4728231599263	79989.06876739081	69013.82477241478
6.2e-05	-0.021673973769951727	-0.0070028076782399605	0.014044224473301128	0.0007965455032046014	0.00011192250407267176	0.08589165991651082	1775.9994998295747	0.08980618054439364	1623.4559547783194	76179.35732374535	69919.64842466035
6.25e-05	-0.021382268280167538	-0.007026803298877335	0.0142266824933066	0.0008123167078171081	0.00011505357095572112	0.08765284555103935	1782.0850889544197	0.09173470952925458	1625.8802598934876	71445.06396262471	70159.23309352255
6.3e-05	-0.020902014512002378	-0.007050995251793109	0.01439899918645578	0.0008279257596924949	0.00011818838864895937	0.08942023847795391	1788.2204703974685	0.09367378175997683	1628.3173694833679	64929.46346010101	70400.7780452471
6.35e-05	-0.02055231143728445	-0.0070436675666216255	0.014327573604642352	0.0008433429500098949	0.00012132242833944807	0.0911790631233375	1786.3620779072817	0.09560719334415087	1623.4832572446373	62150.99725591863	70327.61465214854
6.4e-05	-0.020178638755212062	-0.007047497221764021	0.014259733401611735	0.000858457865487761	0.00012448433139425566	0.09291026787734602	1787.3333262879205	0.0975139008799905	1621.271708156402	59097.40783950655	70365.85190689653
6.45e-05	-0.01964215721989862	-0.0071689458964934285	0.013878649764343323	0.0008731049156833916	0.0001276897030721651	0.09457594748899052	1818.134227224358	0.09935187871461705	1646.1824600224506	57545.834970955286	71578.45819695751
6.5e-05	-0.019140060707480634	-0.007242939396000482	0.013194711162865375	0.0008872824933390009	0.00013090947953640604	0.09617686144263106	1836.8999029580366	0.10112158091933689	1660.2326355072591	59361.440299570226	72317.24750960985
6.549999999999999e-05	-0.018584008286013195	-0.007233712216637483	0.012825971912869582	0.0009011235628213179	0.00013410086262650908	0.09773731320348222	1834.5597750141487	0.10284957427074116	1655.254831693081	57491.208858643775	72225.1185855189
6.599999999999999e-05	-0.01828472189202689	-0.007115278053647515	0.012537053146500922	0.0009147389682953566	0.0001372697849658733	0.09926735602734418	1804.523391909339	0.10454679795738478	1625.393125905004	57387.693110199616	71042.61073749403
6.65e-05	-0.018063641284752963	-0.007132724937856909	0.012331715922241184	0.0009281801835856403	0.00014047469286092805	0.10077174451382057	1808.94813967526	0.10621837742027507	1626.657279905154	57230.50304359427	71216.80943979698
6.7e-05	-0.01791851022260798	-0.007277075109625065	0.012120076718061985	0.0009414691724048003	0.00014370403574139325	0.10225145106483893	1845.557146325146	0.1078652622123543	1656.8462500903167	57894.55468146225	72658.0761036568
6.75e-05	-0.01778037705464454	-0.007242588704759957	0.011930544567098609	0.0009546230290020459	0.0001469119333714843	0.10371259163598825	1836.8109632789274	0.10949414917894111	1646.3105379318738	58407.74867248213	72313.7460271517
6.8e-05	-0.01761269803029791	-0.007180653689734489	0.011818311918608432	0.0009677198902884983	0.0001500907269540525	0.1051616892626545	1821.1034698332676	0.11111223542200235	1629.5931526235197	57854.143420926936	71695.3548511077
6.85e-05	-0.017719858352374898	-0.007111732056422621	0.011734802852823216	0.0009808227211738165	0.00015329512882670857	0.10660535682772239	1803.624082719772	0.11272686608357506	1611.3480937983572	59757.88505959796	71007.20566988809
6.9e-05	-0.017727796621704334	-0.007295792830017833	0.01173005363863574	0.0009939461123281276	0.00015655996387169518	0.10804457118995978	1850.3041940212868	0.11433911535230352	1650.3888708072727	59884.56344741842	72844.96349073158
6.95e-05	-0.01788468151526493	-0.007383449671416116	0.01166242208603628	0.0010070820867829277	0.00015984560994336978	0.10947269402452285	1872.535063928472	0.11594151307798463	1667.5436058248401	62126.25159627969	73720.17466519076
7e-05	-0.01796465096351776	-0.00738936267451153	0.01154977591303863	0.001020182294242811	0.00016316946212546215	0.11089041265292139	1874.0346753732613	0.11753478070872976	1666.2221968952367	64049.425434221776	73779.21314183634
7.049999999999999e-05	-0.017892973392447737	-0.007555230711539475	0.011493315838541613	0.0010333388160212835	0.0001665010975032544	0.11230943177299336	1916.1008814343968	0.11913205591980412	1700.904680220768	63897.48608943663	75435.32528524412
7.099999999999999e-05	-0.018196711798880282	-0.007424357219577493	0.0115709136397728	0.0010466310557990296	0.00016980698312675453	0.11374017739841846	1882.9097291216362	0.12074511786680305	1668.7472425061333	66155.39068095513	74128.61675253324
7.15e-05	-0.018312585711063426	-0.007439455524615915	0.011683914264325157	0.0010600518605502498	0.0001731421081014807	0.11518581948026034	1886.7388478735097	0.12237762153447054	1669.4132875359574	66184.07906855599	74279.36602748121
7.2e-05	-0.018532639670000968	-0.007555822215915341	0.011813035316888465	0.001073655920349502	0.00017652056425335484	0.11665530671901861	1916.2508943326445	0.12403978843457986	1692.7100585036762	67092.0001676425	75441.23117041225
7.25e-05	-0.018748960293648816	-0.007634279718936215	0.012071484920200617	0.0010874726996144516	0.00017990654191493556	0.11815397290477214	1936.148697117651	0.12573781066928047	1707.3850364188022	66671.36267737256	76224.59139955894
7.3e-05	-0.019014797668031647	-0.007589640177140951	0.012287299489875954	0.0011014572063188478	0.0001832702946914853	0.1196660541389348	1924.8275517223037	0.12745395956267294	1694.4910337097892	67170.81619360029	75778.88716040622
7.35e-05	-0.01928504741501293	-0.007534352931689546	0.012289528321162802	0.0011155965357414618	0.00018660436041840277	0.12118702361482683	1910.8060156784454	0.129183172552964	1679.2411219330686	69846.87543395918	75226.87074899711
7.4e-05	-0.01956644010940246	-0.007456162254152605	0.01243176579339872	0.0011299018193622308	0.00018991880093504465	0.1227223991149526	1890.9758831691024	0.13093180204989988	1658.9107861180737	71236.27303796157	74446.1746432827
7.45e-05	-0.019797054781209727	-0.007446114715422126	0.012523678688904149	0.001144385325249345	0.0001932227328320283	0.12427092798555638	1888.427701842447	0.1326985144045359	1653.7510389008546	72621.14320439998	74345.85482759631
7.5e-05	-0.02015396694118046	-0.007408913748732492	0.012645555974818368	0.0011590373005115433	0.00019654943205389295	0.12583054154719645	1878.993072009721	0.13448103373059078	1642.5583561953074	74967.85276956914	73974.42116391323
7.549999999999999e-05	-0.020374354564491003	-0.007548480402641373	0.012703845294231074	0.0011738037885735328	0.0001999219176610636	0.12739789487982478	1914.3889187791924	0.13627560582685203	1670.4998005454595	76586.32595054606	75367.9267150421
7.599999999999999e-05	-0.020543036103832728	-0.0076147769681324156	0.012771355445493533	0.0011886618917613151	0.00020331486487462508	0.12897812822847846	1931.2025559033955	0.13808819134098443	1682.119665012922	77596.47333858845	76029.86586343538
7.65e-05	-0.020576924263372286	-0.007640479195241851	0.01291319247010038	0.0012035403648346862	0.00020670195105542137	0.1305693068762983	1937.7209617469123	0.1399166572506309	1684.714078851944	76518.65612010345	76286.49017268304
7.7e-05	-0.020456721524719824	-0.007588424787981731	0.012949256425196757	0.0012183625777103203	0.00021008445451271433	0.13216501325781926	1924.5193138500028	0.14175368983438072	1670.165193220088	74958.40874656012	75766.7520873589
7.75e-05	-0.020250376872733733	-0.007619874506583721	0.012986784635013633	0.0012331325137171058	0.00021346014488640843	0.1337622470266325	1932.4953553284051	0.14359586655964884	1674.000434231147	72523.45614739564	76080.76231993154
7.8e-05	-0.020196850402556966	-0.007557792028607264	0.012974082032204478	0.0012479031312579902	0.00021682558379280153	0.13535943993197422	1916.750463436403	0.14544139590349842	1657.3001942162994	72115.84957231465	75460.89879762835
7.85e-05	-0.02025410534388879	-0.007573782201020574	0.012986120454756245	0.0012626001821893242	0.00022022601524317954	0.1369472557502118	1920.8057708949348	0.1472794724432512	1657.7566917417034	72567.31464766043	75620.55293704767
7.9e-05	-0.0200184944863982	-0.00771512433845401	0.012821670210722563	0.001277036654444768	0.00022368127531402528	0.13849296166911926	1956.6519024639392	0.1490720531915993	1685.6693855361916	71856.8103323626	77031.7858326253
7.95e-05	-0.01976693943673088	-0.00782030081674704	0.01230168120533326	0.0012911582274962462	0.00022715634668716862	0.13998352918114979	1983.3259711268108	0.1508037378030409	1705.6930021718488	74536.99357766905	78081.92210977076
7.999999999999999e-05	-0.01949885513556481	-0.007804199255467682	0.011925470257325552	0.0013049506580229125	0.0002306220606263154	0.14142274538356422	1979.2424140604824	0.15247861478828334	1699.3325180844556	75616.58586120361	77921.1558063866
8.049999999999999e-05	-0.019121705616496388	-0.0077782282339261205	0.01146703537692656	0.0013184285398183887	0.0002340836498966018	0.14281681789523432	1972.6558385914461	0.15410363514498335	1690.927408921361	76428.18088814765	77661.84771471107
8.099999999999999e-05	-0.01881834102583463	-0.007785654056826626	0.011191720846836124	0.0013316618461813436	0.00023756763945120276	0.14417986404272173	1974.5391200355587	0.1556950464642554	1689.8503381617963	76148.11459708963	77735.99096557892
8.15e-05	-0.01852634514080668	-0.007878943645584705	0.010962743945426205	0.001344676097953752	0.00024106992398241592	0.14551026843252937	1998.1985250322841	0.15725079338872336	1707.4401212733524	75518.9005188073	78667.4423986826
8.2e-05	-0.01836398253753995	-0.007867911320838259	0.010661173386938014	0.0013575099677890976	0.00024456725578758415	0.14680888323695732	1995.4005896709386	0.15877170410927613	1702.4580574909821	76908.82463699282	78557.28997082496
8.25e-05	-0.018232014444100532	-0.00785667536383246	0.010446047389441373	0.0013702855136908045	0.000248040061167802	0.14809778802842272	1992.5510106250351	0.16028353342118634	1697.4586134176693	77739.11609758511	78445.10437332508
8.3e-05	-0.01825957149060797	-0.0077576364265236975	0.010503350307574327	0.0013831641496180888	0.0002515029565633652	0.149399831521543	1967.4334990202865	0.1618130980924883	1673.499265736816	77442.11795316884	77456.24847506899
8.35e-05	-0.018481972621156275	-0.007812118421161254	0.010659599149053775	0.0013962410292689962	0.00025500248752593634	0.15072737758888416	1981.250813399301	0.16337503419070834	1682.6220739497805	78102.6165712522	78000.22484648487
8.4e-05	-0.01873639858842062	-0.007922356041718924	0.0109178600317907	0.0014095823761029573	0.00025851284488725176	0.15208862449901012	2009.2084509596161	0.16497915867420443	1703.6307013213814	78064.32679465097	79100.89418180218
8.45e-05	-0.019123299703457216	-0.007860795714315466	0.011207360599626305	0.0014231514322452974	0.00026204394580825805	0.15348769449745403	1993.5959829751514	0.1666305405948835	1687.6035317889098	79036.8241599327	78486.24408048189
8.499999999999999e-05	-0.019145454634677858	-0.008015622543348888	0.011532622987556666	0.0014369717320436113	0.0002655994153208553	0.154934073953259	2032.8620007722684	0.16834063567806026	1717.9024092078478	76010.442773808	80032.11510109554
8.549999999999999e-05	-0.019483982047842262	-0.007970360963540493	0.011976311606442207	0.001451179749562406	0.0002691472295792816	0.15644272742160703	2021.3830987668644	0.17012748057155766	1705.1524136318365	74960.45898590777	79580.20011317128
8.599999999999999e-05	-0.01987651858866462	-0.00798120324472067	0.01254480252447189	0.001465777607390527	0.00027273326785572376	0.15801326420916884	2024.1328367059543	0.17199101808143374	1704.292999985082	73203.63961310896	79688.45504791623
8.65e-05	-0.020230939704743132	-0.008142222519208854	0.012982140953655468	0.001480726022851098	0.0002763839456655103	0.15963819382288844	2064.9693360207275	0.1739227582392972	1735.3213609187294	72375.75033683499	81296.1546420078
8.7e-05	-0.020568602579500214	-0.00827183335989313	0.013428884075405868	0.0014960020517168348	0.00028005273036396997	0.16131370692734084	2097.840264197584	0.1759185481888007	1759.4298746384397	71286.63681690396	82590.2562122721
8.75e-05	-0.020881778201829033	-0.008223634108498008	0.013804306928428597	0.0015115182327094176	0.0002836847993317044	0.1630263384686176	2085.6163319830966	0.17796267669222188	1745.6059379295436	70665.12831838403	82109.00999408012
8.8e-05	-0.021045056764852584	-0.008106753315264188	0.014032193877708238	0.0015271537347275959	0.00028727328440534644	0.1647623781894845	2055.9739028517115	0.18003901759705943	1717.2267531223474	70020.04482332425	80942.0117919307
8.85e-05	-0.021037797237110203	-0.008027673656676067	0.014184775111061946	0.001542795728934274	0.0002908548438755299	0.16651372222329566	2035.9183136434563	0.1821380403020909	1696.9099770961093	68424.11211557672	80152.43964029149
8.9e-05	-0.02082549589507538	-0.008075614647847158	0.014280944709012675	0.0015583198913216374	0.0002944827858252402	0.168263256363121	2048.0767478391804	0.1842393021283499	1703.4606849661693	65344.178942481914	80631.10725502954
8.95e-05	-0.020537423108641838	-0.00823621701504199	0.014155357741253493	0.0015736314160466635	0.0002981860010617132	0.16998624554059386	2088.8075142567372	0.18631300669096276	1733.738967251254	63721.83661384613	82234.64423139459
8.999999999999999e-05	-0.02030089385384976	-0.008414055890680025	0.013849492380759413	0.0015886753272950787	0.0003019572431853539	0.17165724516121464	2133.909674518089	0.1883282551333541	1767.6086183674497	64414.12410146101	84010.27940976543
9.049999999999999e-05	-0.020179207986360796	-0.00854207723756249	0.01331033807044644	0.001603427399144761	0.000305743062370791	0.17326076156665526	2166.377487212313	0.19026594391696422	1791.0292739370507	68582.34463411194	85288.51065302631
9.099999999999999e-05	-0.020085583331535505	-0.008479596790027032	0.012752644326470688	0.0016178302848142098	0.0003094691135929747	0.1747841734751179	2150.531665269079	0.19211031895189018	1774.6527656229541	73215.85008635759	84664.67359711666
9.15e-05	-0.019911198578855732	-0.008273350513447367	0.012008348213923088	0.0016318362923978158	0.00031312429341048777	0.17622799862377914	2098.2250332898243	0.19386148471939776	1728.4590350108463	78906.13943115844	82605.404256884
9.2e-05	-0.01959472805278524	-0.0081609471427277	0.011459069584925874	0.0016454661244346205	0.00031675907009327066	0.1776083695265313	2069.718134435869	0.19553856128648905	1702.1188711992202	81230.61576336292	81483.11095345841
9.25e-05	-0.019251213252625847	-0.00818161461917812	0.010976985585810218	0.001658798855413	0.0003204103897239222	0.17894036538165944	2074.9596646227888	0.19715953560447308	1703.6656240829814	82614.16220911419	81689.46571195459
9.3e-05	-0.019045182907262995	-0.008235326993503229	0.010672798854924451	0.0016718763995263674	0.0003241264227190282	0.18023249168998934	2088.5817936771778	0.19873450537626794	1712.1514929043929	83594.20625455091	82225.7577967044
9.35e-05	-0.018751875936684	-0.0084725766913257	0.0103289602255143	0.0016846324071657997	0.0003279320116350836	0.1814739956564439	2148.75128054981	0.20025011194434233	1758.8087999965353	84098.74043314446	84594.58130618758
9.4e-05	-0.01842229877839303	-0.008637985340078721	0.009850001407570278	0.001697177870979358	0.000331757721676289	0.1826829492228284	2190.7009800061687	0.20172819235395403	1790.4972641133015	85590.24407053392	86246.10667980973
9.449999999999999e-05	-0.01833429837088697	-0.008563044623521055	0.009799897659543616	0.001709748392526121	0.00033553215267876664	0.18390139674080372	2171.6950781966916	0.2032200939908254	1772.317320021191	85211.86425075075	85497.85986293855
9.499999999999999e-05	-0.0183806512281013	-0.0084074262354521	0.010004312702639438	0.0017224815085526675	0.00033927449858404637	0.18514640249480815	2132.2283111407364	0.2047468168405216	1737.4539100354486	83633.68975648205	83944.08550811742
9.549999999999999e-05	-0.01863368217722528	-0.008418784679003125	0.010231565733391882	0.001735491206689272	0.00034304921655418463	0.1864325946137172	2135.1089543044986	0.20632649725988217	1737.0550521705304	83891.06980638091	84057.49407454241
9.6e-05	-0.018954782040906257	-0.008552976434399737	0.010673741153672431	0.0017488392391653966	0.0003468472941034738	0.18776251494762503	2169.1416596729737	0.2079625123049367	1761.8581663751108	82682.1889204232	85397.33386308524
9.65e-05	-0.019444146983010238	-0.008523813240129215	0.01094230850714596	0.001762487270388511	0.0003506093323131782	0.1891232604530442	2161.745509326189	0.20963922217980713	1752.9091503326938	84886.74607512348	85106.15347030206
9.7e-05	-0.01980260508941723	-0.008390937557070214	0.011174762471419152	0.0017763738292270615	0.00035431948576658144	0.19051595571361235	2128.0465763416964	0.21135821663759435	1722.6197490468774	86144.83650439836	83779.45402765693
9.75e-05	-0.01999730699846021	-0.008290530728339598	0.01146160840530019	0.0017905380643768272	0.00035803764471683234	0.1919513337711322	2102.582150385925	0.2131329917935522	1698.9887022559717	85224.82297309292	82776.94039500435
9.8e-05	-0.020357333141472995	-0.00842693160514686	0.01186851339397166	0.0018049993676988638	0.0003618425533870797	0.19342680539319887	2137.1751165384526	0.2149606296678567	1723.7881611805822	84756.76036769048	84138.83719260084
9.85e-05	-0.020681308547657856	-0.008680571927730186	0.01211327486999532	0.0018197093698923816	0.0003657027427294548	0.19492806874327873	2201.501470587036	0.21682364995713585	1772.3670405900168	85547.67315605923	86671.31316455285
9.9e-05	-0.02105631519087957	-0.00867548272047878	0.01228772292055518	0.0018345439593469926	0.0003695690429731825	0.19644402864840427	2200.2107840583863	0.2187084368011845	1767.9925137622927	87550.15372268048	86620.4998910591
9.949999999999999e-05	-0.021002601086382692	-0.008708047558695134	0.012352147421689443	0.0018493683692970408	0.0003733948074472706	0.19796525181206892	2208.469633800039	0.22060334513658655	1771.2693866255067	86370.59687196527	86945.6440537595
9.999999999999999e-05	-0.02092499931910181	-0.008493227144217417	0.012373270043234805	0.0018641729814064159	0.00037716016650461573	0.19948253873276212	2153.988493349599	0.22249693383231361	1724.305400295064	85384.88158820564	84800.76609268192
0.00010049999999999999	-0.020977564981127062	-0.008436454737449209	0.012288169135638473	0.0018788903580721418	0.00038093084887410965	0.20098426962930985	2139.5903018445315	0.22437464583683134	1709.5663077223537	86759.41571652108	84233.9210636817
0.000101	-0.020785616280395183	-0.008517161642856675	0.012120427988052261	0.0018934013161556636	0.00038473563313093763	0.20245856235021556	2160.058581172242	0.2262214862375157	1722.7362262358636	86517.7150040446	85039.74048794877
0.0001015	-0.020495442930178666	-0.008589782506551439	0.011842198837901571	0.0019076541545913308	0.0003885413621812575	0.2039045666552753	2178.476139318221	0.22803620918753306	1734.2749061616823	86398.4579420648	85764.82469576028
0.000102	-0.020084857121752616	-0.008521409591861692	0.011660638190000044	0.0019215674397681474	0.0003923319780765104	0.20531092853290353	2161.1359141013836	0.22980434590217622	1717.4310928914233	84111.75246048564	85082.15420464695
0.0001025	-0.0196130887294796	-0.008521831242511442	0.011197864994598322	0.001935111378524093	0.0003961308308243113	0.2066684636095821	2161.242849973032	0.23151406604138672	1714.582110681911	84021.93976939801	85086.36418249343
0.000103	-0.01921782742283419	-0.00855844385372608	0.010867024822945319	0.001948340594034822	0.0003999663394751944	0.20798546578313953	2170.528265508104	0.23317553605217914	1719.0899332109313	83378.72588765988	85451.92340126091
0.0001035	-0.01885684788193037	-0.008686642292086422	0.010539057677780019	0.001961309889115995	0.00040383946995588694	0.20926608080729758	2203.0409908131815	0.23479375314896894	1742.0192368078813	83049.11307951929	86731.92281729492
0.000104	-0.018640605569409392	-0.0087275978708541	0.010275601105013901	0.0019740758682814915	0.00040772326255740363	0.21050774007439585	2213.4278371680575	0.23636524910194004	1747.484145348052	83520.52463737609	87140.84446701588
0.00010449999999999999	-0.018575878587630074	-0.008734580964332005	0.009905884729213488	0.001986693958183526	0.00041161083727891604	0.2117113883663484	2215.1988369004307	0.23789099776216005	1746.2160156327204	86565.69625753468	87210.5672786831
0.00010499999999999999	-0.01859348759376783	-0.008744602912707969	0.009657784303919116	0.0019993002534631783	0.00041551762520220973	0.21290192753068313	2217.74052819353	0.2394024227386282	1745.579294978212	89218.6764452642	87310.63158705398
0.00010549999999999999	-0.01873591907341666	-0.00882096672174103	0.00969281365542656	0.002012034291369701	0.0004194264612803272	0.2141089738944783	2237.107344030728	0.24093713979649908	1758.1225861085072	90291.03475992141	88073.08729414851
0.000106	-0.018899537615908846	-0.008753811758154355	0.009926086422624865	0.0020249275093760107	0.0004233024197751895	0.2153423450987478	2220.0760064271544	0.24250776472870467	1741.9996329056682	89595.57100787846	87402.57745585302
0.0001065	-0.019023744786135482	-0.008673143627829252	0.010120688201366041	0.002037957360410752	0.0004271377802696638	0.21660120555197046	2199.6175609446736	0.2441133966231379	1723.1777454907724	88892.71488152466	86597.14518203346
0.000107	-0.019099569343831328	-0.008571276382076292	0.010340379562703181	0.0020511689012856446	0.00043093312447409253	0.21788319036872333	2173.782754989851	0.24575117666182988	1700.1520331641495	87456.2744146765	85580.04999160471
0.0001075	-0.01946479745123532	-0.008493223718402908	0.010496543339226026	0.0020646927278219315	0.00043473220314103504	0.21919810724139874	2153.9876245202477	0.2474338197588856	1681.8376142040127	89543.68066442525	84800.73188758061
0.000108	-0.019968391861316156	-0.00858806714794845	0.010875645426458188	0.0020784732056319173	0.0004386050472253421	0.2205251427739438	2178.0411029498223	0.2491348460063619	1697.7282777542946	90786.6763091859	85747.69766957965
0.0001085	-0.020421771987896842	-0.008824885329110155	0.01069351570432655	0.0020924656575030424	0.00044254606178501535	0.22185710409663134	2238.101151807175	0.2508451008422146	1741.5625115919001	97131.93484462272	88112.21269386711
0.00010899999999999999	-0.020841400537203954	-0.008894572966940907	0.010955707458463882	0.0021067244813449547	0.0004464964833304136	0.2232271800595319	2255.774807234883	0.25260735239515464	1752.224558166506	98703.86511504582	88808.01005980247
0.00010949999999999999	-0.020999923027844675	-0.008867180704760582	0.011313017440365315	0.0021211900521697466	0.0004504319648708767	0.22464454698324018	2248.827787387026	0.2544337057222345	1743.6408878461452	96719.06813949005	88534.51156759687
0.00010999999999999999	-0.021002319059612362	-0.00882740021475159	0.011724357828913899	0.0021357576362936235	0.0004543881843320058	0.22610281167542579	2238.73895821948	0.2563162458373083	1732.5537851587421	92635.95648411532	88137.32261091136
0.00011049999999999999	-0.020793854114867946	-0.008960421852394984	0.011977755148243414	0.0021502926944086636	0.000458364029321605	0.22757837610402937	2272.474907109705	0.25822473309726496	1755.3087580125234	88024.48511313755	89465.47933950457
0.000111	-0.020574892971798455	-0.008915639861674169	0.012005541559995454	0.0021646680968302116	0.0004623021183896953	0.2290417789905656	2261.1176348874965	0.26012109494224167	1743.227229285924	85560.83009425485	89018.3528167121
0.0001115	-0.020273684864657644	-0.008790664936637957	0.011780085791232572	0.002178809783948684	0.0004661842901859629	0.2304839173087593	2229.4224328265805	0.2619934257380602	1715.576417172686	84804.47962597213	87770.5386224736
0.000112	-0.01986969670837619	-0.008664226488014067	0.011659914868239387	0.002192773668810642	0.0004700459570038231	0.2319165293938116	2197.3560629028398	0.2638568660551849	1687.7528709519634	81970.7017928269	86508.11185290627
0.0001125	-0.01962909227351163	-0.008698471136221655	0.01162524980338015	0.0022066635690330405	0.0004739432842383494	0.23335356355589226	2206.0409334409096	0.26572955332797127	1691.2534202723064	79914.49676633287	86850.02810608865
0.000113	-0.0194651745790154	-0.00882456166474778	0.011731789727365907	0.002220483676620404	0.0004778559063644368	0.2347833313945319	2238.0190664819593	0.26759625832152556	1712.5694943288445	77214.10822692003	88108.9810617183
0.0001135	-0.019433397177788796	-0.008767239517828929	0.011507145579880484	0.002234157052846135	0.00048178580130149915	0.23617966584502068	2223.4814540078405	0.2694226821897883	1698.340347187668	79139.78942663762	87536.6471431435
0.00011399999999999999	-0.01934886026045711	-0.008902223101693037	0.011188375388798265	0.0022475650768727616	0.00048574628987884354	0.23753098326878072	2257.714976966465	0.27119340512126766	1721.437718546968	81478.49540036939	88884.39295604167
0.00011449999999999999	-0.018972020124110565	-0.008904793623476875	0.01077545492101875	0.0022606932607964893	0.0004897084025826956	0.23883328071276747	2258.366893399439	0.27290286589373164	1718.9937191957504	81838.74006290347	88910.05837306469
0.00011499999999999999	-0.018887405744398914	-0.008909525445159447	0.010391622162205828	0.0022735505065421017	0.0004937058526518007	0.24008354972108945	2259.5669424837	0.27454678558846696	1717.0820900997846	84826.29088969064	88957.3033244692
0.00011549999999999999	-0.01859948851207179	-0.009063676307215284	0.009929803327889165	0.002286166372561862	0.0004977482057647985	0.24129374724102862	2298.6615266117437	0.2761405952604807	1744.0088732168128	86562.61429456956	90496.42514167886
0.000116	-0.01845342991362775	-0.009111417014341289	0.009740314515588239	0.0022987475220786	0.0005017858172010871	0.24249699732139038	2310.7691662718703	0.27772777767431134	1750.414581948089	86996.24397903415	90973.09301707507
0.0001165	-0.0185563185275821	-0.009042356938451642	0.009816882128707991	0.00231144115299569	0.0005057854320635359	0.2437065564423539	2293.2546683913533	0.2793258252604062	1734.3734701123442	87259.0464447164	90283.56155366095
0.000117	-0.01885662014605184	-0.008940578085595115	0.009842859406047318	0.00232427834404615	0.0005097589364086439	0.24491182678491008	2267.4422799791882	0.2809207508366822	1712.1188490601437	89998.04234000076	89267.34892356026
0.0001175	-0.019271497084898052	-0.008924959700734526	0.009747173857713697	0.0023372310082784833	0.0005137130577679975	0.24610303011449378	2263.4812624880547	0.2824995650251032	1706.4316651823647	95095.76188945532	89111.40690307513
0.000118	-0.019604447017182627	-0.008853428951145634	0.009614219206149254	0.0023502445580863233	0.0005176605730394525	0.24727726003393824	2245.3401708960273	0.2840583262035507	1690.118605592723	99747.59386870344	88397.20695748064
0.0001185	-0.01982112852038035	-0.00889525762852773	0.00947129411730513	0.0023633207198194483	0.0005216303330442312	0.24844553515056877	2255.9484459654636	0.28561159756574034	1695.46812703548	103338.09180068085	88814.84607467537
0.00011899999999999999	-0.01998274790468013	-0.008953444979625226	0.009517431970053537	0.0023765003834886568	0.0005256358501610681	0.2496260787415543	2270.7054850266213	0.287183635014434	1703.8781788224867	104491.119051551	89395.81863860015
0.00011949999999999999	-0.02008708307914815	-0.009056027563859308	0.009670701513491442	0.0023898028997583367	0.0005296708778705407	0.2508344227139018	2296.7217097556068	0.2887952554286456	1720.6248455545738	104002.53303984477	90420.05613785742
0.00011999999999999999	-0.02008325621181107	-0.009086129522548109	0.0099692894300748	0.0024032057872427517	0.0005337148382002671	0.2520738093056294	2304.3559424850478	0.2904509814186967	1723.488162066778	100983.06765657566	90720.6096394129
0.00012049999999999999	-0.020033813151465234	-0.009096190113290402	0.010175257151159208	0.002416683336719566	0.0005377587212504684	0.25334630538422165	2306.9074339649324	0.29215379623451815	1722.4609587065215	98432.91450915141	90821.05977312587
0.000121	-0.019880799210447428	-0.009085782060922466	0.01050743919293027	0.0024301932801878215	0.0005418254387681598	0.2546594127997265	2304.2678218766137	0.29391400104300064	1717.4643314242105	93588.467239941	90717.14040309764
0.0001215	-0.019519379784359685	-0.009198857684871255	0.010835339302784193	0.0024436973301722284	0.0005459164710658889	0.2560100959376068	2332.945212546643	0.2957278140497272	1735.6876848653962	86705.94499746172	91846.1458299446
0.000122	-0.01924355876664503	-0.009195105364434974	0.011118181551101239	0.002457227071948021	0.0005500200293095595	0.25739680344054067	2331.9935772134686	0.2975934326975745	1731.74588479485	81127.96243054273	91808.68072484159
0.0001225	-0.019049367209526782	-0.009255176425481938	0.011420866453653372	0.0024706621025304626	0.0005541250647506405	0.258792761425783	2347.228348647382	0.29947501859835923	1739.7826426040456	76166.89124782325	92408.46122173447
0.00012299999999999998	-0.018667367423746223	-0.009201747090192404	0.011268535583496693	0.00248390439669909	0.0005582027108774847	0.26018071758375794	2333.678001827878	0.30134933555978444	1726.4999847028703	73873.75818286798	91874.99514488992
0.0001235	-0.018312851010031925	-0.009132029503786264	0.011290807613900868	0.002497074450912251	0.0005622451790360085	0.26158851930029203	2315.996751067362	0.30325404783783716	1710.1585902513636	70111.70776627566	91178.89875691112
0.000124	-0.01802000192994168	-0.009043581081629429	0.011591098197529749	0.0025101853928243202	0.0005662743246725285	0.2630202586513105	2293.5651263921095	0.3051948751642393	1690.311033614831	64189.49503968173	90295.7840313506
0.0001245	-0.017657998499072194	-0.009072129224437874	0.01167988136710713	0.0025232033205432776	0.0005703135762296137	0.26446147955339033	2300.8052920054547	0.30715236716916094	1692.3309203174217	59688.60881432781	90580.82343269615
0.000125	-0.01744768487404635	-0.009089018984809731	0.011745207938824819	0.002536114193068568	0.0005743691057549365	0.26589516512396244	2305.088746207098	0.3091034337598081	1692.1767934089742	56936.47473703501	90749.45952288131
0.0001255	-0.01729913709026007	-0.009145317682629791	0.011557404782663474	0.0025488803221054906	0.0005784204526615328	0.2673020873902769	2319.3667992057794	0.31102178672197883	1699.3952123543693	57328.420648068975	91311.5747970986
0.000126	-0.01723189520595117	-0.009070213233910785	0.011310206759301042	0.0025615070979847173	0.0005825109158891386	0.2686834571687913	2300.3193728749948	0.312908885832672	1682.2616111785953	59125.19567783029	90561.69319376996
0.00012649999999999998	-0.01708790306942278	-0.009321191181276445	0.011142083780976612	0.002574077872303164	0.0005866077641999277	0.2700604318428554	2363.9705153124364	0.3147935316128079	1725.5556170833822	59366.13046457488	93067.58663657834
0.000127	-0.01705153931157267	-0.009098921632082788	0.011238770302815405	0.002586671310151381	0.0005906837004780901	0.2714400712022903	2307.6001812503005	0.31668539345274543	1681.2250237453009	58037.68775900729	90848.33266742833
0.00012749999999999998	-0.0171464912331366	-0.009227167197249165	0.011185394624369419	0.0025992419562308974	0.0005948996548501216	0.27279549490355914	2340.1248585020526	0.3185475410109388	1701.7493395908639	59518.667120555794	92128.80262183219
0.000128	-0.017342656371596536	-0.009728466318466173	0.010845177652080307	0.002611650194290873	0.0005990886114441177	0.2740780382728071	2467.2605774098975	0.32031276066877795	1791.0386384455594	64874.18312614122	97134.0319414947
0.0001285	-0.01760084857122745	-0.00910578068757201	0.010000823762420716	0.002623646655983475	0.0006031643671377278	0.2752491694645476	2309.339723399375	0.3219273652197285	1673.695882522209	75882.57268604866	90916.81701975773
0.000129	-0.017302094897844678	-0.009219496203515204	0.009034323948729356	0.002635133703709794	0.0006072544238214727	0.27631264533207733	2338.179398672127	0.3233958104312595	1692.1108637640655	82549.69500505467	92052.21145874585
0.0001295	-0.017060229629434175	-0.00917008032271548	0.008251032609476166	0.0026462282326262477	0.0006113595989586034	0.27730787200736834	2325.646914043618	0.3247719732492298	1680.7267172696793	87955.57251314304	91558.81778425613
0.00013	-0.01664656288045178	-0.009287471289681092	0.007925025977167885	0.0026570086168741	0.0006154693276331673	0.2782743713451186	2355.4187296060063	0.3261102280270408	1699.966063370377	87080.32863663847	92730.90982442044
0.0001305	-0.016114706716320554	-0.009190553785937099	0.007784108735111531	0.0026675458453853285	0.0006195405133312938	0.279233613719876	2330.8392400522785	0.32744020768200155	1679.9905760523911	83176.99254018567	91763.23541447878
0.00013099999999999999	-0.01567124624475661	-0.009114175643789904	0.007807073895046267	0.0026777576158123076	0.0006235733956658212	0.28016207772144425	2311.468789158299	0.3287292002590831	1663.8828905994392	78519.95815211086	91000.63659817047
0.0001315	-0.015151653601069614	-0.009018335479300244	0.007283848060563005	0.0026874233528315977	0.0006275994569724785	0.2810105249039392	2287.162526296601	0.3299085596212754	1644.4457842413735	78556.23380536404	90043.71889973058
0.00013199999999999998	-0.014516753809423142	-0.009083507165649339	0.00650650912384277	0.002696474777428537	0.0006316480036278535	0.2817542765828726	2303.690880019451	0.3309435353108404	1654.6161226490092	79978.41979176682	90694.42667383244
0.0001325	-0.014091285851022935	-0.009119433354692084	0.005582164774315415	0.0027049468031326677	0.0006357232880356985	0.2823907549565711	2312.8022103175767	0.3318300850381693	1659.6882480807697	84959.45932300529	91053.13229913641
0.000133	-0.0136552617739566	-0.009203724557046641	0.00476292717076092	0.0027128809432737473	0.0006398240614777946	0.282939614436107	2334.1795121228083	0.33259522217441745	1673.7476609381208	88785.66108017832	91894.73919521553
0.0001335	-0.013096988893915243	-0.009234036300858459	0.004158038592351415	0.00272036044065504	0.0006439489628113677	0.28344620175655494	2341.8669489798895	0.33330194975462	1678.073657272328	89251.09628713093	92197.3872997817
0.000134	-0.012298188713678684	-0.009312207578441058	0.004075850609242037	0.0027275026089586523	0.0006480734271063171	0.2839585323238995	2361.6921614184853	0.3340171979498	1691.0695214612342	82096.07002021666	92977.88970633295
0.0001345	-0.01148695245730674	-0.009232071302367547	0.004251387274198914	0.002734322025343166	0.0006521551219780214	0.28447923582756834	2341.368600817642	0.33474465990017493	1675.2978504663763	72243.61955971408	92177.76774003476
0.000135	-0.01071095157973202	-0.009119909123293173	0.004211941322931673	0.002740661609060889	0.0006561919326570094	0.2849571865581614	2312.922871177677	0.3354128591411671	1653.8388770808613	64889.47478534064	91057.88261855801
0.0001355	-0.010024433104766303	-0.009030264491217218	0.003556498984741621	0.0027463910101632786	0.0006602236928925172	0.2853522891222174	2290.1878727249823	0.33596556976964703	1636.6775207229673	64579.1945866565	90162.82431538837
