time	incid	trans	refl	U_in	U_out	eng_strain	eng_stress	true_strain	true_stress	F_in	F_out
5e-07	-0.0010625483393999619	-0.00021625300477351187	0.00021052386767601234	5.225017468327464e-07	1.0854947693732004e-07	2.0319561284758007e-05	54.68986300171819	2.031976772986928e-05	54.68875172769527	8507.052349482525	2159.181682444918
1e-06	-0.0009637485238356264	-0.00027180353511616865	0.00011243420647289956	9.147909249768194e-07	2.1047965328577306e-07	4.0415900859148636e-05	68.73845805959739	4.04167176036529e-05	68.73567993289124	8499.961801584399	2713.8268661804486
1.5e-06	-0.00048063880299837924	-0.0001864915261092009	0.00020697599315853678	1.1424831306053686e-06	2.6888429840340435e-07	7.691382629889252e-05	47.16325687393554	7.691678431894399e-05	47.159629367388646	2732.390825234769	1862.0277092931585
2e-06	3.699286941956353e-05	-7.610549244718899e-05	0.0003731201784695431	1.2415881483141962e-06	2.851515682229267e-07	0.0001277952839513918	19.24689536672222	0.0001278034504644173	19.244435704263648	-4094.780470963784	759.8765408948816
2.4999999999999998e-06	0.0003261217549133228	2.965136126979966e-06	0.00043558712298518326	1.219766342184327e-06	2.9383075884582156e-07	0.0001735507901352012	0.7498757704468318	0.0001735658518161942	0.7497456289143676	-7605.294817691139	-29.60545042153793
3e-06	0.0004992284117948268	-4.198822369928577e-05	0.00029164856639538544	1.075880068490188e-06	3.1176240948211933e-07	0.00020786287240747098	10.618720439072971	0.00020788447888852077	10.616513201341213	-7896.524194723509	419.23211002246427
3.5e-06	0.000693062747217578	-3.863546616994843e-05	0.00025370592504255494	8.853405782392973e-07	3.3207642946042536e-07	0.0002409995761548483	9.770816151456353	0.0002410286212193782	9.768461388905164	-9453.027377805794	385.75644733464964
4e-06	0.000690307642443843	-5.269975332251193e-05	0.00027296715986915295	6.943681806311815e-07	3.5357798656830344e-07	0.00026988842838800056	13.327640429556446	0.00026992485482412853	13.324043453626793	-9617.833104762152	526.1815536968253
4.5e-06	0.0006274940348122471	-4.3974831027359106e-05	0.00018619078900791397	5.525962993567059e-07	3.7679443305186315e-07	0.0002978592162552903	11.12112863785999	0.0002979035851222708	11.117816107200042	-8124.249504491084	439.0674235593988
4.9999999999999996e-06	0.0004545022525589953	-6.041018177047268e-05	0.0002583754915064068	4.197998915791963e-07	3.759533604938288e-07	0.000333285908722245	15.277589175679832	0.0003333414608142529	15.27249737048833	-7117.73955890581	603.1664533335967
5.5e-06	0.0007056425787562287	6.419178417015471e-05	0.00030469455770650434	3.1695092327234974e-07	3.3146660115109696e-07	0.0003775201309130187	16.23394729603142	0.0003775914095775745	16.227818654122988	-10087.727754020969	-640.923924681728
6e-06	0.000459840003173266	0.0001358281002946581	0.0003983619212206909	3.4660918055616966e-07	2.635550875707859e-07	0.00043178264370184554	34.35059875666695	0.0004318758886695119	34.335766764323054	-8568.73122725451	-1356.177901087086
6.5e-06	0.00026925714895701357	0.00016951338334801773	0.000464083698700524	5.00228198358176e-07	1.9667098009057562e-07	0.0004919059964688424	42.8695255447214	0.0004920270219139364	42.84843776804018	-7322.053753237522	-1692.5091636883217
7e-06	-4.356343556252238e-06	0.00013120871123425425	0.0004915138139076916	8.168259028790659e-07	1.5310196287432756e-07	0.0005588124193646093	33.182366411735075	0.0005589686132160561	33.16382369328029	-4864.031774035587	-1310.0555350475638
7.499999999999999e-06	-0.0003557124178249336	6.468485167286672e-05	0.0005718934705211318	1.2324127001685928e-06	1.2580577185764929e-07	0.0006206660431105143	16.358642877497036	0.0006208587360151293	16.348489623351604	-2158.4632757457266	-645.8469652710584
8e-06	-0.0005297367356634544	5.804337250328814e-05	0.0004112048810704068	1.620992098091252e-06	8.540595038303883e-08	0.0006673114967419356	14.679028824071835	0.0006675342481606721	14.669233339376525	1183.483251442345	-579.5350072831801
8.5e-06	-0.0004760005317558897	0.00012360095815013947	0.0003301755878035115	1.9146941316383457e-06	2.6943232732628766e-08	0.000698093831290533	31.25838401733138	0.0006983376122503933	31.236562732272773	1455.991550985831	-1234.0957992696106
9e-06	-0.0003552799008640323	0.0001392571641923791	0.0001590772727432227	2.1300380386266905e-06	-2.8700206772820763e-08	0.0007187056049847917	35.21780074068983	0.0007189639976710213	35.19248950990226	1958.9883670272782	-1390.4154459648867
9.499999999999999e-06	-0.0002853397122753475	0.00011092501373070696	0.0001685252105881628	2.2847514652704264e-06	-5.299448223755208e-08	0.0007350754328431336	28.05266826581054	0.0007353457332580224	28.032047438542644	1166.3363131118638	-1107.5326237576974
9.999999999999999e-06	-0.00015009642763842617	-1.6939021953642638e-06	9.16560012594069e-05	2.3131753240923096e-06	-6.63270747567947e-08	0.0007439300034693615	0.4283837771401378	0.0007442068567092296	0.4280650895953237	583.4993982349743	16.912794325860574
1.05e-05	0.00016303211649136136	6.163946026063227e-05	4.907809416651878e-05	2.3233742965593234e-06	-1.008009273585394e-07	0.0007728600289383688	15.588470739097636	0.0007731588392194937	15.57642303315111	-2117.817886469084	-615.4402046340977
1.1e-05	0.0002509239576629764	9.336072667891213e-05	0.0004107342600282564	2.4346266593504944e-06	-1.631152812863867e-07	0.0008383162737595548	23.61070246010271	0.000838667857352844	23.590909223995514	-6606.337355517065	-932.1617108440976
1.15e-05	0.0002892251049962727	0.00018681499430634385	0.0006296239678005616	2.5436687068824064e-06	-2.1409574553833448e-07	0.000918825943020612	47.245061200334085	0.0009192483223259311	47.20165121242362	-9174.263677826273	-1865.2573828269713
1.2e-05	0.0005001202662860497	4.2401669714455126e-05	0.0006499926228598264	2.5752042726199538e-06	-2.1074847010742092e-07	0.0009950497971307163	10.723279938497729	0.0009955451878329816	10.71260974097035	-11483.32105530008	-423.3601685600484
1.2499999999999999e-05	0.0005695886367437315	-5.745157793108102e-05	0.0005615054396535915	2.6067616005260496e-06	-2.0956686824381794e-07	0.0010605866650984625	14.529365404999046	0.0010611494851170053	14.513955753798161	-11293.427406647503	573.6262246449078
1.3e-05	0.00033016400545771385	5.213889901867809e-05	0.0004801342083683126	2.702230275789367e-06	-2.2285879008332525e-07	0.0011137192525036469	13.185801729683947	0.0011143398986502317	13.171116448437902	-8090.435841311797	-520.5816946769393
1.35e-05	8.507956242400779e-05	7.623796892053328e-06	0.0003643524349431598	2.813712029070061e-06	-2.518156581795664e-07	0.0011562919573439039	1.9280398347111964	0.001156960978661582	1.9258104577568813	-4487.3611686281765	-76.11992544215651
1.4e-05	9.032830115232567e-05	0.0001225711082133294	0.00031229597167538694	2.9299440269239126e-06	-2.96638106773253e-07	0.0011888951808792674	30.99793745375434	0.0011896024774113736	30.961084155298373	-4020.008673210282	-1223.8132456396334
1.45e-05	-9.473275796234405e-05	7.895809107198438e-05	0.0002058980058651536	3.114548713287317e-06	-3.169678964241194e-07	0.0012112545604096646	19.968310674464846	0.0012119887221124558	19.944123967096722	-1109.9312457997098	-788.3583587751768
1.4999999999999999e-05	-0.000379901837720909	1.2448031496586455e-05	0.00014948083578918852	3.3278293495229516e-06	-3.247276458113247e-07	0.0012287171814489204	3.1480771233786475	0.0012294726733255367	3.144209026928626	2300.64228306397	-124.2875751857253
1.55e-05	-0.00030149343845251416	2.244109503985291e-05	0.0001280691753255047	3.4962436174706198e-06	-3.5033359662599023e-07	0.001251624381466842	5.675298776188017	0.0012524083174602137	5.668195433867631	1731.557407156139	-224.06348246954363
1.6e-05	-9.163930664934911e-05	9.268752748135292e-05	0.0002360166973100078	3.6681756455908406e-06	-3.944849261687867e-07	0.0012929124600900988	23.44045200774049	0.0012937489925247195	23.410145555269537	-1441.5384313396223	-925.4401423852971
1.6499999999999998e-05	-2.516512428980465e-05	0.00010582420869798434	0.0004202139255173734	3.913498203127788e-06	-4.574238733882871e-07	0.0013536097524887364	26.76268698332968	0.0013545267097313718	26.72646074922624	-3944.371252439906	-1056.603552025666
1.7e-05	-0.00011312630155098461	0.0001771597878254249	0.0005445057544208712	4.16787742894208e-06	-5.425414066748783e-07	0.0014173187520056304	44.803282783207386	0.0014183240982710982	44.739782250367334	-4307.115241220719	-1768.854814938226
1.75e-05	-1.8017494467002486e-05	0.00020554282808663807	0.0004680818453598345	4.340723496055806e-06	-6.190347606881014e-07	0.0014752103292256958	51.98128516557304	0.0014762995233087986	51.90460183677036	-4493.674912804236	-2052.245747185816
1.8e-05	0.00016099855455971117	0.00013838404044914736	0.00045204394015403926	4.421828702841223e-06	-6.62205857823941e-07	0.0015277791324417086	34.996989853225394	0.0015289473770118904	34.94352218242936	-6120.932869962126	-1381.697727592057
1.85e-05	0.00030986480426640247	5.572040745644393e-05	0.00038348194591377485	4.3764731859721795e-06	-6.810906760716108e-07	0.0015659195569067892	14.091556569974161	0.0015671468903737775	14.06949032595398	-6922.732029271307	-556.3413245717703
1.8999999999999998e-05	0.00050026312647271	2.9188882854787793e-05	0.0002227200217293067	4.231169150929946e-06	-7.073577191811296e-07	0.0015886549341848394	7.381798029458294	0.0015899181845246265	7.37007089959564	-7218.637132691357	-291.43688087522906
1.95e-05	0.0005144029631586603	8.891212080612662e-05	0.0001386349090130113	3.9999198162305254e-06	-7.608697731554903e-07	0.0016027828376441306	22.48566077115098	0.001604068668178211	22.44962113997389	-6520.267373915301	-887.7445323498828
1.9999999999999998e-05	0.0007498807666192687	0.00015168699253826216	8.591327040053809e-05	3.7503719552120455e-06	-8.240108416756739e-07	0.0016187607960085192	38.36127433118711	0.0016200724049110333	38.29917660421486	-8344.999307269278	-1514.5212714930628
2.05e-05	0.0006260808658606903	0.00013220577503990176	0.00016803958763016982	3.605714721989434e-06	-8.894538823717e-07	0.0016491991545109464	33.43452144186724	0.00165056058048412	33.379381257373836	-7928.908727201826	-1320.0107350117803
2.1e-05	0.0005081078870013986	0.00016203704310288172	0.0003157461351241862	3.5901676710455273e-06	-9.585029115204497e-07	0.0016985711634439498	40.97877714014338	0.0017000153710672488	40.90917177097993	-8225.784032204201	-1617.861521562238
2.1499999999999997e-05	0.0003465104454549365	0.00014841890012142243	0.00046897006511318625	3.746089561393969e-06	-9.960103081012522e-07	0.0017722954721738318	37.53478164619017	0.0017738678458760157	37.468258922629595	-8142.178568356204	-1481.8909490132996
2.2e-05	0.00012420916385712713	2.0220606138628418e-05	0.0007028003501871943	4.045033486881335e-06	-1.0006172404132478e-06	0.001864110060531275	5.113742492001403	0.001865849675915969	5.104209913175097	-8257.290093158936	-201.89297451929562
2.2499999999999998e-05	-9.014476724279902e-06	4.929293581555252e-07	0.0007564960499244365	4.4080785961425625e-06	-1.01431612898092e-06	0.0019634191205043965	0.1246606450406768	0.0019653491545500146	0.12441588394662953	-7463.242059962237	-4.921661282734259
2.3e-05	-4.488369103016839e-05	6.10995567901935e-05	0.0008219171010777973	4.76020272228852e-06	-1.053858424698279e-06	0.002055684209605095	15.45193045442796	0.002057800028524225	15.420166164984876	-7758.302860946208	-610.0495295547814
2.35e-05	-7.186843145194441e-05	0.00011668919513767237	0.0006445395349466772	5.080945338375608e-06	-1.0910130616129385e-06	0.002132564855028915	29.510415832343327	0.0021348420094883785	29.447482956681984	-5717.844050427732	-1165.08518780759
2.4e-05	-0.00014830675731156674	5.036424487012187e-05	0.0005773975353200346	5.3383276478853055e-06	-1.0962442410910821e-06	0.002185800614457068	12.736995978468512	0.002188192963387719	12.709155444832438	-4284.263929429592	-502.86263114646647
2.45e-05	-0.00016280054909565696	-2.684399007314184e-05	0.0002687289188799293	5.52731158911135e-06	-1.1057066474308674e-06	0.002219487719520401	6.788780304149707	0.0022219544329582885	6.773712689634125	-1057.6435501046392	268.02426033508937
2.4999999999999998e-05	-0.00015148161253140122	6.938854604453924e-05	0.00026669221656885065	5.736840297446988e-06	-1.154450983476009e-06	0.002262828233935925	17.548195832186117	0.0022653922984995217	17.50848727920241	-1150.3221706519619	-692.8110790773445
2.55e-05	-0.00010174244861949518	0.00014977411287042436	0.0004221597164086698	5.929759052072837e-06	-1.235497103738209e-06	0.0023194737013048404	37.877511679739165	0.002322167847236997	37.789655787527145	-3199.211479507613	-1495.4220929922026
2.6e-05	0.00013466775357952448	0.0002146227515151373	0.00047816046247494684	6.05059632150436e-06	-1.303890131610399e-06	0.0023870236968682834	54.277575887132244	0.0023898771797248625	54.14801402728109	-6118.793401164738	-2142.9043919771384
2.65e-05	0.0003956639392053612	9.288370063620702e-05	0.0005954757332189692	6.11295531791322e-06	-1.3402252189278567e-06	0.002465453722400422	23.490063725158343	0.002468497958073167	23.43215006010773	-9896.050358626962	-927.3988364760082
2.7e-05	0.0005705224587225167	7.04849077909697e-05	0.0006510871057292156	6.139251915429228e-06	-1.3955676115532857e-06	0.002547251410320924	17.8254630718964	0.002550501175012835	17.780057135946887	-12197.180785655262	-703.7577209642642
2.7499999999999998e-05	0.0006113319498385851	0.0001783437131850643	0.0006490011880301092	6.198070537731951e-06	-1.4702018250953862e-06	0.002633669403611442	45.10269464937198	0.0026371436121603448	44.983909062453506	-12583.816941246643	-1780.675737161215
2.8e-05	0.000497732913629487	0.00015722414993580823	0.0007245220044147209	6.342261873237112e-06	-1.5812084784327244e-06	0.0027348826349993904	39.76160807363802	0.0027386292591236702	39.652864742177776	-12203.624329212185	-1569.8071105874951
2.8499999999999998e-05	0.00046263676472418864	0.00034188026457775535	0.0008841559502594105	6.580220447889523e-06	-1.7225426678954234e-06	0.0028439887995576085	86.46069381709134	0.002848040619747883	86.21480057227355	-13447.074010779406	-3413.5091239024896
2.9e-05	0.00020158965713441168	0.00029358180694478053	0.0008499718829988685	6.9619040004687644e-06	-1.8375670061043483e-06	0.0029454518998863677	74.24613044532164	0.002949798280134464	74.02744203934226	-10499.33349040546	-2931.272379397219
2.95e-05	-0.0003050531645384147	0.00022358678836558187	0.0007626774759188317	7.5610585849254115e-06	-1.9314210279360603e-06	0.0030449634501700244	56.54455917278237	0.003049608783687014	56.37238305679527	-4569.157462616188	-2232.405965324118
2.9999999999999997e-05	-0.0008072141845714495	0.00019839653612676786	0.0008189540457858082	8.434173517392658e-06	-2.0400737380474296e-06	0.003163419423037582	50.174005175799444	0.0031684336117075136	50.01528375329473	-117.2168373569522	-1980.8934775916173
3.05e-05	-0.0012357228597116871	0.0002901241573189646	0.0010637791654591942	9.60819376587781e-06	-2.1679588503469755e-06	0.003314532423083087	73.3716991996524	0.0033200376538849493	73.12850632371845	1716.774642880552	-2896.749419847162
3.1e-05	-0.001641085506373209	0.0002848686217651741	0.001338003175686549	1.1178456824904275e-05	-2.2847817811104323e-06	0.0034997742497210596	72.04258694182047	0.0035059127861332058	71.7904541511582	3026.1305149342656	-2844.2754386829824
3.15e-05	-0.002474854741395209	0.0002403867454357911	0.001606221000437878	1.3284979635783376e-05	-2.363623795484079e-06	0.003726219319147947	60.79322777078295	0.0037331789685209676	60.566698870990095	8672.887871282894	-2400.145412967159
3.2e-05	-0.0033973164809391336	0.00011410009152385404	0.0019928854220753896	1.5905763494189794e-05	-2.3803027305605493e-06	0.003997588176796988	28.85563777695733	0.0040055998912306694	28.74028482054623	14022.565003114109	-1139.2342401975745
3.25e-05	-0.004073041714875609	-3.9108819597531565e-05	0.0023202374068148914	1.8973719476923513e-05	-2.3219053166019126e-06	0.0042985701363406174	9.890526090899868	0.004307835550504052	9.848010970812828	17500.90343872441	390.4826524166574
3.2999999999999996e-05	-0.004937207744422175	-0.0002234556864628267	0.0024635545582552838	2.2521487624954636e-05	-2.186783712470251e-06	0.004630025546903702	56.51140381797722	0.004640777315331101	56.24975457460859	24698.230916545715	2231.096976220086
3.35e-05	-0.005746013697310678	-0.00038407356598047236	0.0028045808882509633	2.6581033973417705e-05	-1.9710449395552016e-06	0.005001419815107206	97.13127791242708	0.0050139687744188135	96.64548361440919	29368.784253961774	3834.7888356273693
3.4e-05	-0.006603461656819538	-0.0005859239135077444	0.003098340731366908	3.1035657749916684e-05	-1.6690305528572745e-06	0.005403731556606076	148.1787436559776	0.005418384524951719	147.37802550286554	34996.93752194605	5850.166949945299
3.45e-05	-0.007030946911079816	-0.0007719831048172562	0.0032959816371692873	3.586833892117198e-05	-1.2639695805116639e-06	0.005831681062815101	195.23266410246956	0.005848751714240682	194.09412947238025	37291.82219891759	7707.8780053212095
3.5e-05	-0.007895785384159554	-0.0010492385370106721	0.003505826060417093	4.125010707647228e-05	-7.328663906112809e-07	0.006299141437903494	265.3498937752817	0.006319064739862492	263.67841726385853	43831.62106085112	10476.139427525959
3.5499999999999996e-05	-0.008871749764344019	-0.0013386899219797737	0.003923965378668774	4.730021401245464e-05	-5.422236138265672e-08	0.006831712532834428	338.55145047132413	0.0068551555123727076	336.2385642841299	49401.23456516021	13366.171540782163
3.6e-05	-0.009865881460520184	-0.001712606740770293	0.0045406925317994055	5.405636781302881e-05	8.04577842288522e-07	0.007435008684296786	433.1141115317293	0.007462786130714685	429.8939043511994	53169.43643162151	17099.55016706359
3.65e-05	-0.010922153688706452	-0.002148702108302616	0.005048065831988969	6.154589410513416e-05	1.838742591404099e-06	0.008107628844716941	543.4015775070831	0.008140674402741025	538.9958792030219	58649.926804855386	21453.751535784693
3.7e-05	-0.012061414136788148	-0.0025010749645125504	0.0056425248062041975	6.982990040945526e-05	3.0251508529803384e-06	0.008857834971306964	632.5158224251073	0.008897298807098157	626.9131016533253	64089.50607994326	24972.024113389492
3.75e-05	-0.013261120834613237	-0.0028332143142444995	0.006281213234339569	7.90166341464408e-05	4.365974862882142e-06	0.009693591224131333	716.513062386441	0.009740879925917746	709.5674776529163	69691.00221961379	28288.27491282455
3.7999999999999995e-05	-0.014760497771048988	-0.003195353904942346	0.007002254163774806	8.92398996493986e-05	5.891312292652953e-06	0.010624379299432352	808.0972908853986	0.010681220980722328	799.5117587561883	77462.31088125732	31904.063611537997
3.85e-05	-0.01641110945405888	-0.0036628174022121074	0.007791644189998943	0.00010038133643479876	7.5968638976058e-06	0.011620809936534506	926.3176811674335	0.011688859254170778	915.5531194537355	86061.19267623726	36571.4605874719
3.9e-05	-0.017845429345020338	-0.004005626872256743	0.008045573704212019	0.00011243469035381798	9.434285380522705e-06	0.01270242746296747	1013.0133688045522	0.012783793056064668	1000.1456399682961	97846.8198044183	39994.24737863925
3.95e-05	-0.019157284784308705	-0.0042557263518515015	0.00914560027868931	0.00012554385794199616	1.1390212640629913e-05	0.01391458048430771	1076.262923603403	0.014012295763012312	1061.287176530647	99961.82858865322	42491.36974554267
3.9999999999999996e-05	-0.020517819050002016	-0.004538448597467214	0.010120298224713914	0.00013963110728901695	1.3458938776322706e-05	0.015237909188646565	1147.7626971970938	0.015355199154855463	1130.2731934470885	103814.21766746929	45314.21465626417
4.0499999999999995e-05	-0.02178788273154207	-0.004762888896296899	0.010912620932838773	0.00015464333142537148	1.5664385773868136e-05	0.016665970236035988	1204.5231071063836	0.01680641008209237	1184.4485608547309	108584.23027299055	47555.14251085312
4.1e-05	-0.023012049328759256	-0.005153168379166831	0.011784908761265254	0.00017058293093180602	1.799478139913297e-05	0.018209345160115433	1303.223846422781	0.01837717579838778	1279.4929935823752	112097.56962663273	51451.89442571969
4.15e-05	-0.02412472406366153	-0.005324678751294773	0.012745413827161562	0.0001874299708585594	2.0391727172195534e-05	0.019882651419117228	1346.598405610408	0.020082971036313745	1319.824458910117	113616.91018925523	53164.342556721684
4.2e-05	-0.025026930666169924	-0.0054523889353567286	0.013850030793678216	0.00020508646834867418	2.2841012990012146e-05	0.02169005617238824	1378.8960029436219	0.02192874317542818	1348.987671183893	111595.94058117339	54439.466989684086
4.2499999999999996e-05	-0.025632825526886845	-0.0055600083158497595	0.014876768478403	0.0002233617713397194	2.5295800500523047e-05	0.02361832585555704	1406.1126845414474	0.023901709438686733	1372.9026569683153	107394.02848410056	55513.99446401903
4.2999999999999995e-05	-0.025888162280775107	-0.005477125462659038	0.01577105184550647	0.000242100744862366	2.776737772799492e-05	0.02565312368208266	1385.151810999184	0.025987902890903393	1349.618340273161	101014.45551696702	54686.44925332655
4.35e-05	-0.0260244126200551	-0.005635497681592288	0.016569921373735242	0.00026122082372492095	3.030640379056516e-05	0.02777993107933485	1425.2037629515225	0.028173091793607753	1385.6117006427205	94398.52332812583	56267.71927769902
4.4e-05	-0.026139279966585775	-0.005780386666733968	0.017233447285481745	0.00028061293299900235	3.287637911725211e-05	0.02998100543467376	1461.8458376184408	0.030439625650324376	1418.0182296161472	88920.43286103032	57714.36573254757
4.45e-05	-0.026067111432086454	-0.005774650731271728	0.017750316630328628	0.00030013934349678255	3.541714067614511e-05	0.0322423814820143	1460.3952333831603	0.03277361715238491	1413.308613153905	83039.17446796171	57657.0951905973
4.4999999999999996e-05	-0.025784688624535153	-0.005649036697771029	0.01819187931281953	0.00031969429370133016	3.7938156488596903e-05	0.03455484219119394	1428.6277474680328	0.03516598058205271	1379.261741104314	75810.52943668353	56402.899807384965
4.5499999999999995e-05	-0.025383493691863376	-0.00568587056431437	0.01856225364879572	0.0003392206718919263	4.0490712677805395e-05	0.036901785157580955	1437.942943421905	0.03759988397074919	1384.8802818548904	68106.7833854001	56770.66815362043
4.6e-05	-0.025108164844600354	-0.005790847488398412	0.01873993855602496	0.0003585590445052294	4.3084900902779734e-05	0.03925190945499938	1464.4913541712071	0.040043037002077654	1407.0072721396496	63583.66010385437	57818.81197848457
4.65e-05	-0.024487625368396077	-0.005873055135790415	0.018612817562491835	0.0003775221812587432	4.572351307029617e-05	0.04158480695988751	1485.2814697965182	0.042474199242310794	1423.516326593932	58657.115149350146	58639.61558577597
4.7e-05	-0.02369484364445882	-0.0059905849380581175	0.018466136791243794	0.00039604652206620054	4.842329546619615e-05	0.04389113214628064	1515.004473143323	0.04488349390632615	1448.509211610383	52206.10956208521	59813.093829297155
4.7499999999999996e-05	-0.022937064741668806	-0.006148086677640865	0.01819047848309168	0.00041410135941825194	5.118648510378065e-05	0.046158361322666486	1554.8362829687364	0.04725761850648028	1483.0675880218737	47392.36855644292	61385.672538279476
4.8e-05	-0.022205267854052392	-0.006275674464545217	0.01784474679556807	0.00043165597083465797	5.39850827100587e-05	0.04837021369703372	1587.1029263561863	0.04957919975804105	1510.33441864915	43537.69421726854	62659.574894808975
4.85e-05	-0.021568121640314797	-0.006307286806215294	0.01731032240679582	0.0004485562698634782	5.678799810445728e-05	0.05050374107728749	1595.0976112712503	0.05182368878736103	1514.5392145186074	42512.06646664015	62975.20884007928
4.9e-05	-0.020508263782320933	-0.00629508795956653	0.016599853320649192	0.0004647331059348731	5.961732988316899e-05	0.05254906079376672	1592.0125523945023	0.05398012256800944	1508.353787994284	39023.58852842802	62853.40925510448
4.95e-05	-0.019717279730713872	-0.006426059272817795	0.01590835428265289	0.0004801837766195304	6.249537428947291e-05	0.05450247888370365	1625.1348814292764	0.056044012657240065	1536.5610018710072	38030.278773998914	64161.09448608688
4.9999999999999996e-05	-0.018703982956581617	-0.006514108051992421	0.015139173540051882	0.0004948348439443291	6.541126436183249e-05	0.05636332331801957	1647.4022051854117	0.05801406331677304	1554.549142059728	35592.89824268353	65040.218969719375
5.05e-05	-0.017593490734175463	-0.006596219695014807	0.0144369933060396	0.0005087224874520133	6.837168486455221e-05	0.05813294347267279	1668.1680415373437	0.05989114331728359	1571.192523075734	31516.10047986834	65860.06401980355
5.1e-05	-0.016721416301256817	-0.006714324288630234	0.013689259476327566	0.00052192825829808	7.136417804455408e-05	0.059807239903135016	1698.0364082287854	0.06167036080798665	1596.4815373975887	30274.619682368913	67039.28127698853
5.15e-05	-0.016042748028768955	-0.006740423797521533	0.012921922879370622	0.0005345309129568076	7.435715713974123e-05	0.061393694108397776	1704.636911038779	0.06335915724293681	1599.98295395658	31159.930026182334	67299.8722527205
5.2e-05	-0.015405865265622385	-0.006716509044289171	0.01229309961432034	0.0005466302468325718	7.73378260490231e-05	0.06289874836423902	1698.588927662236	0.06496394320522957	1591.7498101269264	31079.45983490137	67061.09500579353
5.2499999999999995e-05	-0.015073500560044058	-0.006685075149993697	0.011628156221095708	0.0005584234193923058	8.032837189977612e-05	0.06434122521736625	1690.639371657544	0.06650442582771075	1581.8615630843792	34400.09721096723	66747.24277126952
5.3e-05	-0.015023915019581849	-0.006760917419300229	0.011298497556601705	0.0005700316425301575	8.333949797766869e-05	0.06572683167181534	1709.8196985272573	0.06798641207127709	1597.4386670130023	37196.49192366927	67504.4911563878
5.35e-05	-0.015145832360036492	-0.006777607281251112	0.010724260995417442	0.0005815439725413093	8.632363990367731e-05	0.06706548609819364	1714.0405243352839	0.06942026934218301	1599.0875633787355	44147.25200284387	67671.1313575014
5.4e-05	-0.015339016687180622	-0.006639592175071342	0.010552244409172724	0.000593125747470172	8.926158834051723e-05	0.06839068767333774	1679.136837068397	0.07084174496495321	1564.299514083656	47793.60652830912	66293.11726018907
5.4499999999999997e-05	-0.01567188721788073	-0.006569913655033747	0.010510442061754248	0.0006048796902440081	9.219614760095152e-05	0.06971227230993891	1661.5153075131914	0.07226135607141689	1545.6872999486998	51534.53404138504	65597.41093100945
5.4999999999999995e-05	-0.016170599450161884	-0.006624353873088922	0.010494756971832563	0.0006169049093670185	9.51896109299105e-05	0.0710338387007269	1675.2831072731967	0.07368296569792923	1556.2813172531	56670.54256419068	66140.97018345151
5.55e-05	-0.016891880894520376	-0.006834756164465358	0.010510152063726512	0.000629269066249303	9.821597749496406e-05	0.07235592320802141	1728.4933389769194	0.07510715770510205	1603.4266076763288	63718.47645868418	68241.73532176825
5.6e-05	-0.01768628518806839	-0.006772292306443001	0.010502991889250048	0.0006419754583940561	0.00010122771622487491	0.07368583927761989	1712.6963800334854	0.07654183543494707	1586.4949098429768	71721.71007141384	67618.063904125
5.65e-05	-0.01830615322063448	-0.006768986979691173	0.01063462651688133	0.0006550546381219455	0.0001042636532705692	0.0750465735126755	1711.8604708750315	0.07801189248073573	1583.3912082040652	76596.48453199085	67585.06181481523
5.6999999999999996e-05	-0.018872577937927466	-0.006881091967258036	0.01099281424443584	0.0006685520803716887	0.00010732340965298038	0.07645645704015215	1740.2115516762537	0.07953733052491453	1607.1611419347419	78675.63018049493	68704.3759067447
5.7499999999999995e-05	-0.01940555487399142	-0.006876082687459719	0.011415802872198653	0.0006824503006402904	0.00011040851430595712	0.07791133557607809	1738.944716904667	0.08111389473034376	1603.4612115176594	79773.810253487	68654.36067022073
5.8e-05	-0.01995939433000478	-0.006995062016432423	0.011707962621482246	0.0006967170002223967	0.00011354249441867515	0.0794083189076822	1769.0343020568757	0.08273868403748055	1628.5582620405144	82386.55558865692	69842.31173696548
5.85e-05	-0.020393087798545956	-0.007095834900366682	0.01208501435438099	0.0007113268040822345	0.00011670569742021293	0.08096209774367255	1794.5195211983378	0.08442791454293663	1649.2314563201494	82952.09592965295	70848.4802538186
5.9e-05	-0.02059934348712164	-0.007126452995047478	0.01261066748109229	0.0007262967789626534	0.00011986721156942587	0.08258747161705561	1802.2627634493306	0.08619804051058617	1653.4184386264828	79763.06695609241	71154.18712367403
5.9499999999999996e-05	-0.02087454885067691	-0.007088241538838816	0.013222942239286314	0.0007416340913016905	0.00012301292720376148	0.0842789547078344	1792.599178393777	0.08804349639566467	1641.5207934286268	76397.5920422107	70772.6642107707
5.9999999999999995e-05	-0.021200217383243063	-0.007055420239073125	0.013661404021828147	0.0007572588926251235	0.00012616943756654285	0.08601221751089579	1784.2987508940346	0.08993807469708198	1630.8272586277171	75271.40598294191	70444.9594035134
6.05e-05	-0.02150310261613334	-0.00713677643705226	0.013886986862503378	0.0007730182392923566	0.00012936476063957263	0.08776592422072672	1804.8735370177212	0.09185865980119504	1646.4671429398288	76043.23298925196	71257.26170013993
6.1e-05	-0.021480221258229706	-0.007229928653135228	0.013986338436791946	0.0007887911219502944	0.00013259333740257544	0.08953107409074144	1828.4315076513299	0.0937955089973532	1664.7300708699524	74822.79626765661	72187.34153350987
6.149999999999999e-05	-0.021382085680073472	-0.007286290569452844	0.014068863868770737	0.0008045252474854886	0.00013584237878053976	0.0912923694348024	1842.6853002640753	0.09573187508356502	1674.4621930802875	73018.98344099053	72750.08801385564
6.2e-05	-0.021367226414423315	-0.007321940972770726	0.013925074797220055	0.0008201295624948794	0.00013910611930746555	0.09303417544287121	1851.7012012244015	0.09765050922725042	1679.4297068019152	74306.28520825684	73106.04005205442
6.25e-05	-0.021108198436525605	-0.007352380393042158	0.013759101353220346	0.0008355024925746728	0.00014236680823761242	0.0947557178126032	1859.3992571484794	0.09955044663648137	1683.210545837154	73377.1806842691	73409.96294433124
6.3e-05	-0.02064895044445587	-0.007308220485053202	0.013603005559562774	0.0008505484113901899	0.00014560871154770049	0.09645538959016911	1848.2313229936965	0.10142979506103784	1669.9594506815858	70350.35257388055	72969.04761680518
6.35e-05	-0.01998551137059446	-0.0072679171143211945	0.013411491273088029	0.0008653258662509024	0.00014885867966768317	0.09812844427713445	1838.0386978038202	0.10328316847959985	1657.6748198671614	65638.41177340846	72566.63794894193
6.4e-05	-0.019864942444632036	-0.007344481214474362	0.013179954874592548	0.000879868684672426	0.00015213994684168698	0.09977670870818069	1857.4015739525792	0.10511244499454298	1672.0761581541963	66746.36832777646	73331.09346601897
6.45e-05	-0.019324561901334778	-0.007408642877709203	0.013017476205681265	0.0008940713657546603	0.00015546319897385172	0.10140850241297855	1873.6279037367638	0.1069267442347966	1683.6261039396504	62973.200848367895	73971.71664772672
6.5e-05	-0.018597413163360423	-0.007533252583858859	0.01291816998886266	0.000907912395423278	0.00015882452941648595	0.10302081390774782	1905.141397688658	0.10872262110308857	1708.872180289428	56704.49687100898	75215.88430798637
6.549999999999999e-05	-0.018008166126328017	-0.0075798493079651	0.012707826949832577	0.0009214417607859455	0.00016218874455226352	0.10460139704967902	1916.9255967584847	0.11048629342853183	1716.4125012972574	52921.32367187306	75681.13006610895
6.599999999999999e-05	-0.017700407326907336	-0.0075462226450136	0.012413881161712253	0.0009346964166680505	0.00016554962976238061	0.10614003504788555	1908.4214948527167	0.11220615483377826	1705.861570502911	52783.4074333895	75345.38409687874
6.65e-05	-0.017439700498953492	-0.007564877407207532	0.012041152967683459	0.0009476653988758152	0.0001689294699308057	0.10762667923802129	1913.1392391901154	0.11387071292401867	1707.2344159561287	53901.8866051578	75531.64287678187
6.7e-05	-0.0172423578172536	-0.007631447296726505	0.011587494219254372	0.000960379778692132	0.0001723498217794492	0.10907004060864045	1929.974603589538	0.11548946358954931	1719.4721952023824	56461.078588536904	76196.31103342686
6.75e-05	-0.0169829006464581	-0.00774702467341614	0.011353218034496924	0.0009729032106340025	0.000175783740260002	0.11047394418109148	1959.2038432196382	0.11706647964769872	1742.762867204412	56209.65861933827	77350.29525165615
6.8e-05	-0.01701096458741094	-0.007692445134896042	0.010960353980941443	0.000985429370356074	0.00017918828035216593	0.11186103601831762	1945.4008096502905	0.11862705726303857	1727.786259611935	60412.42110267354	76805.34495174095
6.85e-05	-0.017262370065939177	-0.007614934542821732	0.011086013169429124	0.0009981277782211194	0.00018255938423424438	0.11326660811683589	1925.7985679789397	0.12021091470237388	1707.6698962677053	61667.937003483064	76031.43917051218
6.9e-05	-0.01749169661268098	-0.007542110361650094	0.011254078314505297	0.001010933296598336	0.00018593460408742156	0.11469103823974273	1907.3815083146803	0.12181858556506775	1688.6219428067832	62279.60247585813	75304.32493600926
6.95e-05	-0.017444228299397447	-0.0076334406348767085	0.011385741650444913	0.0010238363198718282	0.000189363487282056	0.11613699923232038	1930.478713996998	0.12345320486174309	1706.2787090715178	60491.059578367065	76216.21355096805
7e-05	-0.017587884329090715	-0.007783389688732181	0.011596288862566985	0.0010369605788793752	0.00019280122186552572	0.11761106476461543	1968.400467829653	0.12512235051925957	1736.8947929250403	59823.18346738022	77713.38234510238
7.049999999999999e-05	-0.017992248906709158	-0.007673237954311602	0.011832433776066093	0.0010504035303829178	0.00019622403994812003	0.1191172783114308	1940.5433600351396	0.12683078144339324	1709.3911165424347	61502.77547015452	76613.57054133323
7.099999999999999e-05	-0.01850981999790771	-0.007716322614712853	0.012107247771162214	0.0010641568781205697	0.00019964507368490155	0.12065834627944202	1951.4393666699968	0.12858177226397188	1715.9819198229932	63926.58768833322	77043.7500416374
7.15e-05	-0.018833867709248827	-0.00766521523814595	0.012386408174785816	0.001078124293795763	0.0002030653159485991	0.12223267486710764	1938.514434478888	0.13037372601059702	1701.564629884035	64374.765750411156	76533.4675998436
7.2e-05	-0.018943662525046152	-0.007712764019815514	0.012635890369201628	0.0010922706699598916	0.0002065127745581671	0.12382771390848352	1950.5394066087806	0.13219253376301413	1709.0085710000053	62980.054821433914	77008.21919236376
7.25e-05	-0.019309332995759317	-0.007787584465237217	0.012715579073275364	0.0011066183559643057	0.00020999064692567363	0.12543227478095104	1969.4613166840927	0.134025543017807	1722.42730363932	65835.44447341957	77755.26516010005
7.3e-05	-0.019697445619266174	-0.007849509344466845	0.01278722986854578	0.0011211420956853757	0.00021347139463045653	0.12705182321461195	1985.1219691916192	0.13587908712059127	1732.9086037024433	68995.16280166565	78373.55513512382
7.35e-05	-0.019862688312390034	-0.007800512460854565	0.012953790609015378	0.0011357795939421845	0.00021694141563377147	0.12869692481571376	1972.7307755752659	0.13776540033038945	1718.8463912694112	68982.00273626682	77884.34494494255
7.4e-05	-0.01980278221135047	-0.007801280306883322	0.013193370612898749	0.0011504842346025171	0.00022041401241898099	0.1303637427668235	1972.9249619828172	0.13968024989392733	1715.7270797406443	65991.77879661047	77892.01151624392
7.45e-05	-0.019819413185922955	-0.007812093605549602	0.013298949172127088	0.0011652813112284493	0.00022391037857396326	0.1320376360101443	1975.6596191186793	0.14160692472052697	1714.7981934495467	65103.680174869776	77999.97707460224
7.5e-05	-0.020105935383938563	-0.007908151354943284	0.013305824947640276	0.001180178433044675	0.00022744942144925005	0.1337059042523762	1999.9523921143464	0.14353082559163682	1732.5469490649948	67895.81447913466	78959.06725309453
7.549999999999999e-05	-0.020358636517050457	-0.008003975252825401	0.013209545690757928	0.0011951322272969575	0.00023102304019535671	0.13536341758665227	2024.1860246271167	0.14544599627041516	1750.1852865024507	71380.2149220197	79915.82253732393
7.599999999999999e-05	-0.020531682062197274	-0.008063610232794517	0.013134886987298176	0.001210035082137886	0.0002346120523481594	0.13700005462034298	2039.267567138107	0.14734065118995437	1759.8877990546926	73853.42206573195	80511.24897552366
7.65e-05	-0.020461411293992173	-0.008073186574898045	0.01287773883046562	0.0012247654056295122	0.0002382048542552312	0.13860471677622427	2041.6894009445232	0.14920178208668944	1758.7016197815885	75719.30242568413	80606.86412073942
7.7e-05	-0.020264159443023694	-0.008080649599614615	0.012626679904785254	0.0012392415856734569	0.00024178770993586287	0.14016912981644405	2043.5767818840625	0.15101957165246455	1757.1304026542844	76256.54004800308	80681.37881375157
7.75e-05	-0.019958457394301087	-0.008028466683118896	0.012238021432138766	0.0012533634657326302	0.0002453596058102877	0.14168127227114852	2030.379848240667	0.15277977093541928	1742.713048148228	77084.81982689066	80160.35762585125
7.8e-05	-0.019501953690587125	-0.008031372484274263	0.011795893875692512	0.0012672175962684625	0.0002489383765200428	0.14313889621530454	2031.1147183399921	0.15447944611616118	1740.3831994701466	76941.28094808027	80189.37064527295
7.85e-05	-0.019621125347738844	-0.008059377088569955	0.011371506996839652	0.0012809132127058176	0.0002525323599289121	0.14455291314885732	2038.1970151799953	0.15613103811660844	1743.5696990644212	82368.450089646	80468.9830773994
7.9e-05	-0.01948233549465562	-0.008099771314941337	0.011102806265854089	0.001294418850735082	0.00025615873119415864	0.14593746450769887	2048.412617541798	0.1577508613027205	1749.4724738721695	83665.54738644815	80872.2998948881
7.95e-05	-0.019235275108522503	-0.00820499828881802	0.010903182650212648	0.0013077276917550166	0.00025981129395158707	0.14729887488198762	2075.024265280189	0.15934617375803364	1769.375525651594	83191.91417137563	81922.94034601895
7.999999999999999e-05	-0.018965304973355548	-0.008217532629039837	0.010735004633705506	0.0013209187437329033	0.0002634594252393246	0.14865279752221694	2078.194169671881	0.16093524010457588	1769.264792555795	82175.56908864387	82048.0896720911
8.049999999999999e-05	-0.01882468560848176	-0.008185073662509576	0.010784172985698686	0.0013340420686344327	0.00026710388896035046	0.15000987832506651	2069.9853753729226	0.16253055112420753	1759.4671210785634	80280.63050852386	81724.00258698153
8.099999999999999e-05	-0.01861059707406098	-0.008201042637842942	0.010785200309851806	0.0013470325034532933	0.00027077559691563867	0.1513662427748097	2074.023890695169	0.1641275671026958	1760.0866869354486	78132.80268100937	81883.44508380756
8.15e-05	-0.018238575328312905	-0.00830756828045824	0.010772787305839823	0.0013598684780814483	0.0002745075327398021	0.15272858264324327	2100.963968623345	0.16573419014022853	1780.086719510978	74542.2832853744	82947.05211431572
8.2e-05	-0.017821145312370366	-0.008471837174284524	0.01088017331076666	0.0013726258531806894	0.0002782617820890114	0.15410040326783594	2142.5071754250826	0.16735460640456218	1812.3459556878452	69302.24909439708	84587.19758612858
8.25e-05	-0.01773449208994051	-0.008407893607985575	0.010923473962294244	0.0013855519122850232	0.0002819828199259828	0.15550454952075987	2126.33600182963	0.1690159299847436	1795.6810797353396	68004.72250277568	83948.75199686385
8.3e-05	-0.018065794819789312	-0.008322512680010738	0.011393955204244226	0.00139881999401575	0.0002856758842159912	0.1569544420638304	2104.743371203323	0.17073427981162376	1774.39454968856	66615.0923599088	83096.2647174085
8.35e-05	-0.01854519361182208	-0.008282119878582139	0.01165056317244816	0.0014123555635929496	0.00028940970437814047	0.15843122861831002	2094.528129206111	0.17248754393513746	1762.6894643203764	68839.5510042261	82692.96212728445
8.4e-05	-0.01884101270861386	-0.008505757873801407	0.011821407254467778	0.001426123972081872	0.00029321682667088204	0.1599385448205366	2151.085638468608	0.1742802288929753	1807.044131667584	70087.3660944347	84925.8793682813
8.45e-05	-0.019106839496047943	-0.008611698474746797	0.012135799841814404	0.0014402004500176668	0.000297015868200093	0.16149097479459976	2177.8777607704046	0.17612993426409812	1826.170158200112	69602.46006654261	85983.64504061526
8.499999999999999e-05	-0.01950910829037177	-0.008469425414173946	0.012538443250755045	0.0014546387897493118	0.00030080232912420144	0.1630936060642528	2141.8972471136653	0.17804304994889789	1792.5675012628017	69598.71972074048	84563.11732764309
8.549999999999999e-05	-0.019935933600283277	-0.008555133977438387	0.012933696682021153	0.0014693593328280318	0.00030459171510511466	0.16474068539618544	2163.5727359139973	0.1800130459321885	1807.1442804950252	69913.94966227548	85418.87588703546
8.599999999999999e-05	-0.020071486330283543	-0.008482576957077742	0.013244898493183556	0.0014842450452583215	0.00030837810943720154	0.16642385860318318	2145.2232405740715	0.18203022955767498	1788.2069113125096	68160.17852286046	84694.42912404337
8.65e-05	-0.020104888317652243	-0.008541683025706485	0.013507370897533203	0.0014993030214633476	0.00031217298361520507	0.16812325225607108	2160.171022683557	0.1840709888655568	1796.9960449206744	65873.02117744788	85284.5746382672
8.7e-05	-0.02058820602968967	-0.008520703757627033	0.013502705435623022	0.0015145435611513285	0.00031595801770867044	0.1698144651097253	2154.8654164176783	0.1861060671595661	1788.9380983452647	70745.29720261811	85075.10679112354
8.75e-05	-0.021055749371426534	-0.008497440365608795	0.013377345690370534	0.0015298960772845054	0.0003197385790272119	0.1714921352089654	2148.98216072019	0.1881289493530506	1780.448621452309	76665.14782496313	84842.83307095063
8.8e-05	-0.021306918640267857	-0.008500593416106624	0.013287457585387841	0.001545221493664637	0.0003235431956766846	0.17315698597580367	2149.7795595815114	0.19014042782505694	1777.5302105319863	80070.44078260245	84874.31475549816
8.85e-05	-0.021137654182654002	-0.00860559714269747	0.013173595872825884	0.0015603305659109762	0.00032738545388340826	0.17479627643470408	2176.3347486200996	0.19212498547663628	1795.9195382858484	79517.27116353285	85922.72619043227
8.9e-05	-0.020740453592430663	-0.008669836131100053	0.012881203350339087	0.0015750509258917053	0.0003312537360732942	0.1763829102610207	2192.580633752589	0.194049553996454	1805.8468805893542	78470.81328764714	86564.12142654895
8.95e-05	-0.020226860892666385	-0.008722605308325637	0.012336674031251438	0.0015893540318499203	0.0003351390627614972	0.1779120154560867	2205.925831319685	0.1959078524959796	1813.4651207229565	78779.7004720345	87090.99614434768
8.999999999999999e-05	-0.019778767105596482	-0.00874647103628315	0.011966846209613531	0.0016033683193413914	0.0003390187293386504	0.17940250990180434	2211.9614163225365	0.1977225575965749	1815.1299864283233	77998.25265309379	87329.2838976117
9.049999999999999e-05	-0.01954196221720477	-0.008697156505694009	0.01172299674382148	0.001617142454999262	0.0003428647982097926	0.18085219553457232	2199.4898905523446	0.1994907419789601	1801.7073147898568	78068.58935199567	86836.90215596625
9.099999999999999e-05	-0.019347617634996248	-0.008595410150439763	0.011318233011039958	0.0016306936826332886	0.00034669099678639326	0.18225560780571562	2173.758482863436	0.20120547019121177	1777.5788093463302	80169.52282123774	85821.01399870995
9.15e-05	-0.019275197048097686	-0.008607816349719072	0.010987530286387054	0.001644051604640643	0.00035054010946013116	0.18362181475685768	2176.895980720023	0.202877569075741	1777.170390203303	82748.34507309948	85944.88389943434
9.2e-05	-0.019069822784703986	-0.008698435750185486	0.01072689354621171	0.001657219026847075	0.0003544418593239596	0.18495798904498978	2199.813408396908	0.2045156198857231	1792.9403441056113	83300.11418131801	86849.6747936286
9.25e-05	-0.018896015812404195	-0.008844481929231186	0.010510192667166731	0.0016702362244586945	0.00035836679378182547	0.18626658458579148	2236.748134609378	0.20612246611041107	1820.116698997049	83728.38909860625	88307.87527004191
9.3e-05	-0.01883272317714386	-0.008802677549076793	0.010288558338062177	0.0016830802165641685	0.00036228641949714575	0.1875490630515031	2226.1759077591205	0.20769975189566744	1808.658702071068	85309.35434472532	87890.47874891674
9.35e-05	-0.018532358453052893	-0.008820612937955864	0.010095089203303051	0.0016957519071954677	0.00036622365941603826	0.18882119204376044	2230.711724321329	0.20926677080076456	1809.5060774289832	84242.05357514204	88069.55493412756
9.4e-05	-0.018222521037325738	-0.008881873944038042	0.01012406433307796	0.001708344439490354	0.0003701561807559746	0.1900947243055577	2246.204484912057	0.21083798174119536	1819.2128626187923	80859.17414279947	88681.21645679319
9.449999999999999e-05	-0.01815414588474937	-0.008799397420539097	0.01011739269803786	0.0017209379733409526	0.00037405775986916137	0.19137237403003438	2225.3463711682066	0.21241675717238326	1799.4765530786249	80243.09435724339	87857.72825159035
9.499999999999999e-05	-0.018161581456212505	-0.008742752535534307	0.010189507075600112	0.0017336274117403833	0.0003779427425327165	0.19265711248427064	2211.0210164573923	0.21400680935983943	1785.052091784674	79597.30775410282	87292.15646573408
9.549999999999999e-05	-0.01847268080993419	-0.008724777016920104	0.010230060608493033	0.0017465874250217896	0.00038184613053997605	0.1939605095134653	2206.475051182019	0.2156225420348941	1778.506026026005	82298.57695129758	87112.6796045229
9.6e-05	-0.019081572779477456	-0.008825506028386328	0.010486065517510827	0.0017599204314621166	0.0003857700019457187	0.195294700312401	2231.949175082197	0.217279155934502	1796.0613298220087	85821.98361034696	88118.41007599747
9.65e-05	-0.01966028560705383	-0.008816873790400423	0.010719495219407642	0.0017735517434381743	0.0003896819078279371	0.19665715251716862	2229.7661029286246	0.21897369789605375	1791.2666503473772	89269.46865688049	88032.22135386991
9.7e-05	-0.01997361883804121	-0.008771707040367054	0.010935250865181665	0.0017874552626526957	0.00039360879790575545	0.19806723790973368	2218.343540850725	0.22073051242289213	1778.9623629795233	90243.73366110805	87581.25319539389
9.75e-05	-0.020127095253561413	-0.008884245231183951	0.011476574684906718	0.0018016244766715134	0.0003975869686256931	0.19952959484865881	2246.8041777083877	0.22255571768308138	1798.500250425959	86371.26487566857	88704.89261229738
9.8e-05	-0.020337425659914758	-0.009002273354109233	0.011766052165891563	0.0018159666657306774	0.0004016179193280097	0.2010092344312471	2276.6532051468457	0.22440589076856687	1819.0248873148334	85581.01960743555	89883.34634661903
9.85e-05	-0.020630130404284314	-0.009121552828623198	0.011751264144754671	0.0018304406855863102	0.000405636408101293	0.20248762551563607	2306.8186963820676	0.22625792784870477	1839.7164560565877	88651.18618135767	91074.29422145641
9.9e-05	-0.020950002459552187	-0.008946242444187392	0.011746208598976751	0.0018449864970169609	0.00040962901111879475	0.20396616926519354	2262.4831232527404	0.22811359311776894	1801.0131075757283	91895.43115743849	89323.90480507529
9.949999999999999e-05	-0.02095049083839946	-0.009005166156336598	0.011753690597182412	0.0018594793744145357	0.0004136310816586306	0.2054417122836044	2277.3847878486513	0.22996893167322105	1809.514957504391	91825.60324994448	89912.22957803035
9.999999999999999e-05	-0.02075969569281141	-0.008988810002522163	0.011698515130669525	0.0018738123568298284	0.0004176202483325385	0.20689960499845367	2273.2483560229603	0.2318054638453938	1802.9141690984254	90471.50633395094	89748.92129129294
0.00010049999999999999	-0.020512109376479553	-0.00894714822448005	0.011473157569598536	0.0018879510393376999	0.00042161242478214574	0.20832244683841208	2262.7121929027408	0.23360109991404845	1791.3384523861328	90249.56296149659	89332.9485833029
0.000101	-0.020443187749488643	-0.009002342455695103	0.011141418306906656	0.001901937344198117	0.00042563942013384255	0.20970150114993527	2276.670680771143	0.2353445582414857	1799.2494213893892	92873.66996719275	89884.03629253955
0.0001015	-0.02052295082833573	-0.009103699811425758	0.010777200818515296	0.0019156883579053157	0.00042968767124376125	0.2110355734283272	2302.303711419348	0.2370340458806178	1816.4357274738	97306.6012420519	90896.04047765545
0.000102	-0.02010022165742619	-0.009097911887287152	0.010426476158905434	0.001929055129996222	0.00043372508586483514	0.21233229596586933	2300.839959373284	0.23867897345092137	1812.297328149537	96587.67101486502	90838.25085391103
0.0001025	-0.019388971363671965	-0.009054977151497995	0.01018356593606008	0.0019420160027567785	0.0004377513755766679	0.21360412967065723	2289.9818683109975	0.24029496152443516	1800.8322843688413	91911.52187501614	90409.56827836185
0.000103	-0.018670812460897825	-0.009047892441187625	0.010030894316292317	0.001954696109483831	0.0004417854953246172	0.21485894669080804	2288.1901621717607	0.24189189159708485	1796.5520340992668	86265.40479839244	90338.83087175978
0.0001035	-0.018397062803305466	-0.009090182298883712	0.00991310361545286	0.001967219174240876	0.0004458432830330684	0.21609200698532124	2298.8851651206605	0.24346362136708968	1802.1144559609554	84708.23002994579	90761.07465138368
0.000104	-0.01831052588140222	-0.009154307536264351	0.009685094024975091	0.0019796412960060316	0.00044992918594425214	0.21730564317190032	2315.1022828942278	0.24501300807583376	1812.017492301163	86120.7662158482	91401.33413855114
0.00010449999999999999	-0.01825193207204859	-0.009216592936236381	0.009604377831340138	0.0019920670020758483	0.0004540413525185359	0.21851509283773912	2330.8541102274257	0.2465594419593547	1821.5273079398542	86341.647525508	92023.22373885618
0.00010499999999999999	-0.018393181860375876	-0.009272393342839273	0.009618553677143876	0.002004583657493074	0.0004581560783323492	0.21972465009202807	2344.9658983884665	0.2481084088902955	1829.7190868873226	87610.41939436717	92580.36381622124
0.00010549999999999999	-0.01865914549086752	-0.009228099703700976	0.009606087836697566	0.002017259475801097	0.0004622262864790805	0.22093648676837233	2333.7641439487625	0.24966270468700363	1818.150493038725	90390.40302572383	92138.11324783538
0.000106	-0.019072575726267783	-0.009072234492026968	0.009654782695419913	0.0020300919679001467	0.0004662572139069342	0.22215532946421016	2294.3462080818686	0.2512284270045349	1784.6449703204798	94032.10939224306	90581.87447867058
0.0001065	-0.01925222364993436	-0.009051487044841062	0.009717441154389442	0.0020430284753930523	0.00047030104865714196	0.2233873623206626	2289.0992287604904	0.25281358873000986	1777.7433899574214	95200.19262640415	90374.72125105084
0.000107	-0.019330602530633824	-0.009130267964551571	0.009864426437729152	0.0020561217090096827	0.0004743793165315567	0.22464565818505577	2309.022733225224	0.2544351388747422	1790.310801555587	94515.19087100934	91161.31063945379
0.0001075	-0.019539467510048394	-0.009206304110129418	0.010134864067562721	0.002069417870017049	0.00047849311376816674	0.22594232449239127	2328.2520909360514	0.25610889200889986	1802.2014015056895	93900.41773033772	91920.4947853913
0.000108	-0.019633140030985836	-0.009290013898542025	0.010474284307356996	0.0020830137971994587	0.00048264220171272425	0.22728655569706013	2349.4220944002022	0.25784700507018826	1815.430038685407	91446.74559008688	92756.29654440566
0.0001085	-0.020131272133737593	-0.009364977014846142	0.010890858127897272	0.002097007501838817	0.0004868021671476426	0.22867483932741714	2368.380085597355	0.2596452554507055	1826.7911500571254	92261.06560005454	93504.76701191365
0.00010899999999999999	-0.020721446759115757	-0.009338920908119299	0.011174451321912526	0.002111333657414331	0.0004909516480983159	0.23009278514953233	2361.7905590900045	0.26148527158933704	1818.3595914091143	95322.13294323359	93244.60938580643
0.00010949999999999999	-0.021154577583203518	-0.009317837026266226	0.01136230749587384	0.002125803716746513	0.000495091146358212	0.23151824740192734	2356.4584962532517	0.26333846046486	1810.8953551253178	97771.08172096628	93034.09702071968
0.00010999999999999999	-0.021248996272274855	-0.009294037066603408	0.01129391708269463	0.002140227045680511	0.0004992524025415869	0.2329419338548968	2350.4395438934025	0.2651927749457155	1802.9236111298517	99396.65187978488	92796.46593207559
0.00011049999999999999	-0.020972694390367665	-0.009415664276547378	0.01133408303007407	0.0021544237172940583	0.0005034242659142901	0.23435319210947478	2381.1987717528423	0.2670343018793204	1823.157238545403	96236.87363395451	94010.85480992238
0.000111	-0.020427440336773076	-0.009341728757687849	0.011096383929226506	0.002168275447658154	0.0005075584651658385	0.23573907863271232	2362.50065746942	0.26884602800608537	1805.566929208402	93166.08615050619	93272.64440599874
0.0001115	-0.019825038050822717	-0.009246320110482452	0.010930826021879538	0.002181834445388333	0.0005116608432551036	0.23711083047577972	2338.372040850625	0.27064251444206516	1783.9187042831895	88804.40626842852	92320.03519897987
0.000112	-0.019335921514024263	-0.009198655508534664	0.010871728041114933	0.0021951403269937922	0.0005157859398044235	0.23846174886051283	2326.317778051891	0.2724148766025122	1771.5799722923346	84510.87892404718	91844.12719698712
0.0001125	-0.019018111695791828	-0.009348466093299016	0.01059970009414854	0.0022081991822365905	0.0005199801234879981	0.23977471369566197	2364.204513385583	0.27414046028044564	1797.328053070563	84053.76907750787	93339.91344420402
0.000113	-0.01882848160422089	-0.00950928277866665	0.010268496253333068	0.0022210618180378335	0.0005241856519775942	0.2410500201643443	2404.874664999696	0.27581940647800796	1825.1795785087986	85467.31450502225	94945.59028388988
0.0001135	-0.01873441654564349	-0.009399474231972722	0.010001159931824934	0.0022338425565785994	0.0005283877082479291	0.24230296399346796	2377.1043485530026	0.2774716618822982	1801.1249191768484	87197.34427920259	93849.20504362122
0.00011399999999999999	-0.01881568852795016	-0.009493671102164692	0.00991306559695517	0.002246623079396329	0.0005326043226523462	0.24354561845528208	2400.9265096896074	0.2791130495617624	1816.19137802157	88888.38505828223	94789.71524312184
0.00011449999999999999	-0.01889698529989236	-0.009464930029162044	0.009837621250850283	0.0022593175961739885	0.0005368195547223533	0.24477482815995405	2393.65796169101	0.2807393333503303	1807.7507454443871	90453.3693290333	94502.74952707953
0.00011499999999999999	-0.018642681324032205	-0.009487455896268506	0.00969937531037918	0.002271803327354186	0.0005410520733879947	0.24598041814764396	2399.3546991182548	0.2823369406849449	1809.160426944632	89294.58596611526	94727.65941764222
0.00011549999999999999	-0.018333661037147255	-0.009542653444232335	0.009462210669806435	0.002284152196850354	0.0005453040696841596	0.2471660763794571	2413.3140257844166	0.2839106284683909	1816.8246669597704	88577.14208384392	95278.78024301154
0.000116	-0.01834412269706143	-0.009575030569374313	0.009382580995670691	0.0022965166763557272	0.0005495566973043382	0.2483500587108949	2421.5021225937944	0.28548456701764935	1820.121928279069	89476.66049021861	95602.05018143392
0.0001165	-0.0184304829155764	-0.009545491982218258	0.009435573994433394	0.0023090045537341782	0.0005537790719282691	0.249546733461737	2414.031885190522	0.28707789961659946	1811.6181137687486	89809.81604455954	95307.12167221178
0.000117	-0.018697207431917155	-0.009439008056079164	0.009584313664484293	0.0023217259390917473	0.000557973791555963	0.25076558814971306	2387.1023572584995	0.2887033780064136	1788.4992306670053	90987.8376826031	94243.9311605463
0.0001175	-0.019127846914360522	-0.009421150509970787	0.009788100787760825	0.0023347330789860368	0.0005621791421935624	0.2520088053745404	2382.586226945134	0.29036407296804584	1782.1535181908573	93252.84879329469	94065.63219775961
0.000118	-0.01959479053248397	-0.009486806848448798	0.009971530586769216	0.002348022313844237	0.0005664208017086681	0.2532776395826307	2399.1905564910635	0.29206183573815436	1791.5292354340686	96083.59718263787	94721.17898901274
0.0001185	-0.01998903785814577	-0.009584401274718832	0.010195255817546246	0.002361569780337229	0.0005706986755130381	0.254579099308412	2423.871951360141	0.293806252765299	1806.804813143953	97786.17784325316	95695.61214304765
0.00011899999999999999	-0.02023729468139638	-0.00964963232869634	0.010490078906485735	0.0023753134872174	0.0005749996957240629	0.2559100403836059	2440.3687274822755	0.2955933379955934	1815.8538678813975	97321.2361976996	96346.9126742117
0.00011949999999999999	-0.020402792276706796	-0.009688471376772647	0.010663830886474823	0.002389126111319269	0.0005793097460541724	0.2572608595504179	2450.191029006525	0.2974103854806263	1819.8527788215833	97238.82015813192	96734.70178843828
0.00011999999999999999	-0.020231216618643865	-0.009690233249121393	0.01080602028419477	0.002402870496523545	0.0005836135538004047	0.2586179428245231	2450.636602271416	0.29923918983233305	1816.8580055815034	94106.02779879692	96752.29323187837
0.00012049999999999999	-0.019996417417085563	-0.009660403679229927	0.010763392289367443	0.0024163960190832882	0.0005879045029766092	0.25996303806336074	2443.092776036617	0.30105514546828355	1807.9789557074885	92187.2912249332	96454.45940074931
0.000121	-0.019437710914868695	-0.009632418975181311	0.010615483061042498	0.002429683887901149	0.0005921909329275621	0.2612883811956607	2436.015511921072	0.3028476658526626	1799.5129622436964	88085.67908819222	96175.04566296704
0.0001215	-0.019241825561868826	-0.009640084489294506	0.010449453312124532	0.0024427629440106242	0.0005964709601589449	0.2625919094381783	2437.9541019403296	0.3046138215012708	1797.7670791891792	87787.58531826061	96251.58211468974
0.000122	-0.01884557892512813	-0.009603631280874544	0.010268758311764123	0.0024555983941879325	0.0006007588507926585	0.26387997420218173	2428.7351735071784	0.3063620950194744	1787.8405985781726	85635.40646007184	95887.61445574707
0.0001225	-0.018392308431300942	-0.009675439656741195	0.010203677570681658	0.0024682434366579196	0.0006050544592411924	0.2651617087786264	2446.895338461354	0.308104815919188	1798.072389312486	81759.51949000609	96604.58636547744
0.00012299999999999998	-0.018090085817670534	-0.00963833186260929	0.010168146632489163	0.002480762600143005	0.0006093353364506967	0.266436173844543	2437.5108668814314	0.30984066929457	1788.0697978050478	79096.7320708478	96234.08298472922
0.0001235	-0.017941876766149077	-0.00960920555085634	0.010088136339880998	0.002493148025783913	0.0006136007931551771	0.26769862717345483	2430.1448929326193	0.3115631382390808	1779.5984412619748	78415.80044094844	95943.27084604929
0.000124	-0.01767969211796696	-0.009568998701937616	0.009977232695132036	0.0025053424730517955	0.0006178749884354823	0.2689383785582917	2419.976677876376	0.3132575253273123	1769.152073979422	76905.3327743518	95541.82490181806
0.0001245	-0.017444029716410688	-0.009648495644195114	0.0097273127947704	0.0025173741590941616	0.0006221899906330565	0.2701591556009434	2440.0812627151927	0.3149287899809697	1780.8709691823726	77047.68700563874	96335.56342911642
0.000125	-0.017249467751333642	-0.009752473403130834	0.009675655464968574	0.002529230504137322	0.0006265404198358083	0.2713493273758285	2466.3769870098718	0.3165608488927614	1797.1272505295206	75620.85332466452	97373.73107312586
0.0001255	-0.017142105930597916	-0.009807781363976042	0.009240874224657513	0.00254089683237076	0.0006308474963506445	0.2725002279508438	2480.364236827264	0.31814159327103164	1804.4644168907141	78889.97790383155	97925.95431772505
0.000126	-0.017019294959796687	-0.009557552492812581	0.009051481010521922	0.0025524462868833308	0.000635080338473888	0.2736270189146601	2417.081959212963	0.31969164802925715	1755.7030282411138	79554.76940734943	95427.54003857609
0.00012649999999999998	-0.016999819137451366	-0.009474011166977906	0.008857677289834803	0.00256388093335501	0.0006394019512912903	0.27472510758811847	2395.9545595282025	0.321204534043766	1737.725685385574	81295.34917516791	94593.42029694146
0.000127	-0.01695929161719032	-0.009956680328864811	0.008595288266603935	0.002575244145119794	0.0006437769203714236	0.2757921880734111	2518.0204256945267	0.32267689473475025	1823.570062878691	83510.52900008575	99412.6384813026
0.00012749999999999998	-0.017171479355923485	-0.00971390981692838	0.00836483472338009	0.0025866520537846014	0.000648078109794211	0.27683678491561686	2456.6243491287196	0.3241203352957139	1776.540362570505	87930.08815902779	96988.69231250873
0.000128	-0.017517610209481747	-0.00962495469282736	0.008237934386297987	0.00259818965956236	0.0006523569405944215	0.27787887269536476	2434.127812928074	0.32556238781060076	1757.7351202751872	92653.07586098128	96100.51841305378
0.0001285	-0.01779449810309832	-0.009613381723385257	0.00832495581221971	0.002609813068077012	0.0006566207268064782	0.2789369481815087	2431.2010368863976	0.3270286950096774	1753.0492392415863	94548.8007300373	95984.96790934146
0.000129	-0.017649285822262335	-0.009557311717057648	0.008492042179049206	0.002621331263556703	0.0006608736078567352	0.2800083151961376	2417.0210676056286	0.3285156159222495	1740.2350706718066	91430.64974666554	95425.13600909138
0.0001295	-0.01711018788431994	-0.009564350298405615	0.008536210690305098	0.0026326010212390535	0.0006651459719853727	0.28107268946559055	2418.8011078416007	0.32999502437683204	1738.942175178212	85607.01629282004	95495.41284030974
0.00013	-0.016643410415482073	-0.009644910884637604	0.008380899842688727	0.002643606599633376	0.0006694321457946125	0.28211881686738854	2439.1746856745654	0.3314512067299646	1751.0376092191727	82497.17269116093	96299.77133836303
0.0001305	-0.016212408562422256	-0.009626440924005232	0.00824619590334484	0.002654319184446492	0.0006736989370303238	0.2831515700315423	2434.5036772060844	0.3328908554736666	1745.1701387576184	79538.78129904075	96115.35771269034
0.00013099999999999999	-0.01553863189537643	-0.009557763603625933	0.008168330389429322	0.002664633360891849	0.0006779539632457082	0.2841681632254353	2417.1353486281637	0.33431000444655073	1730.262436341226	73588.89659084367	95429.64787796371
0.0001315	-0.014677943885439797	-0.00957354343177776	0.007989350157485435	0.0026744506110628515	0.0006822163520175447	0.2851518572516574	2421.1260290846867	0.3356851466101604	1730.7374452508582	66782.37407078083	95587.20183164513
0.00013199999999999998	-0.013827266243420793	-0.009590866884528497	0.007645432690843322	0.0026837942448901136	0.0006864810436158634	0.28608781168401015	2425.507088476888	0.3369953097577308	1731.5990733104802	61722.61876605187	95760.1681305193
0.0001325	-0.013307256546122645	-0.009583897323444966	0.007230579479286893	0.0026927604244391485	0.000690745555733799	0.2869805356027695	2423.7445032992173	0.3382465596456066	1728.1770075781394	60672.68210486376	95690.58043326625
0.000133	-0.012817272484966741	-0.009590059910813105	0.00695832910534134	0.0027013639989429696	0.0006950248995914409	0.2878317525806628	2425.3030067718173	0.3394410929299638	1727.223791793534	58498.71652427837	95752.11088818728
0.0001335	-0.012336633036857995	-0.009650583297121627	0.006570870271098609	0.0027095453988786166	0.0006993161249407245	0.28862326310227354	2440.6092251019613	0.34055312045546693	1736.192626595522	57568.353152776595	96356.40763409267
0.000134	-0.011868076645103864	-0.00964348107748192	0.006009357724264056	0.002717252285904764	0.0007035732301732592	0.289351223001913	2438.8130908955927	0.3415769557609739	1733.1395403718773	58496.47541184238	96285.49540530391
0.0001345	-0.011213214265385673	-0.009497173565533795	0.0055607999159780624	0.0027243984507400697	0.0007077482619465827	0.2900154127915863	2401.8122742228	0.3425120173395653	1705.2496960661758	56436.62402569596	94824.68564622871
0.000135	-0.010360535107533916	-0.009274465125957218	0.004995798838108023	0.0027307985462635452	0.0007118812108732387	0.2906028040082249	2345.489847338948	0.343339689298052	1663.8839209294263	53564.297505248316	92601.04956883287
0.0001355	-0.009079394910399458	-0.009307962073110113	0.004340167300092094	0.0027364085557682284	0.0007160129597274321	0.2911025032553835	2353.961144432306	0.34404433731005407	1668.7171627221542	47318.896011780416	92935.50038853873
0.000136	-0.008201948391279659	-0.009269069400152067	0.0036020271328679495	0.002741409567612336	0.0007201179357103063	0.29151517495544377	2344.125281304883	0.3446266385076587	1660.7771898078113	45927.989450383284	92547.17585579854
0.00013649999999999998	-0.007724451338521352	-0.009187586781514516	0.0029569558904121323	0.002746006065757606	0.0007241953800375541	0.2918554739250199	2323.5185237017863	0.34510707324643175	1645.386923793239	47601.13670317804	91733.61131002907
0.000137	-0.0075334758817252635	-0.009145282487845824	0.002451738633500662	0.0027503413067068655	0.0007282423889041286	0.2921224783191872	2312.8198699302548	0.3454841922295081	1637.1931976203687	50738.68912414102	91311.2233941993
0.00013749999999999998	-0.0077147356981340075	-0.009050743877751111	0.0017920156346704112	0.0027544137301242625	0.000732248496401061	0.29231891209578925	2288.911283597003	0.34576172758061663	1619.8192272921508	59135.495872869324	90367.30108701983
0.000138	-0.007473450263789045	-0.00896138311303954	0.0013300928252591216	0.002757997365163212	0.0007362044931421666	0.29245448227925863	2266.312161864923	0.34595331553316827	1603.5190118835294	61338.45337260388	89475.07706221807
0.0001385	-0.006484424539256244	-0.00882543756776085	0.0008246527793192064	0.002761058789670426	0.0007401217781875335	0.2925368360918461	2231.931861555237	0.3460697159676669	1579.0095764032837	56510.084212119735	88117.72652975656
0.000139	-0.005971322971650948	-0.00878732887704978	0.00048427453162695977	0.0027635762645728816	0.0007440083141848281	0.29256603285538857	2222.29426564601	0.34611098647830085	1572.1264485086779	54785.5253840104	87737.22968065391
0.0001395	-0.004883611893364248	-0.008687184722786056	-2.0222656052095896e-05	0.002765475097211317	0.0007478118757373449	0.2925371325626181	2196.9680507208477	0.3460701350295335	1554.2733168312866	48962.41670227753	86737.33872553568
0.00014	-0.004113195905344633	-0.008414261944255139	-0.0004391171281438808	0.0027669679321275765	0.0007514882942002042	0.2924771814476521	2127.946538702845	0.34598539761403113	1505.5707327917496	45452.64434571968	84012.3367550747
0.0001405	-0.003551698657730765	-0.008115528201170317	-0.0005137428456105947	0.0027681333595314626	0.0007550442210314725	0.29239656511066897	2052.3974960414016	0.34587146242715405	1452.2835179571578	40591.46754635608	81029.62478456358
0.00014099999999999998	-0.002969569150055422	-0.007872511486684578	-0.0007675691164022759	0.002768839078278882	0.0007585337469464368	0.29227746032595114	1990.9391554450606	0.3457031552143428	1409.0325154280843	37313.51847873969	78603.22040236734
0.0001415	-0.0020965053519459197	-0.007816978614647115	-0.001125476277409617	0.0027689684205617947	0.0007619379556827737	0.2921107113015972	1976.8950261299478	0.3454675694106881	1399.422813878539	32169.928563834812	78048.7515282704
0.00014199999999999998	-0.001135339625750403	-0.007488911232046404	-0.001524824239263071	0.002768569321542093	0.0007651786585601763	0.29190209327724986	1893.9275768288098	0.3451729085175226	1341.0861526369708	26560.449856660234	74773.15735162076
0.0001425	-0.0003860089393953732	-0.0070818290219016354	-0.0017909400349640562	0.002767745434297201	0.0007682434063651399	0.2916613283247832	1790.9774683363476	0.34483294983746965	1268.618600921611	21735.782834449066	70708.6383299575
0.000143	0.0002636373913512058	-0.006697787900515415	-0.0020357658806560695	0.002766548319114975	0.0007711304256875764	0.2913986674187394	1693.8543955835048	0.3444622059693266	1200.2674819090971	17693.846044143025	66874.17343791499
0.0001435	0.0009440728984019325	-0.006282732143046494	-0.002138953208075377	0.00276507530384959	0.0007738574081274199	0.2911170891894567	1588.8877962161416	0.3440649130409585	1126.3354059330477	11930.302101758467	62730.0424018686
0.000144	0.0012034591746544101	-0.005978235403562752	-0.0023364368545832513	0.0027634424751143047	0.0007764429119479715	0.2908054787816879	1511.88130567384	0.3436254301104127	1072.2179387162755	11312.234277083833	59689.789699039895
0.0001445	0.0011852909764291702	-0.005646620690940928	-0.002616283126299263	0.0027616926515698745	0.0007788662939296114	0.2904592294699579	1428.0167451714974	0.3431373202838393	1013.236101698787	14287.764653064529	56378.77714745857
0.000145	0.0011789383569561726	-0.005249308595508633	-0.002886985833330118	0.0027597860547612625	0.000781106448013939	0.2900871189213487	1327.5374751106017	0.34261301918149384	942.4359536956455	17054.028116721092	52411.80799681166
0.00014549999999999999	0.0014791325167234767	-0.004822797526642948	-0.003027320310645317	0.002757711188674999	0.0007831589433907046	0.2897053106638284	1219.673855137272	0.34207533965538445	866.3278620261796	15457.906488383262	48153.301215741536
0.000146	0.001781370181688485	-0.004405563769857632	-0.0030411207257961073	0.0027555462950490705	0.0007850283306969954	0.28931501187137165	1114.1564449991813	0.3415260020280257	791.814259887678	12578.000024258457	43987.423909703386
0.00014649999999999998	0.0017489632089722283	-0.003999513123777342	-0.0031622684413224224	0.00275335933546899	0.0007867321574165348	0.28890336571294845	1011.4672165690466	0.34094694521165464	719.2509333939413	14111.169334225482	39933.204556405995
0.000147	0.0015412884396993384	-0.0036611757783918523	-0.0033804146753093687	0.002751257887740956	0.0007883027416605801	0.28847702306425715	925.9025184651898	0.3403475683183632	658.8009162906535	18362.78614390587	36555.06976744204
0.00014749999999999998	0.0011309024009498818	-0.0034004327468767563	-0.003395853710572476	0.00274932894167598	0.0007897547311607293	0.2880507745212194	859.9612350728586	0.33974868264282315	612.2487352518972	22614.44359808381	33951.676681356636
0.000148	0.0007671879227856564	-0.003127954044043873	-0.0033789189648353295	0.0027475799579643064	0.0007910790142651665	0.28762683653210736	791.0520287271554	0.33915339887150703	563.5242361720581	26076.87153929969	31231.10859200551
0.0001485	0.00035848549341778804	-0.0028262435073560777	-0.0033591298839302777	0.0027459385320937964	0.000792258677726467	0.2872085810626161	714.7501621477206	0.3385664414258016	509.467782262999	29959.983262712314	28218.67477681208
0.000149	0.0003739076206002081	-0.0024777200252276677	-0.0032886012868438438	0.00274423868483641	0.0007933022143653048	0.2867983205841224	626.6094146448252	0.3379910382344582	446.8988868624893	29101.806842789043	24738.836338027268
0.0001495	0.0007482297662127491	-0.0022141946257600662	-0.0032320579034272974	0.0027424242948537684	0.0007942377645385966	0.2863958075816526	559.9644771122787	0.3374268227078843	399.5929984726698	24799.822882608267	22107.662653363997
0.00015	0.0010120487938983327	-0.001992194878389223	-0.0031654632967497943	0.0027405231362484252	0.0007950862863606529	0.2860034106847916	503.8212767768973	0.336877093523418	359.7266732431383	21500.802516653035	19891.102524950762
0.0001505	0.0012991408236263068	-0.0018229006538793937	-0.0030712730351162643	0.0027386246226347374	0.000795892381083493	0.2856355489404697	461.0071759734354	0.33636201121291404	329.32713819876744	17693.88320836131	18200.781556286405
0.00015099999999999998	0.001390116937835387	-0.0018014355691301474	-0.0027755028294972864	0.002736912294198285	0.0007966779260106422	0.2853118151201123	455.5787078442362	0.3359089364726928	325.5967197791218	13832.40821798924	17986.463064613923
0.0001515	0.0011633882162353458	-0.0017305053474869683	-0.0023699060547946217	0.0027354766908362603	0.0007974007127209461	0.28502821413369267	437.64062597383753	0.33551219739355137	312.9006999201633	12046.49720029838	17278.25910016908
0.00015199999999999998	0.0007837841048847261	-0.0015192641664913639	-0.002137633606975398	0.002734324232118984	0.0007980466279596561	0.2847764452622507	384.21824111000507	0.3351601211884419	274.80193620178346	13517.532617698938	15169.118054654196
0.0001525	0.0003962607199940669	-0.0013848783992882747	-0.0018639680374723134	0.0027334298556421703	0.0007986373178987059	0.28455007715124286	350.23240491126586	0.3348436714653662	250.57374707289983	14654.347847829595	13827.341152039067
0.000153	2.7121733193329926e-05	-0.001270962015002507	-0.0017339152118403913	0.0027328052336936114	0.0007992063121407267	0.28435480467277663	321.42322625146113	0.3345707720931331	230.0249875334332	17041.507555795008	12689.941139781236
0.0001535	-0.0003223681952062052	-0.0012873309294967722	-0.0013697356345507142	0.0027324416587952275	0.0007997419754538466	0.2841868928030284	325.5628852222846	0.33433616956196294	233.04218045897454	16894.838514879895	12853.376835736262
0.000154	-0.0007117211881023456	-0.0011211006035090924	-0.0012990470877073637	0.0027323457176004636	0.0008001979302285392	0.28404408493695976	283.52363696065436	0.3341366850580772	202.9904249421665	20076.5489169354	11193.64741225216
0.0001545	-0.0011266921739338774	-0.0009289480559713423	-0.0009707338761875604	0.002732621142596281	0.0008005633348798221	0.2839545225741405	234.928721429761	0.33401159808064007	168.21964849721996	20941.784889639202	9275.097141410071
0.000155	-0.001535164153323354	-0.0007139721569719589	-0.00045276576570868026	0.0027332412979581017	0.0008008658016594968	0.28391940603623345	180.56183539614986	0.3339625569541421	129.29682633766285	19848.51896811159	7128.666742568963
0.00015549999999999999	-0.0018112981810553257	-0.000645968895575479	-0.00010537470269575916	0.002734099510020888	0.0008011610203405915	0.28392353216351623	163.3639747082088	0.3339683190697548	116.9810979807828	19137.05192752598	6449.687060841194
0.000156	-0.0019817858312886024	-0.0006813834977399982	0.00017095515998339972	0.0027351553886375904	0.0008014370890795073	0.28395986215641145	172.32024212593277	0.33401905515194097	123.38820992509345	18080.268616783356	6803.28473854648
0.00015649999999999998	-0.0021881933488716913	-0.0005598675638821477	0.000406471900318596	0.0027364968405875047	0.0008016998753601418	0.2840334474398467	141.58915572011878	0.3341218274141003	101.37309970083615	17789.627103513347	5590.006898611483
0.000157	-0.0026736374389337756	-0.0006216633515635866	0.0007630888540159068	0.0027381372121953714	0.0008019512645607057	0.28415145003256576	157.21716128665742	0.33428665678735925	112.54367693704995	19075.90376511155	6207.00795694943
0.00015749999999999998	-0.0028262194950923144	-0.0005086243923714373	0.001112438356195616	0.002739939397262341	0.0008021789665617211	0.2843060243999428	128.629881315449	0.33450261176629575	92.05963113961722	17111.275964469678	5078.368609968098
0.000158	-0.0028199077926199193	-0.0005151617545278295	0.0013443587813650258	0.002741831253104009	0.0008024501611297014	0.2844791800359003	130.28316442751563	0.3347445819266645	93.2203166386936	14732.643368299301	5143.641009925612
0.0001585	-0.0029340645049945723	-0.0007041742222061126	0.001407768094465383	0.0027437183173048556	0.0008028097588278511	0.2846532251268882	178.08396134022578	0.33498785403999515	127.39178740135844	15239.331610895219	7030.839101772191
0.000159	-0.0027842268238443407	-0.0009126369616245289	0.0013584957344040124	0.002745466924970893	0.0008032441572186904	0.284819999068456	230.80368503468475	0.3352210184171241	165.06617967810962	14235.235508685326	9112.23875166813
0.0001595	-0.002427108127667125	-0.001040490603320958	0.001292200815199782	0.0027469430294860624	0.0008037377521171274	0.28498223294831065	263.13756245743645	0.3354478875735196	188.14803233574062	11331.500724897342	10388.795539741111
0.00015999999999999999	-0.0016311667504323253	-0.0011787943258681909	0.0012863362243207375	0.0027481213939006106	0.0008042919456015394	0.28514707774035597	298.1142401071071	0.33567846058128575	213.1078357077787	3442.966058704133	11769.691331920674
0.0001605	-0.001046921306286873	-0.0013129519456287183	0.001333698520837318	0.002749098211231987	0.0008049216721938038	0.2853157845349831	332.04237836823404	0.3359144905394565	237.30544668523964	-2863.3318147343566	13109.190292643658
0.00016099999999999998	-0.0006635950005953995	-0.001518403767624012	0.001347718697037111	0.0027499154899795833	0.0008056429046872641	0.2854817134994544	384.0006483129404	0.336146688516984	274.37548524766083	-6830.644297546342	15160.52738801385
0.0001615	-0.0003737599351382168	-0.0017243777283889985	0.001289547829547166	0.0027506325259337317	0.0008064398977003604	0.2856477515919927	436.09096589237106	0.33637909318798687	311.52256199563493	-9143.699291871311	17217.077786516616
0.00016199999999999998	-0.00021115221817065856	-0.0018590356906609503	0.0013494531729868616	0.0027513016431752225	0.0008072826920057502	0.2858181418726281	470.1456395671095	0.3366176458142966	335.7694864565199	-11365.384602738031	18561.572425273058
0.0001625	-8.913596019878285e-05	-0.0019303079720893034	0.0013587212859263768	0.0027519860487663244	0.0008081527901230341	0.2859892004235835	488.1702275316508	0.33685719129977537	348.55881448927516	-12676.195563076191	19273.191691268148
0.000163	-0.00026926973158526284	-0.00198179817957152	0.0013600746274818147	0.002752673259540928	0.0008090127881700624	0.28615470694891537	501.19197673731713	0.3370890165193163	357.7735335089025	-10891.159421381397	19787.29651463154
0.0001635	-0.0001899921457859655	-0.0018848963728757932	0.0012704776728944248	0.002753298480749619	0.0008098238991527521	0.28630125360773556	476.68574368701286	0.33729432949781063	340.21001769248534	-10788.125514014519	18819.77883212645
0.000164	-0.00029190146619089433	-0.0017619937904607447	0.0010587274729383534	0.00275390699145899	0.0008105669196793323	0.28642485033576004	445.6039772076244	0.33746752222371257	317.97192472691114	-7656.386874834767	17592.655976868653
0.0001645	-0.0004796239892052063	-0.0015787503337982242	0.0009057126394490574	0.0027545122147198367	0.0008112378724152622	0.2865302281345834	399.26214925785587	0.33761520895371677	284.8614745454983	-4254.289135393743	15763.058670380422
0.000165	-0.0005666912843120066	-0.0014379649923987096	0.0007691567383443283	0.0027551095420930974	0.0008118747748200598	0.28662201080946526	363.657876189588	0.33774385992477834	259.42552446942875	-2021.5196553330336	14357.385113959997
0.00016549999999999998	-0.0006602029714776436	-0.0014256543699718827	0.00068963243060832	0.0027556901471156177	0.0008124848232673173	0.2867022530730017	360.5445494883282	0.33785634836428796	257.1756148168341	-293.83891865811916	14234.46950189098
0.000166	-0.0006749275196119981	-0.0013172251236390525	0.0005857340270582374	0.002756231144127543	0.0008130225127855985	0.2867699931334421	333.1230547741498	0.33795132031321945	237.59335864397562	890.5538931912986	13151.855908760313
0.00016649999999999998	-0.0006808281349847409	-0.0011003165654731712	0.0004909230501287522	0.0027567523671635672	0.0008134787215121803	0.2868289904194339	278.26740390161547	0.3380340421920532	198.45224537387827	1896.110442736484	10986.128842688697
0.000167	-0.0007249776409623737	-0.000950873904026119	0.00044677681439645356	0.002757256379977323	0.0008139023511455305	0.2868729889380309	240.47371548692152	0.3380957383004039	171.4883019641547	2777.7007278640435	9494.016131883878
0.0001675	-0.0008418377538293027	-0.0009538355324555153	0.00025253340359353895	0.002757785768207247	0.0008143390904880262	0.28690884786899445	241.2227041691149	0.3381460236380845	172.01377603611084	5883.918976047539	9523.586559641208
0.000168	-0.0009684399333755229	-0.0010098173412953955	0.00031740662231179503	0.0027583258189005267	0.0008147602249017207	0.2869349424231031	255.3803685180934	0.33818261788201637	182.1028171813634	6500.252800567999	10082.537850624647
0.0001685	-0.0010449724755291889	-0.00088367317174372	9.733889421709434e-05	0.0027588388823855795	0.0008151508652106714	0.28695332982717503	223.47881247510585	0.3382084046471276	159.3508230895514	9461.663076458548	8823.049315293252
0.000169	-0.0009695979982220679	-0.000872710764016715	0.00019490957140964933	0.0027593501107380266	0.0008155229891522723	0.2869838444030834	220.7064460176465	0.33825120020334243	157.3672616549607	7734.889337270968	8713.594975066017
0.0001695	-0.0008439727607751955	-0.0008004204980776278	0.0002900875469200526	0.0027597620500576106	0.0008159035319911	0.2870096827850311	202.42441222714675	0.3382874390037168	144.326645885887	5530.2760263870205	7991.811625982733
0.00016999999999999999	-0.000597501147401542	-0.0009105635290983626	0.00012058638230537213	0.002759979707773292	0.0008163353300866644	0.28701097176083484	230.2793189528442	0.3382892468501039	164.18662784376514	4761.763314972912	9091.536530512996
0.0001705	-0.0003606373026843088	-0.0010308726749084075	-0.0001000994664029634	0.002760042454336433	0.0008167867282469621	0.28698593578252846	260.70521157383325	0.33825413335218585	185.88648246693467	4600.233847774695	10292.765175339033
0.00017099999999999998	-0.00031940226949793795	-0.0009986886868166265	-0.0002978211001364348	0.0027601049877654647	0.000817267009964629	0.2869470779530105	252.56595865833324	0.33819963685250987	180.09289483092365	6162.676884361627	9971.423616970495
0.0001715	-0.0005793628167511225	-0.0011607379627667975	-0.0003197832669485386	0.0027603072841895894	0.0008177469238772332	0.28692193378808534	293.5478294560333	0.3381643747831279	209.32251856921317	8977.538859169606	11589.407277597662
0.00017199999999999998	-0.000729835701342649	-0.0009970349739538609	-7.985681221009062e-05	0.0027607247976367245	0.0008181887596519671	0.2869295229870436	252.14773866641428	0.3381750177122877	179.7991082885983	8084.388216972415	9954.91209369688
0.0001725	-0.0010267520000928957	-0.0009895323085451894	0.000200479154668527	0.0027613984462554965	0.0008186463782704961	0.286958522900379	250.25033269151135	0.33821568760956433	178.4388668670268	8249.934813208492	9880.001607542557
0.000173	-0.0015411613162860445	-0.0010679972701312832	0.00026044399372187455	0.0027622503503310788	0.0008191436832314499	0.2869849783389867	270.0939321091143	0.3382527905415079	192.5810308532884	12787.343168556832	10663.436306856338
0.0001735	-0.0018686599951323148	-0.0011679687184772303	0.00016003740269026628	0.002763187198469909	0.0008196403147304679	0.28700071252258424	295.37647012447917	0.33827485789875306	210.60321273634784	17059.770372560855	11661.60287689836
0.000174	-0.002093487064127292	-0.001064969273024106	9.004091158884034e-05	0.002764147263122555	0.0008201055608986805	0.28701172326721464	269.32815894848443	0.33829030087302164	192.0278199242936	20003.441056721098	10633.203219944271
0.00017449999999999999	-0.002048119409501384	-0.0010268550402878134	8.49633038537247e-05	0.0027650659328858217	0.0008205534766431441	0.2870209837007139	259.68916147445367	0.3383032891561955	185.15292289164248	19601.16442096958	10252.65103639965
0.000175	-0.001935188098473442	-0.0009870487994447323	6.222155544435273e-05	0.002765890738348125	0.0008209969220808855	0.2870239847437756	249.62225923371236	0.3383074983254826	177.9746837077085	18700.66524983581	9855.2049700877
0.00017549999999999998	-0.0017255763017486215	-0.0010067557962137187	-1.4523129574432643e-05	0.002766576894742027	0.0008214376686796743	0.2870210301210123	254.60611115567735	0.3383033542637217	181.52880285666987	17374.05138800533	10051.969803409493
0.000176	-0.001406457828641987	-0.00097491436970713	-3.243749443155655e-05	0.0027671754256367947	0.0008219011127516503	0.2870211646225568	246.55349123833358	0.33830354291102105	175.78742104134972	14366.674015882176	9734.048556821737
0.00017649999999999998	-0.0012824990686706819	-0.0011088074185760595	3.457525514178655e-05	0.0027677320604441035	0.0008224109887542813	0.28702441245540855	280.41472015949137	0.33830809822190555	199.92884986186556	12459.915838304403	11070.905905126687
