time	incid	trans	refl	U_in	U_out	eng_strain	eng_stress	true_strain	true_stress	F_in	F_out
5e-07	-0.0007031422475069256	-0.00029184969484086784	-6.924340496616959e-08	2.765770461878434e-07	1.2189167218162596e-07	5.173715583053959e-07	74.01672812940475	5.173716920985252e-07	74.01668983525478	7021.226695332914	2913.9780776110942
1e-06	-0.0005320199688109403	-0.0002561955785664195	8.44352292200897e-06	4.7463563359672874e-07	2.2843065289140458e-07	3.486275966669923e-06	64.97439888380129	3.486282043765115e-06	64.974172365116	5227.6576342002545	2557.9889673364078
1.5e-06	-0.00042328828951273173	-0.0002228214352015301	-7.324736249076447e-05	5.979104062895369e-07	3.1965422819609063e-07	1.889506127262257e-05	56.510299247384985	1.8895239786535803e-05	56.50923148181817	4957.668382964881	2224.7642840713993
2e-06	-0.00038038531502879386	-0.00018733496329755608	-0.00017616231822844636	6.594170800537139e-07	3.944186239341239e-07	4.575338469467401e-05	47.510486708192964	4.575443141273514e-05	47.50831294261757	5556.858996690787	1870.4490217706273
2.4999999999999998e-06	-0.0003308931359012492	-0.00014881822067326468	-0.0002585718763455628	6.40236476330117e-07	4.605795239072801e-07	8.051945627481217e-05	37.74215966297578	8.052269814029509e-05	37.73912068480108	5885.52310853894	1485.8779716300007
3e-06	-0.00014559826080060397	-0.00014865221242270747	-0.00030415871146486923	5.015700880390521e-07	5.226714076647451e-07	0.00011818797153100896	37.700057897012215	0.00011819495627961352	37.695602203642764	4490.605885844526	1484.2204595223043
3.5e-06	0.00015935533198209453	-0.00013052324559814808	-0.0003055514101749834	2.6043957110385476e-07	5.798939485529265e-07	0.0001496412207345597	33.10232545993682	0.00014965241809911903	33.09737198754584	1459.6971469135174	1303.2114921313696
4e-06	0.00041569907831952936	-0.0001267588353252635	-0.0002035571720835297	1.6743677697554847e-09	6.251208390683984e-07	0.00016372280163218488	32.14762399318504	0.0001637362056731764	32.142360694119056	-2118.134351490052	1265.625675855972
4.5e-06	0.0005198251186793289	-7.658880224738409e-05	-2.4370112641611027e-05	-2.0793971051323328e-07	6.628331631822008e-07	0.00015977766244501881	19.42387692675963	0.0001597904282555359	19.420773425108653	-4946.878655548328	764.7021555429662
4.9999999999999996e-06	0.00048649152487201133	-9.297209235562384e-05	8.822692455291866e-05	-3.630942331301672e-07	7.034534810570749e-07	0.0001477837902265116	23.578883943189588	0.0001477947113268223	23.575399366351153	-5738.28580953642	928.2813850521286
5.5e-06	0.0004052442824040274	-8.966362686278957e-05	0.00010590828995028256	-4.832259328506462e-07	7.402257393412431e-07	0.0001387438065997873	22.739815767901092	0.0001387534324121323	22.736660759300076	-5103.611264583046	895.247956931162
6e-06	0.0002812108444680846	-7.567057509254441e-05	4.0414693028602485e-05	-5.674594868838764e-07	7.72949208735499e-07	0.00013400342949538232	19.191003050643836	0.000134012408757168	19.18843139041959	-3211.2754682722843	755.5341014152107
6.5e-06	0.0001742459452783112	-7.145959721559598e-05	3.631399885871756e-05	-6.146500513323848e-07	8.073623734978388e-07	0.00013055142948982458	18.123046461389986	0.00013055995206944697	18.12068047176774	-2102.3392248974883	713.489523553227
7e-06	9.380546006621607e-05	-8.326772708334454e-05	1.9560763631241095e-05	-6.411388945089953e-07	8.423604838243268e-07	0.00013498769413041858	21.11773569214077	0.00013499680578921773	21.11488505769443	-1131.906924816448	831.3879904026288
7.499999999999999e-06	-4.651347306256191e-05	-7.408960996293337e-05	-9.136703035682374e-05	-6.488536006273342e-07	8.747635463149958e-07	0.0001508645824911691	18.790050545813244	0.0001508759636969593	18.787215792682662	1376.6701538377272	739.7489290796148
8e-06	-0.00017578641282981343	-7.159995950552907e-05	-0.00016561946002795634	-6.067065975866557e-07	9.029683485065903e-07	0.00016987798689185377	18.158644091393548	0.00016989241779139744	18.155559337490615	3408.772551972915	714.8909731453238
8.5e-06	-0.0003214683036519457	-5.521353194824543e-05	-0.0001421353062824057	-4.888108938627972e-07	9.27418129843814e-07	0.0001808164231401219	14.002841378695933	0.00018083277240044026	14.000309435004038	4628.857867357597	551.2804177245872
9e-06	-0.0003856621463761937	-5.471675990746862e-05	-3.491641051931198e-05	-3.114469083611682e-07	9.491556559096124e-07	0.00018009618431656205	13.876853783935847	0.00018011240358176424	13.87435461551904	4199.273517743623	546.3203891140279
9.499999999999999e-06	-0.00040013796345747836	-4.3018780205372334e-05	4.657434016521659e-05	-1.1584685706118934e-07	9.702010924708597e-07	0.0001754694731834318	10.910100011088964	0.00017548486975259728	10.90818562158764	3530.1618111204825	429.5217184050022
9.999999999999999e-06	-0.0004044235954527034	-5.16050101467557e-05	2.8314531577856068e-05	6.054716289410799e-08	9.90415144019841e-07	0.00017066611975666304	13.087675175505188	0.00017068068487611213	13.08544155276635	3755.267133377404	515.25107245542
1.05e-05	-0.00031092527803327477	-3.9280734626056496e-05	4.943350765850817e-05	2.3297149595918847e-07	1.0066102970039533e-06	0.00016152337950119057	9.962084959949701	0.00016153642580708674	9.960475850320092	2610.8688815428	392.1991408461097
1.1e-05	-0.0003163370384930424	-3.353537238267658e-05	9.855271466462041e-05	4.307660148189196e-07	1.0173358525894585e-06	0.00014616864779092904	8.504989329251613	0.00014617933146882445	8.50374616646188	2174.471162731232	334.83447704451777
1.15e-05	-0.0003244453256448163	-1.4688513122352368e-05	0.00014998204374401473	6.261725751747187e-07	1.027685858866526e-06	0.00013074912068084655	3.7251904032147336	0.00013075766909231433	3.724703337845144	1741.9315071897454	146.65770082293778
1.2e-05	-0.0003045515877656986	-3.184684010038896e-05	9.960150596520231e-05	7.720149911082552e-07	1.0371367981857025e-06	0.00012443392537060693	8.07675645087238	0.0001244416679138366	8.075751428362937	2046.3274621441124	317.97529870407925
1.2499999999999999e-05	-0.00024896120701020446	-1.0646158235182374e-05	2.6175083653985825e-06	8.316843844783447e-07	1.042777192102128e-06	0.00013015833812638362	2.6999987104518777	0.00013016680945792774	2.699647283106782	2459.6227102447488	106.29674197540443
1.3e-05	-0.00011197882022816557	-1.4713992878719335e-05	-9.52739981129513e-05	8.295194703460245e-07	1.0506479745298554e-06	0.00013805428064587113	3.73165238769906	0.00013806381101518975	3.731137217113056	2069.319173002474	146.91210386939872
1.35e-05	-6.0926698228291505e-06	-2.0674356713414238e-05	-3.25313066959773e-05	8.297789101912999e-07	1.064722009992301e-06	0.00013653363192309584	5.243275107556611	0.0001365429534879233	5.242559224163005	385.641728723875	206.42345459517935
1.4e-05	2.9539709395081956e-05	-4.2604852398318177e-05	5.714483105256265e-05	8.573408528003928e-07	1.0800959191365044e-06	0.0001258299712582652	10.805122748814856	0.0001258378885133101	10.80376314052993	-865.503219628028	425.38884940842127
1.45e-05	1.9788795230416227e-05	-2.6518805432210716e-05	0.00011610676120051885	8.990269467634533e-07	1.0940007648328895e-06	0.000108989677848838	6.725500306117386	0.0001089956176554197	6.724767296005649	-1356.8514179890606	264.77744894004644
1.4999999999999999e-05	6.536393581300762e-05	-3.599969829301931e-05	0.00015647359598315277	9.253546718544817e-07	1.1099008753647795e-06	9.002396500454218e-05	9.129973162205562	9.002801740491904e-05	9.129151245821115	-2214.94048434018	359.43957962221
1.55e-05	0.00012324504546388674	-3.548984867677966e-05	0.000150509225257187	9.320785800623918e-07	1.129199043089456e-06	7.370085267711811e-05	9.000668930955062	7.370356871839866e-05	9.000005573980186	-2733.3040179074987	354.3489777443809
1.6e-05	0.00011073230333613382	-5.1277929774653553e-05	0.00011369993549696513	9.300721458841512e-07	1.149096137958288e-06	6.515805583041091e-05	13.004723507553129	6.516017870874085e-05	13.003876145052764	-2240.8473794204874	511.98533310132456
1.6499999999999998e-05	3.656437745510502e-05	-3.818272493809336e-05	2.4575482823207448e-05	8.997944988604404e-07	1.1717412181019306e-06	7.125045745566426e-05	9.683615987755868	7.125299589012808e-05	9.682926025686914	-610.4519403946965	381.23604505985656
1.7e-05	9.561386513264564e-07	-6.363332956774758e-05	-0.00012318831400988292	8.064080291682698e-07	1.197046220122574e-06	9.095239019480194e-05	16.138207227363708	9.095652661430838e-05	16.136739418842918	1220.4291649773972	635.3480255202
1.75e-05	0.00010002556979405812	-5.014217701740191e-05	-0.00019571110969234833	6.835221443082492e-07	1.2264106950718735e-06	0.0001108485339578137	12.716682421536051	0.0001108546781106105	12.715272795932817	955.3738466645649	500.6453910190751
1.8e-05	0.00013044688734054275	-8.188539643380582e-05	-0.0001263318524845113	5.826757497183131e-07	1.2528135149647839e-06	0.00012422199803730134	20.767159372615613	0.000124229714228718	20.764579634584788	-41.086633191853885	817.5860872998619
1.85e-05	0.00010650974618483941	-3.682608227470146e-05	-9.013371179889233e-05	5.097895563186491e-07	1.2739552016123422e-06	0.00013342739983353014	9.339554462388227	0.0001334363020609638	9.338308309920706	-163.50678463061072	367.6906240772119
1.8999999999999998e-05	7.219825248483144e-05	-5.823046450716248e-05	-5.886676275522693e-05	4.922364416411509e-07	1.2990524082394184e-06	0.00013212558200312682	14.76797316038195	0.00013213431135678308	14.766021933333128	-133.10847844177755	581.4030304725942
1.95e-05	2.779496039078735e-05	-5.461075935594371e-05	7.993824652170098e-05	5.278190889992677e-07	1.3197290540640918e-06	0.00011697026937723844	13.849970720007803	0.00011697711093276229	13.848350685201817	-1075.6639760918843	545.2620248641467
1.9999999999999998e-05	5.752644787104754e-05	-3.835488637942549e-05	0.00016536867470345418	5.7184548418078e-07	1.3383382024270103e-06	9.540962979711731e-05	9.727278279759961	9.541418158540389e-05	9.726350203740356	-2225.500016858624	382.9549938020346
2.05e-05	9.350836603209877e-05	-4.531494618498278e-05	0.0001836161496683011	5.909638784119726e-07	1.3630352568801328e-06	7.689392707748791e-05	11.49243638511013	7.68968835670062e-05	11.491552686544791	-2766.954284327308	452.44782538890547
2.1e-05	0.00012023101446588725	-6.572712681199861e-05	0.00011608271769216524	5.7272454783401e-07	1.388054670145524e-06	7.044621988470789e-05	16.66922036229375	7.044870133621129e-05	16.6680460787308	-2359.4783449148154	656.2535785379504
2.1499999999999997e-05	6.613993386483853e-05	-4.676432513141188e-05	-1.1718839528389055e-05	5.29391855263077e-07	1.4093124292370014e-06	7.312904519565397e-05	11.860016990232296	7.313171925462412e-05	11.859149678513797	-543.3683113579626	466.9191733145845
2.2e-05	8.526632700146863e-05	-4.8814102703717964e-05	-3.17059075196461e-05	4.817744636271637e-07	1.4297379342708566e-06	7.503495379057817e-05	12.379866186503873	7.503776905355071e-05	12.378937263816635	-534.7748891181295	487.3852111938964
2.2499999999999998e-05	9.797998432637478e-05	-4.302237217933383e-05	8.564898204837371e-07	4.452744258197876e-07	1.4503163549054824e-06	7.70913087597034e-05	10.911010980553232	7.709428044732974e-05	10.91016983643685	-986.8344014865545	429.55758252809085
2.3e-05	3.284569619396767e-05	-4.95016367307161e-05	-3.414106262173828e-05	4.5067382819383556e-07	1.471479351207517e-06	7.813359653730168e-05	12.55423340379284	7.813664912576123e-05	12.553252496385232	12.933607400395239	494.24990599296626
2.35e-05	-7.399298759384457e-05	-4.565072180928188e-05	1.72703841959769e-05	5.548823688695418e-07	1.4949766079094655e-06	6.778808575246293e-05	11.577593277632422	6.779038346859784e-05	11.57680845474651	566.3477664300423	455.80038263155484
2.4e-05	-0.00022709147270868503	-5.999686053212875e-05	0.00015018412246957946	7.693949953075218e-07	1.5197451753108025e-06	3.509193569874639e-05	15.215953256506692	3.509255143510832e-05	15.21541929925342	767.8827032048356	599.039640632278
2.45e-05	-0.00020816662386141397	-5.136674659884978e-05	0.0003790423015298889	1.0334604795486485e-06	1.5443954134630572e-06	1.8059544703260088e-05	13.027248563587312	1.8059707778782497e-05	13.027013297409518	-1706.1110137338765	512.8721261431058
2.4999999999999998e-05	-0.0001187953121177751	-5.946483250671326e-05	0.00048127819055307085	1.2760794934655304e-06	1.5679107354201005e-06	7.44952876748e-05	15.081024303656925	7.449806258653627e-05	15.079900838412993	-3619.216260773385	593.7275980633084
2.55e-05	-5.8579988068905194e-05	-4.626397423247932e-05	0.0004322020323328649	1.4605831208952433e-06	1.5918160558315783e-06	0.00011497491252295027	11.733121752340105	0.00011498152264491667	11.731772737693008	-3730.435445173423	461.92341153591457
2.6e-05	-0.00011576776774252604	-6.121833055759368e-05	0.00022300927138426714	1.5967811030637003e-06	1.6140951179411956e-06	0.00013700254280054347	15.525733312443878	0.00013701192850619983	15.52360624750123	-1070.7545566990414	611.2354281886247
2.65e-05	-0.0001400574305513716	-3.895204586426407e-05	0.00013353435781491044	1.700255292018568e-06	1.6292421786378153e-06	0.00015128427941915	9.878725384281664	0.0001512957240400033	9.877230888430324	65.1297270092217	388.9173424987017
2.7e-05	-9.40127234317843e-05	-2.9151663537854388e-05	9.763268744117926e-05	1.7674663643600766e-06	1.6429221542488412e-06	0.00016405261414474483	7.393226008948716	0.0001640660722467759	7.392013130894985	-36.14359018216433	291.0652639932353
2.7499999999999998e-05	-1.5086401256054293e-06	-3.2355786805253224e-05	0.00010903813209424474	1.8091873112680832e-06	1.6596566306366992e-06	0.0001763239435858646	8.205831692519745	0.00017633949048000402	8.204384807915318	-1073.6299808849287	323.0568854484324
2.8e-05	1.2550501935908996e-05	-4.288520811395429e-05	8.958806050560714e-05	1.8696965248295832e-06	1.673283533084756e-06	0.0001888167181644758	10.876224460245727	0.00018883454628523775	10.874170847237123	-1019.8041563674532	428.18806566164386
2.8499999999999998e-05	-8.239946309302368e-05	-1.838361644291707e-05	0.00011262248737870993	2.0222609295311178e-06	1.680553351644987e-06	0.00021170887575952746	4.6623147611395375	0.00021173128924701392	4.66132770772302	-301.7622829985054	183.55152069314354
2.9e-05	-0.00023301848658083228	-1.4302699440307614e-05	0.00025791455388631386	2.3302503071968634e-06	1.6835420159564225e-06	0.00025958982640211504	3.6273432342187824	0.00025962352567316624	3.6264016128183107	-248.57519342776746	142.80553776985036
2.95e-05	-0.0003767424436762555	8.651665853742463e-07	0.0005170960894047396	2.824111853742172e-06	1.6883119758134571e-06	0.00033891065299907115	0.21941705291556785	0.0003389680961935344	0.2193426901388851	-1401.3632838937813	-8.63826999934616
2.9999999999999997e-05	-0.0005598386163855604	-2.2311701095911724e-05	0.0007668066740589152	3.4944174596790763e-06	1.6884119404163786e-06	0.00043738736205886896	5.658526095156939	0.00043748304381214885	5.656051127355037	-2066.47597543231	222.77154650837758
3.05e-05	-0.0008600033973240466	2.1862243580409215e-05	0.0008271570341247782	4.332730739946538e-06	1.6836234202997774e-06	0.0005374587748248748	5.544538055015913	0.000537603257563565	5.541558094385894	327.9550535220117	-218.28393055350742
3.1e-05	-0.0012894169283253713	-3.3225904948396464e-07	0.0007926188671883402	5.387120216421998e-06	1.682406991922038e-06	0.0006400142152762823	0.0842650452233583	0.0006402191118032655	0.08421111439656445	4960.288411273981	3.317445943577515
3.15e-05	-0.0017913110192531475	5.801523773863413e-06	0.0008673640030462362	6.734271672879646e-06	1.6867954554123094e-06	0.0007570238936813252	1.4713388963468468	0.0007573105809643902	1.4702250576466094	9225.16417763994	-57.92540952628155
3.2e-05	-0.0023717643976234877	-2.553278703670571e-05	0.001026578053553476	8.409328936460486e-06	1.6920118075756e-06	0.0008932859873393378	6.475433724583081	0.0008936852050282936	6.469649310374967	13431.035173975897	254.93253205503996
3.25e-05	-0.0029540067352792593	2.0791983185238856e-06	0.0011789874468138529	1.0403711001562044e-05	1.6904434655865036e-06	0.0010470159015617487	0.5273106650092954	0.0010475644056058772	0.5267585623579675	17722.709275900703	-20.75978980374813
3.2999999999999996e-05	-0.0035247642888414235	4.9723286547854755e-06	0.0013093156907729414	1.2761878383942129e-05	1.6904468059712503e-06	0.0012308208224534262	1.2610446566064704	0.0012315789045078593	1.2594925365850755	22120.18296049897	-49.646297223722165
3.35e-05	-0.0041028460796995484	-4.987347581337685e-06	0.0016657875197638962	1.5551902450377364e-05	1.6907186567108545e-06	0.001460373508544961	1.2648536439827178	0.0014614408932506924	1.263006485228859	24332.851269140756	49.79625394286917
3.4e-05	-0.0047259814393895636	3.765061347620419e-06	0.002049798167850914	1.8829853982250508e-05	1.686938507617801e-06	0.0017397414970500105	0.9548665874374163	0.001741256604807202	0.9532053664111049	26720.395884550217	-37.59231694180434
3.45e-05	-0.005490328837626993	1.323111899959731e-05	0.0024721079676895304	2.26845500717398e-05	1.6829994199240246e-06	0.0020790885433986384	3.355577049258099	0.0020812528483590675	3.348600507458495	30135.47591057642	-132.1063252374225
3.5e-05	-0.006348288068456993	4.479675786237092e-06	0.00302063119391865	2.7153941954549577e-05	1.6759178066017063e-06	0.0024810966724462258	1.1361017353764191	0.0024841796933662984	1.1332829571412164	33225.04478719348	-44.72739655601728
3.5499999999999996e-05	-0.007239858756912873	2.7360437979793426e-05	0.0034863527844714286	3.2210508706736686e-05	1.6635326141038642e-06	0.002934858970502175	6.938948833083481	0.002939174114050496	6.918583996854851	37476.942108301555	-273.1807429520454
3.6e-05	-0.00815062081325238	2.8325451689253882e-05	0.003858334524321696	3.783007773983277e-05	1.6483275500797305e-06	0.003431221985616518	7.183688363865683	0.00343712212810575	7.15903953441377	42856.403038538454	-282.8159382038177
3.65e-05	-0.009081667119142715	4.0039050340588944e-05	0.004175896510922107	4.403663353033919e-05	1.6319562907931691e-06	0.0039717309958961985	10.154403297337058	0.003979639266074564	10.114072739016194	48981.74731324721	-399.7705565683718
3.7e-05	-0.010075255198750313	3.3568859955005624e-05	0.004572890431266886	5.0891639597398506e-05	1.6160805439325815e-06	0.0045676976081261665	8.513482195890191	0.004578161414673476	8.4745951836272	54938.4515074064	-335.1688342611407
3.75e-05	-0.011099559800882923	3.7811143888006674e-05	0.005073544347609847	5.845896520612549e-05	1.6100963858593191e-06	0.005228848612947956	9.589378392005422	0.005242566883257763	9.539236984101352	60166.85039111624	-377.5259879546103
3.7999999999999995e-05	-0.012222874962642	-1.0905371830940505e-05	0.0056279780466366326	6.677965539060823e-05	1.6268547551200527e-06	0.0059637622077632025	2.7657385161937897	0.0059816164586608345	2.749244309354358	65846.85671103069	108.88486438502282
3.85e-05	-0.013292876460091025	-6.444304942686003e-05	0.006267480381761791	7.589254763319171e-05	1.6718152369503166e-06	0.006783104945541612	16.343562297909816	0.006806214765401513	16.232702199659098	70145.18267681827	643.4326867693632
3.9e-05	-0.01441816045570921	-0.0001377067702956451	0.006994565040467143	8.588815857528638e-05	1.75173503341654e-06	0.007698043305355929	34.92415705320066	0.007727826185779915	34.65530937980207	74121.01050461829	1374.9355126066962
3.95e-05	-0.015714396995479038	-0.00022162595458257404	0.007814810239159403	9.68774707919479e-05	1.8838723606043713e-06	0.0087213873120894	56.2071104295742	0.008759641190746657	55.716906449824506	78873.55387729176	2212.8279881717367
3.9999999999999996e-05	-0.017131331520878014	-0.00037248549134178224	0.008749240522629957	0.00010891302328517384	2.09030455894574e-06	0.009861795316783465	94.4669733501869	0.009910744906653276	93.53535939481132	83691.12541561532	3719.0875138313127
4.0499999999999995e-05	-0.018523646368502424	-0.0005556680777674058	0.00970963152294917	0.00012196722880316224	2.3868060766375297e-06	0.011117634255863582	140.9243654159879	0.011179897058395517	139.35761986355328	88003.67617202798	5548.077060438232
4.1e-05	-0.019842977105554094	-0.0007774521626944807	0.01061762871278919	0.00013597084333437893	2.7932976094462865e-06	0.012481188181504446	197.17157967614622	0.012559732445527674	194.71064408616374	92110.64273854885	7762.483903635093
4.15e-05	-0.021048851211343318	-0.0010502015174024978	0.011453127838419027	0.00015085890808584315	3.3323033674093976e-06	0.013948313109455813	266.34422296399157	0.014046504971937764	262.6291703471951	95808.65781877213	10485.754321084369
4.2e-05	-0.022143191746558797	-0.0013732582046926509	0.01229404967038745	0.00016658082390049776	4.019357752989617e-06	0.01551766984858875	348.2754341875609	0.015639329107284106	342.87101098346443	98338.92102881659	13711.319128004794
4.2499999999999996e-05	-0.02314324002447736	-0.0017158528219402838	0.013107872380566153	0.00018309995073127218	4.8670281389177606e-06	0.017191225282059987	435.16170849818485	0.017340710090537625	427.6807455332665	100198.29327239738	17131.960717887217
4.2999999999999995e-05	-0.024041004437237643	-0.002095414511590319	0.013980630576686064	0.0002003809477353731	5.886559549072933e-06	0.01897340741061147	531.4232941287008	0.019155712149736322	521.3403834617078	100447.96825367076	20921.700650095467
4.35e-05	-0.024810481890206914	-0.002488568630368978	0.014866125792473643	0.00021835381374192827	7.092149877336457e-06	0.020858397278246368	631.1320895703495	0.021079006745783467	617.9676857110414	99289.58699289759	24847.15441446615
4.4e-05	-0.025487696157421066	-0.002931966417225219	0.015644697203038432	0.0002369233951785767	8.484772853658299e-06	0.022831389400427126	743.583306834129	0.02309606189140841	726.6062668041417	98277.58492829345	29274.266909015303
4.45e-05	-0.02606899182394768	-0.003329498588147188	0.01629054788500386	0.00025597034447079445	1.0061014092715402e-05	0.02487600425850871	844.4024309859187	0.025190640950881533	823.397072516818	97633.03431503645	33243.43340700799
4.4999999999999996e-05	-0.026474721669532058	-0.003757544729526743	0.016803997130876387	0.00027537476275883585	1.1821667428248612e-05	0.026988923781428645	952.9602791981856	0.027359813285825416	927.2409068561768	96557.50819141234	37517.26714483715
4.5499999999999995e-05	-0.026570639041330196	-0.004158646109253179	0.01739614085101036	0.00029501349484599	1.3756995785119472e-05	0.029167991427694967	1054.6845992860592	0.029601834337937626	1023.9215679351615	91602.92805600374	41522.07046683373
4.6e-05	-0.026457548808532853	-0.0045429127379642605	0.017874683884985216	0.00031473038402997627	1.584815920009209e-05	0.03138880768733855	1152.139416232225	0.03189199393557946	1115.975133667109	85695.75597449907	45358.786940469785
4.65e-05	-0.026246294969024052	-0.004859306502988481	0.018071892256857888	0.0003343851433488574	1.806787955225267e-05	0.03362048218718206	1232.3808271420614	0.03419864634239584	1190.947589495307	81617.4583077938	48517.82569045415
4.7e-05	-0.026002448932518445	-0.005120926153717553	0.018050437532509206	0.0003538823945905217	2.0401050273889195e-05	0.03584491465956629	1298.7308384788284	0.03650312040173006	1252.177942407808	79396.98859433466	51129.97139549751
4.7499999999999996e-05	-0.025655333307372453	-0.0053693982725472305	0.017954671351996496	0.0003731291330861516	2.2829576578793842e-05	0.03805175634031148	1361.746471499042	0.03879463053329839	1309.9296265682815	76887.38593094838	53610.84535208002
4.8e-05	-0.025160829945850713	-0.005549660748688098	0.017765709460880973	0.0003919876781256717	2.5324929214262694e-05	0.040221308636857474	1407.463287121299	0.04105255092640073	1350.8532718549473	73836.7020950436	55410.67900952753
4.85e-05	-0.02451352426031887	-0.005669860592485796	0.017351097921471895	0.0004103349888737423	2.7873501860373567e-05	0.0423356745459549	1437.947468934208	0.04325795337908459	1377.0709928752299	71513.36356642225	56610.81632661381
4.9e-05	-0.023755493270298644	-0.0057889467865363965	0.01687245155636101	0.00042808965754532514	3.0459668272050457e-05	0.044383496010844896	1468.149215260566	0.04539859286635734	1402.9876204217237	68723.84318453078	57799.83438948622
4.95e-05	-0.022926008393580718	-0.005838888428098208	0.016273996238641494	0.0004451986482568889	3.3065875221640336e-05	0.04635198709748356	1480.81503938566	0.04746063483773192	1412.1763197862963	66417.12475342669	58298.47753095114
4.9999999999999996e-05	-0.022136474917511365	-0.005879052385082844	0.015588394187909301	0.0004616625217021129	3.56814338538083e-05	0.048239012399370985	1491.0011205681462	0.04944133915719189	1419.0766990255834	65379.41972799403	58699.49521996109
5.05e-05	-0.021344075129712262	-0.005880935151582884	0.014955374753500669	0.00047751395900706505	3.830001317855581e-05	0.050053043984007554	1491.4786136703422	0.051349131719064856	1416.8255690190938	63788.08396855468	58718.293733042854
5.1e-05	-0.020564350864325943	-0.005892633922369415	0.014406903281743861	0.0004927621510739496	4.0921483893671894e-05	0.05179965488325359	1494.4455680720835	0.05318946454377145	1417.0338034041417	61479.13664760527	58835.10030234743
5.15e-05	-0.019723068696355334	-0.005893935324578371	0.013864090055632362	0.0005074111902818038	4.355351008779424e-05	0.05348044282502029	1494.775619928193	0.054963645920787826	1414.834357850389	58499.06858928692	58848.09417410433
5.2e-05	-0.018935883305667825	-0.0059400931152281	0.013341479727391864	0.0005214941630816971	4.6205209487626474e-05	0.055095995277201125	1506.4818121976002	0.05667193895214248	1423.4806973875718	55857.41452734401	59308.95739391208
5.2499999999999995e-05	-0.018233854463296558	-0.0059823893363176225	0.012808175374097622	0.0005350456824013804	4.88809551059975e-05	0.05664825934128792	1517.2086621913663	0.058316064137568305	1431.2614324207013	54172.7820914778	59731.26470894239
5.3e-05	-0.017570778390430593	-0.006048208921481432	0.012317081220023791	0.0005481265176855362	5.158376444925804e-05	0.05814173766524093	1533.901331146584	0.05990048033949172	1444.7176423466956	52455.625795052605	60388.44143941448
5.35e-05	-0.01706909833917981	-0.006104072354041885	0.011856657627144544	0.0005608234014433903	5.43170278208391e-05	0.05958262841426357	1548.068995438496	0.06143148993713956	1455.8309757236418	52043.700007978936	60946.21080048927
5.4e-05	-0.016695661341595072	-0.006185135308481851	0.011465888214685818	0.0005732212227389874	5.709145900318113e-05	0.0609800908071605	1568.6275732482852	0.0629185974503601	1472.972521388989	52216.7557893201	61755.58520217657
5.4499999999999997e-05	-0.016427403723050613	-0.006289169692525013	0.01115371756922241	0.0005854037481698706	5.990948647590312e-05	0.06234372465441619	1595.0119925434003	0.06437184132746646	1495.5730040597828	52655.206128742706	62794.31822050247
5.4999999999999995e-05	-0.01627521085665606	-0.006381151496078532	0.010918332609227682	0.0005974779418790587	6.276764825309262e-05	0.0636858451182817	1618.3397268766	0.06580422326016724	1515.2743936819745	53485.838955388856	63712.71205072467
5.55e-05	-0.016288546173251605	-0.00646962021446156	0.010805497642991815	0.0006095875775475009	6.566891027825251e-05	0.06502838472551338	1640.7764989283367	0.06723910814946484	1534.0794535074438	54745.58821919119	64596.029424289365
5.6e-05	-0.0164277794741026	-0.006574937394328221	0.010925116947581805	0.0006218593886307637	6.860887927145532e-05	0.06638949047003531	1667.4862512677955	0.06869594107875794	1556.7826886803373	54941.42448741166	65647.57053861058
5.65e-05	-0.016717198656113253	-0.0066436531939438204	0.01110601285439923	0.000634379695904672	7.157197450274664e-05	0.06778083899497465	1684.9134363848327	0.07018734064733197	1570.708590032763	56024.97691324526	66333.66456990487
5.6999999999999996e-05	-0.017055544070884207	-0.0066789168151472275	0.011414632639973948	0.0006472047083224161	7.45462559393218e-05	0.06921365705086907	1693.8567312027149	0.07172552004117347	1576.618712315944	56321.772946793484	66685.75477572104
5.7499999999999995e-05	-0.01741596964504494	-0.006693948237267506	0.011777246976344273	0.0006603774402321726	7.753026745116974e-05	0.07069499476854209	1697.668887611107	0.07331827841004242	1577.6521944827232	56299.91921451762	66835.83625707291
5.8e-05	-0.01783359991073936	-0.006722664855252623	0.012199981589454435	0.0006739192897458368	8.051865902539814e-05	0.07222087922960516	1704.951780633693	0.07496159093755045	1581.8186639922467	56248.95477380404	67122.5578015905
5.85e-05	-0.01835454141395473	-0.006713641727740666	0.01249828947420473	0.0006878304520292785	8.350414657947377e-05	0.07377667210652661	1702.663402788057	0.07663989858296727	1577.0465632127798	58471.84379858165	67032.46623656192
5.9e-05	-0.01900998807502045	-0.006709607896642443	0.012684085190221458	0.000702131539476039	8.648378508656209e-05	0.07535962869674903	1701.6403728346424	0.07835040484754506	1573.405386162426	63161.081382839904	66992.19038362529
5.9499999999999996e-05	-0.0196680326395306	-0.006687343437644532	0.01293796677043688	0.0007167794938350324	8.945582811534197e-05	0.07697022938296805	1695.9938279256435	0.08009379080980633	1565.4527939581087	67196.45334599674	66769.89052662131
5.9999999999999995e-05	-0.020122106656952556	-0.00667545736025463	0.013131538056841353	0.0007316985770415045	9.242322938452074e-05	0.07860281678056615	1692.9793702296256	0.08186408355094307	1559.9064229781882	69797.44714781195	66651.21379145511
6.05e-05	-0.020531191818210684	-0.006666473312851201	0.013293848078160758	0.0007468403400136045	9.538509227116739e-05	0.08025014156414648	1690.7009035876652	0.08365353891316235	1555.0219167321247	72261.37759075087	66561.51242241278
6.1e-05	-0.020884769719525607	-0.006650555869326568	0.013370080333827224	0.000762169492127336	9.835020746933058e-05	0.08190744089838098	1686.6640410837645	0.08545706653625591	1548.5137058232715	75030.53975068104	66402.5844457785
6.149999999999999e-05	-0.021212274558710657	-0.006681096247481725	0.013455298149959785	0.0007776592152292866	0.00010133032269054636	0.08357175297257428	1694.409462466206	0.08727150497187905	1552.8046934345878	77449.65851676221	66707.51535370562
6.2e-05	-0.021493214032867646	-0.0067179984729742615	0.013483589945347202	0.0007932603882199042	0.00010432234644706026	0.08524015097525353	1703.7683277997485	0.08909370823753512	1558.5388583112426	79972.22342023173	67075.9662309935
6.25e-05	-0.021647236177480718	-0.006734639006938347	0.013521433805619655	0.0008089058524689365	0.00010733439387923108	0.08690983512576832	1707.988575071274	0.09092064655547998	1559.5475696151336	81132.2074107842	67242.11391601172
6.3e-05	-0.02167153706648118	-0.006808028256007076	0.013504407791442878	0.000824501479230446	0.0001103747673209455	0.08856968792464255	1726.6010053460536	0.09274014189988958	1573.6764931321795	81544.83655517889	67974.87008022571
6.35e-05	-0.021582290751253935	-0.006861997466847899	0.013362301581695425	0.0008399631779845407	0.00011343993254245459	0.09020838521166819	1740.288271348993	0.09453970043263668	1583.299676587795	82072.61704129764	68513.72655339036
6.4e-05	-0.021411801769694302	-0.006919496229927264	0.013161980445558967	0.0008552243116460102	0.00011652784587774779	0.09181963883589235	1754.8706758875446	0.09631228446300076	1593.739084223852	82370.47667926014	69087.82389892425
6.45e-05	-0.02112472528213262	-0.0069642767777735575	0.012918092966858289	0.0008702113255778947	0.00011963548095990908	0.09339224240895247	1766.2275821787512	0.09804538371622466	1601.2756276745351	81939.25531004356	69534.93601531234
6.5e-05	-0.020804911237009595	-0.007008168490804029	0.012536382987407387	0.0008848724656119022	0.0001227610787191874	0.09491610693289936	1777.3590688581585	0.09972764005688786	1608.6590654202591	82557.25628421978	69973.17354586493
6.549999999999999e-05	-0.020448441921718505	-0.00704503996787117	0.012129192970101725	0.0008991746133917758	0.00012590589978534437	0.09639060054346155	1786.7101360069396	0.10135809221072015	1614.4880730001407	83063.67796758698	70341.31741499378
6.599999999999999e-05	-0.01998994970860823	-0.00709459968241499	0.011737255509180141	0.000913149573737671	0.00012906704188237326	0.0978276779306044	1799.27909866959	0.102949732743342	1623.259802497673	82399.16094986514	70836.14719986677
6.65e-05	-0.019582979162821448	-0.007118422042842703	0.011523566494591053	0.0009268407028412153	0.000132237471421174	0.09924238756751243	1805.3207468410578	0.10451907817400598	1626.1564055993865	80469.33832310417	71074.00194931633
6.7e-05	-0.019075846016643794	-0.007136357568528576	0.011375206630329747	0.0009402790025976577	0.00013541082197885998	0.10064248462703905	1809.8694201890735	0.10607464239345755	1627.7196648907466	76887.16058977859	71253.0795004769
6.75e-05	-0.01868273838003732	-0.007131555430587285	0.01128704439458018	0.0009535352336383114	0.00013858495860172437	0.10203234376056225	1808.651538023275	0.10762122887932248	1624.1105825526145	73842.42822009126	71205.13247523086
6.8e-05	-0.01842294784354875	-0.007139891848581543	0.011209493512453058	0.0009666749804231788	0.00014176167479694175	0.10341953540534815	1810.7657577574796	0.10916723581553037	1623.4972043622877	72022.85339418567	71288.36757778705
6.85e-05	-0.018202182258178764	-0.007143153617815073	0.011243867888380606	0.0009797159895270364	0.00014494149811512125	0.10481378360955489	1811.5929831781216	0.11072351934330306	1621.713068250702	69475.40425483008	71320.93476633907
6.9e-05	-0.017864787891351278	-0.007153861991273047	0.011323712394550482	0.0009926384352744737	0.0001481314000241744	0.10621488015722268	1814.3087604462087	0.11228989081696353	1621.6021728872154	65309.47586588861	71427.85269722957
6.95e-05	-0.01755825299022458	-0.007188468642148113	0.01135471654530993	0.0010054752005593261	0.00015134485028634188	0.10762198977490486	1823.0854393825555	0.1138654578915276	1626.881356866548	61939.3116514968	71773.38337199854
7e-05	-0.01738222549762575	-0.007259739311600681	0.011421041148417601	0.0010183278656790637	0.00015458172468220733	0.10903780866557737	1841.1605714033299	0.1154532863797743	1640.4044572960486	59519.54316643155	72484.9865431949
7.049999999999999e-05	-0.017488771263364736	-0.007293787451276303	0.011495686579785782	0.001031305268390914	0.00015783359722131227	0.11046914104003021	1849.7956049230893	0.11706107999913061	1645.4502733476124	59838.0525795583	72824.94075370829
7.099999999999999e-05	-0.01769196215019827	-0.00732717346329614	0.011672145499582717	0.0010444841151048118	0.00016109898411763776	0.11193218478520967	1858.2627145986526	0.1187071704207671	1650.2633090487307	60104.958344042774	73158.2839397538
7.15e-05	-0.01788121048171351	-0.007354550253732312	0.012008973168640363	0.00105789880439706	0.00016438295053925462	0.1134405618181499	1865.2058106189336	0.12040710756902594	1653.6158155558442	58631.45002140632	73431.62795407548
7.2e-05	-0.018018576027205933	-0.007410710105594106	0.012405919161937083	0.0010715401387753933	0.0001676892761281135	0.11499301552787397	1879.4486505482628	0.12215974194645023	1663.3251826919245	56039.66477150008	73992.35691853914
7.25e-05	-0.018186810657173768	-0.007455080796180339	0.012722407074398746	0.0010854127234564952	0.00017101452861558792	0.11657990161962876	1890.7016119187579	0.12395442891214481	1670.2838040091956	54559.427434413104	74435.37680837401
7.3e-05	-0.01850098650814672	-0.007495808596252499	0.012963248583962783	0.0010995449770407916	0.00017435630127642289	0.118195191571266	1901.0306907512493	0.1257845531034076	1676.3380040750492	55291.635372194716	74842.02419796376
7.35e-05	-0.018894574767257134	-0.007529358248971748	0.013182157631227862	0.0011139255099675597	0.00017771288540098092	0.11983800924457134	1909.5393017522322	0.1276493080467073	1680.703913255976	57035.72283546663	75177.00125726362
7.4e-05	-0.019171722603325086	-0.007562403405728667	0.01340881779242717	0.0011285195213027541	0.00018107966640017206	0.12150210746941323	1917.9199662754697	0.12954177029857208	1684.8886484153343	57539.817855463145	75506.94116833118
7.45e-05	-0.019509958007996056	-0.007575205096801297	0.013526608894508683	0.0011433087542092304	0.00018444070003829604	0.12317123181801708	1921.1666350384303	0.13144355290010457	1684.534174073072	59740.8476198773	75634.75986336984
7.5e-05	-0.01996811748030047	-0.007536562312477153	0.013490171636863092	0.001158252965790849	0.000187794971278162	0.12482708283449012	1911.3663422437337	0.13333379253098157	1672.7760575134187	64679.156803713515	75248.93034780427
7.549999999999999e-05	-0.02042161276975091	-0.0075448002271669805	0.013311764085973099	0.0011732783073969942	0.00019115680181267382	0.1264554892507552	1913.4555803095216	0.13519619392408644	1671.4886187418933	70988.40110474393	75331.18194249748
7.599999999999999e-05	-0.020777115380129607	-0.007570550161087221	0.013045947848976693	0.0011883041227239179	0.0001945199533504358	0.12805192041464022	1919.9860851961685	0.13702539860574686	1674.128179817412	77191.96935395805	75588.28258118217
7.65e-05	-0.020941300527397164	-0.007550739677946521	0.012794206255898452	0.0012032754380741893	0.00019788631720636272	0.1296224783431334	1914.9618992173655	0.13882822851625098	1666.7397919081368	81344.7967328619	75390.48448648016
7.7e-05	-0.020950863764471916	-0.007584993278943627	0.012627158486277854	0.0012181589754104417	0.00020126041967140639	0.13117018964205718	1923.6490402946872	0.14060801828482514	1671.3236308744717	83108.1722335822	75732.49012893673
7.75e-05	-0.020916436062234256	-0.007585533754303598	0.01242440614036242	0.0012329269046839426	0.00020464049390797303	0.1326890064013283	1923.7861115970966	0.14235766571349945	1668.520843920603	84788.81240648414	75737.88651405649
7.8e-05	-0.02089876344405725	-0.007611843359006158	0.01215946568855208	0.001247561882067303	0.0002080315984392648	0.13417344556172411	1930.4585559850316	0.14407067403770504	1671.4422800144096	87257.66215771926	76000.57519487102
7.85e-05	-0.020875104896429478	-0.007635127797770185	0.011867963449446451	0.0012620472253083257	0.0002114386036771201	0.1356213017653411	1936.363780503366	0.14574429806506967	1673.7516039002421	89931.9518999733	76233.05905662337
7.9e-05	-0.02081812245609695	-0.007683335585833742	0.01156732663353874	0.0012763755852809712	0.0002148630858106696	0.13703444887397206	1948.5898777236007	0.1473805062782552	1681.5659377483464	92364.72301980342	76714.39050932173
7.95e-05	-0.020731090311190855	-0.0077137068336270995	0.011306155096183827	0.0012905165570862532	0.00021830263838890616	0.13841626451093272	1956.292405533669	0.1489830304199583	1685.5097184685917	94103.4206474335	77017.63273237013
7.999999999999999e-05	-0.0204827314910186	-0.00775109481688749	0.01106018916678865	0.0013044257615148736	0.0002217579283750166	0.13977154974517453	1965.774465104778	0.15055728517940425	1691.0151216675915	94079.52879011862	77390.93366607942
8.049999999999999e-05	-0.020118451962312073	-0.007784464842329435	0.010876728691696008	0.0013180737408667246	0.00022523130726906585	0.14110636482304995	1974.237520384498	0.15211018867291423	1695.6600405857696	92274.13797573883	77724.11723387506
8.099999999999999e-05	-0.01963955405332808	-0.007832425561798362	0.010728855121811072	0.0013314436000909102	0.0002287197090725298	0.1424264435651286	1986.4009579229814	0.15364832352196894	1703.4849339916466	88969.02001830428	78202.9818261273
8.15e-05	-0.01910650279344624	-0.007852010346875757	0.010638203413221806	0.001344601669227414	0.00023221626340781126	0.14373930210478444	1991.3679040537174	0.15518039559152752	1705.1300712911686	84551.87442315654	78398.52643480462
8.2e-05	-0.01880417816121958	-0.007869080703605591	0.010611987481355724	0.001357702146387223	0.00023572266265966084	0.14506103139824686	1995.6971597475874	0.1567251943455109	1706.1992713960506	81795.0625637948	78568.96569229591
8.25e-05	-0.018703975872300643	-0.007896274732585548	0.010781787208485561	0.001370896852772928	0.00023923601907591816	0.14641482652263754	2002.5939051796845	0.15830994854872055	1709.3844659575097	79099.22299436874	78840.48492185249
8.3e-05	-0.01870882451314742	-0.007900361274310035	0.011131011433927147	0.0013842409549736766	0.0002427505759416514	0.14781135580501725	2003.630303206332	0.15994736328675202	1707.4709915573862	75660.79930672041	78881.28706490387
8.35e-05	-0.018683980727998328	-0.007901672153504322	0.011473490836527309	0.0013977118311861065	0.0002462727878015074	0.14925006364079224	2003.9627585442995	0.16163704040664023	1704.8711892977851	71993.25489800284	78894.37555977666
8.4e-05	-0.018596111097701172	-0.007934779403718466	0.01181372193489371	0.001411309973995251	0.00024980626539131584	0.15073176901587348	2012.3591707439034	0.16338020501363026	1709.0327130423586	67718.8761325389	79224.93544398899
8.45e-05	-0.018560225787206584	-0.00795232475299181	0.012169457607246244	0.001425084950729642	0.0002533451480517906	0.1522595682021239	2016.8088904799772	0.16518078462471758	1709.7304396692912	63808.72998908909	79400.1172723422
8.499999999999999e-05	-0.018645102251585045	-0.007959081502279508	0.012559805581240658	0.00143908953688126	0.00025688676610717597	0.15383716712726128	2018.5224864984302	0.16704346405178294	1707.9987053928362	60758.744677845214	79467.58014672007
8.549999999999999e-05	-0.018786519461723414	-0.007964623544409176	0.012975526140817819	0.0014533237918825414	0.0002604349872019097	0.1554585511029109	2019.9280176086036	0.1689614629474903	1705.9129346589948	58019.95837445106	79522.9147575027
8.599999999999999e-05	-0.018969018093210974	-0.007988769867696314	0.013268519165842351	0.0014677625879461742	0.0002639967410959752	0.15710480983469166	2026.051826807867	0.1709126582883635	1707.7493398419874	56916.72528509925	79764.00411944976
8.65e-05	-0.019303542390541894	-0.008025469265670647	0.013378153918506802	0.0014824273780982057	0.00026757106663471915	0.15875918598993713	2035.3592525492581	0.17287731753593705	1712.227274417451	59162.138642133425	80130.42986204663
8.7e-05	-0.019853734940649556	-0.008045294077445505	0.013399909405527554	0.0014973662507546338	0.000271162686976699	0.16041882810816077	2040.3870724486633	0.17485211638019815	1713.0705693994078	64438.327188679825	80328.371021232
8.75e-05	-0.020450627080769564	-0.008103229583486174	0.013463389848463991	0.0015125558590126504	0.000274775805811715	0.16208894753320727	2055.0802404575934	0.17684332677464154	1721.9744471855315	69764.18505117224	80906.82903404531
8.8e-05	-0.02081149621096156	-0.008141954885218294	0.013569497189223557	0.001527862817197083	0.00027840589441112466	0.1637667686069529	2064.901460697684	0.1788477198865789	1726.7392209874472	72307.85832732166	81293.4824460278
8.85e-05	-0.020853591482083492	-0.008179528472494174	0.013588050274638393	0.0015431187086152513	0.0002820399045344367	0.1654341109875815	2074.4305917655156	0.1808435827210144	1731.249011011345	72542.91566766574	81668.63654608201
8.9e-05	-0.020751501741240377	-0.008159586710270809	0.013399886966692238	0.0015582335528305687	0.00028567378071362934	0.1670709032099716	2069.373111771532	0.1828067583371538	1723.6410769094327	73402.31861388708	81469.52769322027
8.95e-05	-0.020713910721478802	-0.008178926237409243	0.013093559303357892	0.001573214156364308	0.0002893212039424437	0.16867035065499583	2074.2778574254107	0.1847288728414901	1724.4086838575734	76085.52405101742	81662.62351997275
8.999999999999999e-05	-0.020752403298818365	-0.008220496503211754	0.012795416931293673	0.0015880817284734002	0.0002929792233856993	0.17023135556164765	2084.8205960904256	0.18660835868770456	1729.91875991511	79446.6612393061	82077.68252250155
9.049999999999999e-05	-0.02082794121229732	-0.008226568583572638	0.012471320688754017	0.0016028141369195483	0.00029665143503886457	0.17175302365624978	2086.3605515167847	0.18844388846529989	1728.021818356656	83436.8150420634	82138.30930872024
9.099999999999999e-05	-0.02078139845014366	-0.008284307044334053	0.012158703424095097	0.001617341913654139	0.0003003440821865797	0.17322915505484318	2101.003746381587	0.19022771432026123	1737.0486426288446	86093.4402879262	82714.79991970242
9.15e-05	-0.020644949000784774	-0.008318449972984124	0.011734254619816746	0.0016315723583733871	0.00030404832858833743	0.17464971604393828	2109.6628195692833	0.19194739614543826	1741.2108071830537	88968.97458327313	83055.70055229
9.2e-05	-0.020344017916051078	-0.00833645922371883	0.011259229661874212	0.0016454604754993073	0.0003077557012424401	0.17601742602030135	2114.230190510589	0.1936058973791792	1742.088834362504	90707.21772330305	83235.51421241308
9.25e-05	-0.019961244148866093	-0.008332506124569133	0.010878797557533904	0.0016590228942737677	0.000311461547699295	0.17734685770087463	2113.2276351877495	0.1952206224289115	1738.4533544805518	90683.83735212167	83196.04442894414
9.3e-05	-0.019499203996141173	-0.008329597186526665	0.010639649510561526	0.0016723025078277795	0.00031516792233380697	0.1786534821584458	2112.489892164403	0.19681019055885005	1735.0862169047127	88458.36745677154	83167.00008922159
9.35e-05	-0.01905886701648302	-0.008334880899344897	0.010509635284576886	0.0016853590820044516	0.0003188809689155301	0.17994926618302398	2113.829907734384	0.19838907012923188	1733.4477670018523	85359.94481945617	83219.75540674596
9.4e-05	-0.01867184719890374	-0.008359595373179294	0.010464184094050718	0.0016982713040081762	0.0003226058842930891	0.18124591671288048	2120.0978070092465	0.1999715048242022	1735.838736456888	81949.54724554336	83466.51747717538
9.449999999999999e-05	-0.01839581016047947	-0.008388244983555684	0.010523660712312538	0.0017111600253383245	0.00032634292330779174	0.1825540411427288	2127.363706065262	0.20157048376915362	1739.004864542676	78599.60562283416	83752.5699831217
9.499999999999999e-05	-0.018380465413678746	-0.00841410526638305	0.01064990293409833	0.0017241215163939323	0.00033008708289264323	0.18388066245986112	2133.9221968131324	0.20319468772561358	1741.5351696253315	77185.92820658236	84010.77240228426
9.549999999999999e-05	-0.018423600657475624	-0.008420260253706745	0.010823055029268905	0.0017372205574444635	0.0003338399716763227	0.1852332967672546	2135.483178480858	0.2048534604218386	1739.920589139833	75887.77281591267	84072.22697443656
9.6e-05	-0.0185778616528875	-0.008453353199179586	0.011070954397063211	0.0017505075320953067	0.00033760573523109464	0.18661802329265426	2143.875962819385	0.20655444372432755	1743.7900684533956	74952.8389469759	84402.6440327241
9.65e-05	-0.01874913038765547	-0.008478147370334315	0.011342506088360379	0.001763986647893306	0.0003413789911395656	0.18803793212967992	2150.164074330189	0.20830165435703138	1745.851668053613	73951.56211835548	84650.20184235899
9.7e-05	-0.018872292341584093	-0.008487040070135971	0.011640422329504711	0.0017776286143489778	0.0003451557037973	0.18948475677794113	2152.4193740793103	0.21008513079996632	1744.5687124977637	72206.72506381344	84738.99114976921
9.75e-05	-0.019045669382507287	-0.00849368949114758	0.011778170792180758	0.0017914369097163968	0.00034893605934852674	0.19094665526755422	2154.1057503063007	0.21189042499685773	1742.7864621927072	72562.45918923458	84805.38240320943
9.8e-05	-0.019376146639394593	-0.008503419126426447	0.011884410540394692	0.0018054702227074423	0.0003527161513572851	0.19242628899056416	2156.57330734667	0.213720945067542	1741.591908877843	74801.36228217292	84902.52810665529
9.85e-05	-0.019770320086461367	-0.008492504560286046	0.012065236826988736	0.001819753270902888	0.0003564938154242261	0.19392832756918532	2153.805237038751	0.21558261681754612	1736.1213895100732	76931.53051441001	84793.55144153626
9.9e-05	-0.020136348267016577	-0.008492502695358606	0.012247060014289254	0.0018342519973072358	0.0003602756931358512	0.1954490895909612	2153.8047640698564	0.21747103250215502	1732.845583775728	78770.7282988153	84793.53282113756
9.949999999999999e-05	-0.02043698386446392	-0.008511449809059601	0.012368298222579394	0.001848889012449388	0.0003640666889118463	0.19697323790806856	2158.609988774334	0.21936723795445043	1733.421589904754	80561.92448104802	84982.7105894707
9.999999999999999e-05	-0.020703306226812164	-0.00853349903244384	0.012301871267783981	0.0018635822775299802	0.0003678613706049618	0.1984809391844594	2164.2019472431803	0.22124652578605722	1734.649112169518	83884.26551013619	85202.86142295042
0.00010049999999999999	-0.020956108053126896	-0.008528022306752267	0.012102083132133297	0.0018782891350830574	0.00037165603025216795	0.19996449411109765	2162.8129811975814	0.22309916993794965	1730.3271775554922	88403.15742822838	85148.17896521809
0.000101	-0.021155257894879896	-0.008533399910360681	0.01191103362141853	0.0018929809175895625	0.0003754519509440014	0.20142928570303065	2164.17680864475	0.22493175632899434	1728.2482199443737	92299.10927977679	85201.87173688108
0.0001015	-0.0211920352194389	-0.008533692173571271	0.011798376043927541	0.0019075704548957128	0.00037925568281578395	0.20287604450849814	2164.2509302456383	0.22674508469223373	1725.1762621935657	93791.14451675404	85204.78984371347
0.000102	-0.02098742872150541	-0.008568520277275062	0.011619151333130563	0.001921900000576782	0.0003830689455210127	0.20429060621290832	2173.0837723855343	0.2285212429788891	1729.14317117346	93537.71964568569	85552.53161789264
0.0001025	-0.020544218258270807	-0.008576544389217584	0.011277227326793728	0.0019358668743541321	0.0003868880050293104	0.20565675837169753	2175.1187874039783	0.23023961690504258	1727.7909085130987	92526.42335113267	85632.64849553938
0.000103	-0.02014036198439734	-0.008594583670006997	0.010835584745800505	0.0019495150384589864	0.00039072100902430546	0.20697240538232767	2179.693774342265	0.23189726020029264	1728.557310869762	92903.70135596626	85812.76199123751
0.0001035	-0.01992873288158345	-0.008639241125490046	0.010459740897660953	0.0019629440142066366	0.0003945679083376054	0.20824993627683785	2191.0194628725967	0.23350951307944776	1734.739799348067	94543.30618118418	86258.64508990053
0.000104	-0.019771809677756522	-0.008657059336991986	0.010218629667059876	0.0019762129710490625	0.00039841978264306213	0.20950277235800016	2195.5383838781863	0.2350931294330046	1735.567005637303	95383.88291898399	86436.55131566238
0.00010449999999999999	-0.01960897640168775	-0.00866160951939238	0.010060025709849324	0.0019893519780012116	0.0004022788829547037	0.21074295697696005	2196.692366971616	0.23666322789295563	1733.7549219873001	95341.65521529288	86481.98268666693
0.00010499999999999999	-0.01939231241025736	-0.008689548665133542	0.010013850569559115	0.0020023846482243083	0.00040614475966334475	0.21198233798300528	2203.7780833216675	0.23823477564829107	1736.6160528234343	93639.40647739214	86760.94154677923
0.00010549999999999999	-0.019143876184440252	-0.008692077329701533	0.010047018270490142	0.0020153294963934734	0.0004100148512057411	0.2132278695670669	2204.4193842418604	0.23981661450671984	1734.3757353076232	90827.72743979472	86786.18903974225
0.000106	-0.018897895332880804	-0.008708499260169015	0.010113405055447645	0.0020282277391622263	0.0004138893847231925	0.21448940083497695	2208.5841909360543	0.24142132785105233	1734.8662911285778	87708.88763610093	86950.1540745537
0.0001065	-0.01867535645391433	-0.008712049189878775	0.01030599235319791	0.0020411436752343047	0.000417768533660828	0.21577809046206328	2209.4844974529037	0.2430632508022018	1732.7261516869846	83564.05349791668	86985.59840611946
0.000107	-0.018537856740216397	-0.008729250958553413	0.01055299568874723	0.0020541330253568833	0.00042165170425488075	0.2170961564190718	2213.8470808574534	0.2447453956654158	1733.2293887037183	79724.9764795493	87157.34974833472
0.0001075	-0.01852994710925344	-0.008730131227406814	0.010781483504584084	0.002067263345947996	0.0004255402377645472	0.21843718308365326	2214.070328034184	0.2464597524195535	1730.4350424292968	77364.66228441715	87166.13880717753
0.000108	-0.018800036856905566	-0.008753363520971941	0.010924642293664374	0.002080610156170972	0.0004294395849338622	0.2197944699838207	2219.962327878728	0.24819789398779013	1732.0268846385743	78632.00652765908	87398.10202433394
0.0001085	-0.019240129150474565	-0.008778751243463036	0.011044674929826227	0.0020942515760853033	0.0004333482806416724	0.22117007280651102	2226.4009714225313	0.2499625789066748	1733.987706476523	81827.6474404264	87651.58615704774
0.00010899999999999999	-0.01982818594571378	-0.008795396108136486	0.01122110747880379	0.0021082081018093074	0.00043726072734994094	0.22256890443771415	2230.622317016047	0.2517602619270192	1734.15515170347	85937.51649639256	87817.77708210485
0.00010949999999999999	-0.02028091124804939	-0.00879561636669029	0.011420661070176481	0.0021224100268434974	0.0004411804044685325	0.2239926773187382	2230.678177336559	0.25359332239851623	1731.0226001584604	88465.31360791424	87819.97625725747
0.00010999999999999999	-0.02052783808634359	-0.008827905238017134	0.011624811536655255	0.0021367716801794067	0.0004451133747765793	0.22543844117176948	2238.8670384279076	0.2554581402589129	1734.140343293864	88892.41499576348	88142.36502401129
0.00011049999999999999	-0.02064312604285951	-0.008855384762012725	0.011776611341279596	0.002151230199809348	0.00044905091066051666	0.22690316172584513	2245.83618896211	0.2573509623366165	1736.2488569682848	88527.86184788705	88416.73478324643
0.000111	-0.020656528134247943	-0.008848432828149894	0.011931648491099144	0.002165719332587088	0.00045298876613114375	0.22837754123654613	2244.073091697337	0.25925989163043667	1731.577196660405	87113.70427779101	88347.32308526835
0.0001115	-0.020624426053825425	-0.008856821677034582	0.01193295314500961	0.0021801714473464076	0.0004569319038644753	0.22984666245405394	2246.2006085602725	0.2611656442900198	1729.918895480429	86780.15418946909	88431.08168491225
0.000112	-0.02057520073904421	-0.008872182761646308	0.01184653670581546	0.0021945782095353487	0.0004608800075313616	0.23130758189451972	2250.0963714943373	0.26306436594422405	1729.6320207743493	87151.48958277862	88584.45468683129
0.0001125	-0.020553268942200192	-0.008879149341952497	0.011800197541451705	0.0022089270756769663	0.0004648317861861339	0.23275432080247907	2251.8631832800957	0.2649482170425984	1727.7322975156287	87395.18534515896	88654.01262246395
0.000113	-0.02054441939619213	-0.008888706119679547	0.01161700777055994	0.0022231732243572703	0.0004687908565731089	0.23417327154782233	2254.2869014861462	0.26679933789436	1726.393162757732	89135.88818753778	88749.43242684103
0.0001135	-0.02054121887429258	-0.008911934185224629	0.011350412783715336	0.0022372436952744967	0.00047276163446376113	0.23555425849992495	2260.1778290519937	0.2686042286626572	1727.7833164516812	91765.75455430745	88981.35342926177
0.00011399999999999999	-0.020369032443920042	-0.008941345007463011	0.011002518220408273	0.002251052290484122	0.0004767377665229819	0.23689530237588777	2267.6367809445687	0.2703600387310351	1730.4442800440204	93520.11529711501	89275.00626756229
0.00011449999999999999	-0.020010308665980556	-0.008936007419470112	0.010703886164700914	0.0022645645498319635	0.00048072092103844833	0.23820664891557983	2266.283101957333	0.2720799528775068	1726.4393987460714	92920.12850827911	89221.71303247048
0.00011499999999999999	-0.019517344044375766	-0.008972919141153045	0.01052183119606271	0.002277805494454365	0.00048471121151989435	0.23950270168327806	2275.6443756433773	0.273782719798341	1730.621399606432	89815.84596532048	89590.25872462752
0.00011549999999999999	-0.019037980493528624	-0.008968091911841936	0.010456338112454616	0.0022908571536979366	0.0004887042729055629	0.24079529776136369	2274.420129992775	0.27548383802984056	1726.7504575567252	85683.54947906641	89542.0611741869
0.000116	-0.018722236102999605	-0.008985377588354214	0.010465880526654666	0.002303796676295689	0.0004926940952879764	0.24208921108753326	2278.803993473049	0.2771895929937143	1727.1301324700385	82435.71802790281	89714.65029558694
0.0001165	-0.01851247420354991	-0.008953528813374167	0.010477659353391167	0.0023166919339452394	0.000496679692463492	0.24338548930559112	2270.7267463125268	0.2789013881481809	1718.0648060819597	80223.7410040563	89396.65567804509
0.000117	-0.018484934905307386	-0.008966380353939932	0.010504159139737247	0.002329629423372405	0.0005006765895050355	0.2446858465652317	2273.9860575296207	0.280621519012979	1717.5738539654517	79684.18687530785	89524.97209616775
0.0001175	-0.01863633113147267	-0.009004334894346851	0.01054368353625713	0.002342666892643832	0.0005046810390639774	0.24599222332303983	2283.611803069999	0.2823525971321962	1721.8610584260741	80801.1729981362	89903.92982902359
0.000118	-0.018837028147173314	-0.009000337730915626	0.010601591940976608	0.002355818666923353	0.0005086842468594003	0.24730502032211657	2282.598072494954	0.2840952067156095	1718.1001097893654	82226.84823263843	89864.02008501111
0.0001185	-0.01904634618947764	-0.008998751718605235	0.010647602845479383	0.002369085507967757	0.0005126948724525828	0.2486276927679391	2282.195839962034	0.2858540014162088	1714.7787538276846	83857.39103560626	89848.18451901604
0.00011899999999999999	-0.019194541543765264	-0.009033689385942076	0.010761437897093504	0.0023824786133640344	0.0005167176949409121	0.24996761550197344	2291.056468807839	0.2876388940532793	1718.366546319572	84200.46204270552	90197.02023309116
0.00011949999999999999	-0.019334835144503067	-0.009053590992001193	0.010926819460532916	0.002395998488565985	0.0005207513785668445	0.2513241034340009	2296.1037646969758	0.28944910397816587	1719.0375446430742	83949.9708665394	90395.72814607061
0.00011999999999999999	-0.019496392110617225	-0.009082522870795518	0.0110295655048505	0.002409638981148281	0.0005247962805043591	0.25269365292711515	2303.4412505496166	0.2912800747420908	1721.376266645232	84537.16948236374	90684.59896567772
0.00012049999999999999	-0.019665733949371024	-0.009104030390593083	0.011138236500595403	0.002423376652427093	0.0005288545874116386	0.25407645574750803	2308.89582622242	0.2931321716277846	1722.2597580056133	85142.93851211896	90899.34115078796
0.000121	-0.019718802720602387	-0.009142793849019278	0.01124408651084713	0.0024371608172982042	0.0005329237174659486	0.2554711845091014	2318.726723476747	0.2950037231196333	1726.358860877235	84615.9433631319	91286.37553890995
0.0001215	-0.019681741219824685	-0.009152693063500946	0.011331272170054954	0.0024509397438261323	0.0005369995993539021	0.2568721847658478	2321.2372879211734	0.29688722317198435	1724.9759944129105	83375.39555101006	91385.21440869488
0.000122	-0.019593738581745193	-0.009173151218386284	0.011345598185693865	0.0024646485043974113	0.0005410783415803455	0.2582683555437105	2326.425731544536	0.29876776638461994	1725.583583563955	82353.69342516249	91589.4791925822
0.0001225	-0.019444434295510776	-0.009165553622073995	0.011253101258948345	0.002478256314597827	0.0005451546464111834	0.25965041018762847	2324.498886217559	0.30063278567312013	1720.9417969304843	81786.49941014774	91513.62086725957
0.00012299999999999998	-0.019368335456541458	-0.009162192281512532	0.011117111618436568	0.002491731806546915	0.0005492287066453288	0.2610089887546403	2323.6464082644	0.30246952151067097	1717.153809019957	82384.48010305353	91480.05950714635
0.0001235	-0.01922949786051451	-0.009155461541243463	0.01087311278292957	0.002505000345024235	0.0005533086918380293	0.26233560935449607	2321.939408457952	0.3042663130370742	1712.8120188559171	83434.4642280202	91412.85632024272
0.000124	-0.018955116203210862	-0.009188831882670162	0.010599833570455415	0.00251801105321731	0.000557397166371385	0.2636263089780507	2330.402543875353	0.30601755673894687	1716.0471228004337	83423.45684949041	91746.04304299333
0.0001245	-0.01865167403743957	-0.009193631031720077	0.010291688676325291	0.002530737132818751	0.0005614893093389598	0.2648817653067374	2331.6196680209637	0.307723929178202	1714.0161343316618	83470.41131812558	91793.96022560429
0.000125	-0.01824583363651795	-0.009205325774323737	0.010029378551062645	0.0025431560637039024	0.0005655840365123895	0.2661055649795235	2334.5856008252126	0.3093900822089132	1713.3393805245594	82037.3309204511	91910.72657545074
0.0001255	-0.017783083181287178	-0.009205250051945559	0.009779287712587863	0.002555267882167767	0.0005696915754166511	0.2672995336199372	2334.566396684252	0.3110183012938845	1710.5378876457742	79914.02747976045	91909.97052412057
0.000126	-0.017347856061194534	-0.009262929451431376	0.009546527494875964	0.0025671469974474534	0.0005738154666444418	0.26847356809575673	2349.194612871824	0.31262192533438227	1718.4979530027956	77892.49336336876	92485.87143682527
0.00012649999999999998	-0.01705946925631245	-0.009278772823921047	0.00945662933763512	0.002578898054359712	0.0005779532935805883	0.2696354260466515	2353.212690036031	0.3142114531321025	1718.7031837797786	75910.68019684614	92644.05984999287
0.000127	-0.016969175965913342	-0.00932558671881572	0.009349435827137724	0.0025905966468762584	0.0005820685664901132	0.27078671412055344	2365.0852785374063	0.3157890165418433	1724.651607347368	76079.42072234183	93111.47395342392
0.00012749999999999998	-0.0169946667321089	-0.00917736616122718	0.00928554319465357	0.0026022768924083587	0.0005861971515177334	0.2719296286225459	2327.4946936981737	0.31735757147709315	1694.5799260198833	76971.87073637072	91631.56335869193
0.000128	-0.017022221175650606	-0.00938544022045706	0.009213899517496446	0.0026139170433671453	0.0005903683553539349	0.27306281373620683	2380.2648741885014	0.3189152064691912	1730.303050205131	77962.31600380273	93709.08222485357
0.0001285	-0.01697187667347378	-0.009368987427744346	0.009128061369241705	0.0026254675405787847	0.0005945032303336357	0.2741841317866772	2376.092240443414	0.3204589213761329	1724.6054524523759	78316.7028967612	93544.80904544707
0.000129	-0.01681120564440286	-0.009222099626820478	0.009021816859282886	0.0026369154307365177	0.0005986278121231529	0.2752938844186019	2338.8396593419125	0.32198906412591305	1694.9714044893976	77773.28042164152	92078.20538155071
0.0001295	-0.016697738435598155	-0.009322707529147116	0.008940861191576386	0.002648302233080112	0.0006027748273255735	0.2763951440958108	2364.355080073261	0.32350981472592805	1710.8588170227497	77448.66840489372	93082.72663682942
0.00013	-0.01667401331435481	-0.009322963990137052	0.008884348195662237	0.00265964702602149	0.0006069158772814336	0.2774893212555326	2364.420121783783	0.32502307883561793	1708.3187870270774	77776.03947874146	93085.28727580093
0.0001305	-0.016623496206213593	-0.009295886786401588	0.008826222147026833	0.002670901872924814	0.0006110445741565965	0.278571212096716	2357.553004692963	0.3265216057041318	1700.8066065933895	77852.01107023477	92814.93448981919
0.00013099999999999999	-0.016468469745387994	-0.00926742248047764	0.008685479386535813	0.002682014356466832	0.0006151773418363949	0.27963461102819215	2350.3341011607395	0.32799671101577205	1693.0993389963603	77709.39522934852	92530.7321592256
0.0001315	-0.016282720555456754	-0.009314189802508433	0.00852690839812294	0.00269295139335511	0.0006193247984674264	0.2806769598223399	2362.1948782020895	0.32944473123344287	1699.1812012804244	77438.03402934247	92997.68125513135
0.00013199999999999998	-0.01602035408188831	-0.009333466453381864	0.008344757653712169	0.002703707115580887	0.0006234841708510977	0.2816966179595896	2367.0836776497717	0.33086326151707324	1700.2842112284834	76637.11876241886	93190.14929278192
0.0001325	-0.015834775124423668	-0.009367765012334581	0.008159632887438432	0.0027142537489459836	0.0006276503948232948	0.282690976776689	2375.78222062621	0.33224853650141706	1704.1700240686955	76632.5838830041	93532.60381868563
0.000133	-0.015489755571943693	-0.00936427233732511	0.00793525779789449	0.0027244793918613374	0.0006318218180056709	0.28364809261215523	2374.8964346165267	0.3335837419983704	1701.261590786141	75428.00725881933	93497.73114761648
0.0001335	-0.014994370913283702	-0.009391141527835429	0.00755681053813	0.002734230878834703	0.0006359966314426609	0.28455037674859973	2381.71079695514	0.3348440902192301	1703.994092375347	74260.44387650998	93766.00702213097
0.000134	-0.014245388277478411	-0.00937951548711046	0.0070477409511877885	0.0027433901998372553	0.0006401751043884126	0.2853916709395322	2378.762287805488	0.33602067790454293	1699.8833437207354	71865.02809476301	93649.92662732211
0.0001345	-0.013319089470226562	-0.009407595289147669	0.0065696150820839	0.0027519150480503998	0.0006443564477235321	0.2861752519651484	2385.8836763491654	0.337117797702143	1703.1028141104084	67390.23802361426	93930.28987253537
0.000135	-0.012326849707276055	-0.009392421236104672	0.006113584114744685	0.0027598004377275445	0.0006485338104838956	0.2868989032180413	2382.035346957158	0.3381320779011603	1698.6320184885426	62036.45248587192	93778.78429039006
0.0001355	-0.011414012603206403	-0.009389697961616863	0.005599579794829914	0.0027670571513183184	0.0006527065842426903	0.2875531896473768	2381.3446905304113	0.3390500217626102	1696.5814291185459	58054.29999366662	93751.59371148224
0.000136	-0.010622970150666875	-0.009371788320216946	0.004990831207680409	0.002773737911052627	0.0006568701350039434	0.2881324634215837	2376.802581760636	0.3398634290099553	1691.9685988111637	56234.183896854694	93572.77460240044
0.00013649999999999998	-0.010038597910673405	-0.009348229827504438	0.004385409956387854	0.002779922642307197	0.0006610315483755048	0.2886415974056252	2370.8278537377373	0.34057889377453904	1686.5083148611268	56444.34809632167	93337.55444449266
0.000137	-0.009528040105920635	-0.009362178259930657	0.003855534536104998	0.002785669647515243	0.0006651901874775144	0.2890885496330932	2374.365350432006	0.341207399316227	1687.963514976546	56637.225146260294	93476.82279743443
0.00013749999999999998	-0.009076994999414943	-0.009335756249221942	0.003378923608137558	0.0027908745580663176	0.000669339600665529	0.2894748731993819	2367.6643984768375	0.3417509671151795	1682.285046949064	56892.48751107542	93213.01179700291
0.000138	-0.008072039814645946	-0.009320697012955934	0.002874186900524736	0.002795449809684094	0.0006734932674283937	0.28979689035636746	2363.8451880536595	0.34220427993636454	1678.8102032718464	51898.04789980951	93062.6526048556
0.0001385	-0.0072868198944125145	-0.009354881030677194	0.0023380472058744314	0.0027994974318825503	0.0006776543772360899	0.2900545942260336	2372.514681943056	0.342567205179319	1684.3558985767559	49411.10229134687	93403.96349195018
0.000139	-0.006740717738356979	-0.009354162183026468	0.001833199169315809	0.002803021674130012	0.0006818154316058412	0.29024892609419617	2372.332373199649	0.3428409705540422	1683.765449539955	48999.199856805346	93396.78614576005
0.0001395	-0.005959368295485581	-0.009354631772436684	0.0013122953151372804	0.0028060517180590696	0.0006859720367792177	0.2903813444127709	2372.4514669397586	0.3430275580459514	1683.5358204157408	46398.77659346992	93401.47476894877
0.00014	-0.005520864828765175	-0.009334157854593156	0.0008310540729773011	0.0028086580524724885	0.0006901215733168288	0.29045746701091546	2367.259025633303	0.34313483634362507	1679.670965289126	46825.49261516968	93197.05259954616
0.0001405	-0.004965513484947406	-0.00932285000792912	0.0004010815251100255	0.002810805202147969	0.0006942623717908276	0.29047586184739604	2364.3912144720907	0.34316076160401726	1677.5926387038987	45573.64596514587	93084.1492185714
0.00014099999999999998	-0.004390686812050606	-0.009294870064248945	-0.00010333902286790358	0.0028124463682416244	0.0006983885542178195	0.2904373123008947	2357.2951512550953	0.3431064315294813	1672.6486832246342	44870.674853063654	92804.78301076611
0.0001415	-0.0036122401422858043	-0.009257133824577646	-0.0005206316467120612	0.0028135686391214765	0.000702493877884058	0.29034747619313517	2347.724769508082	0.342979831832478	1666.0688078853002	41264.72634238548	92428.00490519503
0.00014199999999999998	-0.00288778198609317	-0.00920108559944217	-0.0009334735607055018	0.002814194744329897	0.0007065748424107079	0.29020921394145477	2333.510239510885	0.3427850198929566	1656.3040671780955	38153.38884761403	91868.390479616
0.0001425	-0.002165231839984526	-0.009147611073129686	-0.001304466897444081	0.0028143468006025683	0.0007106267615559838	0.2900233972095021	2319.948431683476	0.342523263305965	1647.1091061757777	34643.26410310181	91334.47319225964
0.000143	-0.00152610529138952	-0.009070492723887942	-0.0017031998892877963	0.002814076177376373	0.0007146490102582121	0.28979306567080537	2300.3902550243333	0.34219889461037606	1633.7531107815857	32243.050682443027	90564.4837660431
0.0001435	-0.0009853199314177133	-0.009014207816114575	-0.0020249924623648814	0.0028134596037194975	0.0007186420815688104	0.2895272951608884	2286.115699353746	0.3418247490173936	1624.2228044950134	30056.513600353137	90002.50617877378
0.000144	-0.0005442767726109016	-0.00893930630822035	-0.0022768221652530837	0.002812523009592456	0.0007225970532227503	0.28923146601554267	2267.1197413510754	0.3414084521333221	1611.3973749273262	28167.308738115764	89254.6508414475
0.0001445	-3.298964558420328e-05	-0.008842905409835886	-0.002511527547141449	0.0028112358529909713	0.0007265145488917426	0.2889056651718039	2242.6712693694826	0.3409501788967296	1594.7508345305987	25405.77375539128	88292.13448621365
0.000145	0.0005467826350351911	-0.008770808033898264	-0.002761950069782815	0.002809569353935145	0.0007304026537081805	0.28854777669442205	2224.3864742576425	0.3404470129611246	1582.5447026014556	22117.375680698126	87572.27705052208
0.00014549999999999999	0.0011532203972037505	-0.008710759238276087	-0.0030309044028153953	0.002807574048241049	0.0007342560705313013	0.28815858488028734	2209.1573496135734	0.3399001239519593	1572.56969397104	18747.766832570076	86972.71886312914
0.000146	0.001518470012454616	-0.008614845034611887	-0.003268632139132048	0.002805391842693549	0.0007380613672395289	0.2877446024762799	2184.8323094923835	0.33931872750195224	1556.158605120165	17474.522535252287	86015.06191933349
0.00014649999999999998	0.0015922878422840957	-0.008494403181697883	-0.0034321698486132948	0.0028031868463615664	0.000741805272532623	0.2873147578102004	2154.2867511446234	0.3387154115923095	1535.3283749857824	18370.33214908007	84812.5082582456
0.000147	0.0013641914316021102	-0.008338819000268451	-0.003525381885482733	0.002801046284935358	0.0007454767984074986	0.2868731551972811	2114.8286593197295	0.33809597144157943	1508.1410891190426	21578.441627579323	83259.07544017932
0.00014749999999999998	0.0011122612876347244	-0.008168973254151604	-0.0036224863277513975	0.0027989701767623834	0.0007490608008567138	0.2864215315959812	2071.753656547768	0.337462871372204	1478.3588011497818	25063.38319373198	81563.24779495991
0.000148	0.0009121971407281985	-0.00794529909126109	-0.003687583607609061	0.0027969590406602502	0.0007525325244700282	0.2859684794014852	2015.027094906967	0.3368281711204612	1438.7928606236296	27710.89181984253	79329.96943725472
0.0001485	0.0007970125332609129	-0.007664148894801984	-0.003645609822942176	0.0027950320805498175	0.0007558708716533519	0.2855238152695642	1943.7238932154628	0.3362056135456943	1388.7444313939727	28441.866484046164	76522.82067718974
0.000149	0.0006694987111646273	-0.007345616432619185	-0.003551812749156967	0.0027932039802152603	0.0007590603416004314	0.28509426055018006	1862.9400819915745	0.33560457791616966	1331.8265568668949	28778.51191203052	73342.42807025465
0.0001495	0.0005970864774966889	-0.0069947720277746765	-0.00340104584973902	0.002791473087635775	0.0007620924428174742	0.2846801777289944	1773.961558497629	0.3350255324231534	1268.9498667401201	27996.178463305958	69839.41634044333
0.00015	0.00048286768169169983	-0.006638060394252919	-0.0033013815105361155	0.0027898730024211154	0.0007649466785940484	0.2842815780851368	1683.4950325231134	0.3344684548526757	1204.9084079789538	28141.49767459772	66277.82316941737
0.0001505	0.0002595685688798061	-0.00619505936318733	-0.0031504320448714055	0.002788440535146046	0.0007676100228451852	0.2838961460894237	1571.144437483752	0.33393007517870277	1125.1025867322792	28863.873916329765	61854.67208958465
0.00015099999999999998	-5.7636324633650875e-05	-0.005779780280632674	-0.0030882473241406086	0.0027871921096934635	0.0007700922302298556	0.2835203850995741	1465.8244748638272	0.3334054830601314	1050.233355262054	31410.127025288664	57708.311260547176
0.0001515	-0.00041137730354927793	-0.005380637822075753	-0.0029938952097624434	0.0027861321549239064	0.0007723925426639261	0.28315777769632733	1364.5969616535826	0.33289951517271005	978.2007185405938	33999.99940891657	53723.066819182095
0.00015199999999999998	-0.0006921253438264337	-0.004961950266911129	-0.0028753407406708737	0.0027852403224416663	0.0007745218505910896	0.2828167006001727	1258.4125678042676	0.3324238233563174	902.5124773840735	35619.42378769468	49542.674039318015
0.0001525	-0.0008187892710533159	-0.004611773058270113	-0.002645401353106281	0.0027844722266932537	0.0007764947803365651	0.28250246966958154	1169.6032536015293	0.3319857734024819	839.1874459255195	34588.26825558637	46046.323940972536
0.000153	-0.0008139289168614124	-0.004258847899011901	-0.0024408033356289704	0.0027837490724303506	0.0007783194576273773	0.28220971490997365	1080.0970247974003	0.3315778346454989	775.2831513542153	32496.927699109154	42522.53688449957
0.0001535	-0.0006732360813804543	-0.003945205313361697	-0.0022977837543363207	0.002783052822859497	0.000780012135851245	0.2819402799071412	1000.5533473420147	0.3312025377760177	718.45705653038	29664.19640817827	39390.96733021826
0.000154	-0.0005574386493127152	-0.0036653580941850175	-0.0020633450885104085	0.002782445940574056	0.0007815879413232388	0.28170717718299493	929.5805969649265	0.3308779618530058	667.7110710298538	26167.258329121418	36596.82816825713
0.0001545	-0.00048696476187210235	-0.003419725942144527	-0.0017097022250662283	0.002782017152648746	0.0007830556672875819	0.281518830769763	867.2852149967022	0.3306157822543307	623.1280953269281	21932.65765530611	34144.30990678457
0.000155	-0.0006337459751355945	-0.003179414614536209	-0.0013389104887886459	0.0027818362413121914	0.0007844227672160571	0.2813745864039044	806.3392605673181	0.33041503950070794	579.4558846239589	19696.020904415633	31744.91750435606
0.00015549999999999999	-0.0008876146584860751	-0.002967294513876155	-0.0009958576658712023	0.0027819150334075626	0.0007857006290829994	0.28126332532458553	752.5429534308727	0.3302602266244691	540.8802198993208	18805.56039627483	29627.000870997632
0.000156	-0.0012675418163901966	-0.002778185416874291	-0.0008050364161993065	0.0027822453506047787	0.0007868961950486484	0.2811717777512155	704.5825242544219	0.330132861837405	506.47380333736714	20693.69144686888	27738.837982080684
0.00015649999999999998	-0.001699426687242865	-0.0025972784256778464	-0.0006767709158826017	0.002782809886203933	0.0007880123967398943	0.28109939577388177	658.7022515633819	0.33003217250564504	473.54144665401975	23725.184045010144	25932.569153461704
0.000157	-0.002010408617339996	-0.0024213504117790744	-0.0004948182456366483	0.0027836343977663673	0.0007890466545123468	0.28105845012476766	614.0847097078331	0.3299752182022699	441.4910129520316	25013.478811882273	24176.01300555068
0.00015749999999999998	-0.002359487251649134	-0.002228844909463086	-0.00016793622005409982	0.002784761738093116	0.0007900004428621036	0.2810573459089852	565.2629097189514	0.3299736823125515	406.39161657255266	25235.101216736457	22253.938651920926
0.000158	-0.002727095804965813	-0.002059546475767929	0.00015006316255546828	0.002786168644279705	0.0007908769009614568	0.28109149116734516	522.3267122136533	0.3300211771565895	375.5051178009807	25730.42479748513	20563.575656576446
0.0001585	-0.0030459069134362855	-0.0018811552152744634	0.0004026188183113278	0.0027877746557031196	0.0007916728231210973	0.28115370297308107	477.08446025308103	0.33010771737265576	342.9503976220136	26391.953454686063	18782.42518253258
0.000159	-0.003168015384804945	-0.001697443468162278	0.0006043539116908727	0.0027894925852992103	0.0007923948302842371	0.28124369242406116	430.4928664273797	0.3302329111512556	309.4194631111253	25596.920137757428	16948.152222348628
0.0001595	-0.0030994951493635114	-0.0015488210718412811	0.0008522333397633645	0.0027912745609019727	0.0007930506332394974	0.2813654484165203	392.8003702661965	0.33040232365582867	282.279917948073	22437.8224942056	15464.22946218418
0.00015999999999999999	-0.002941797311448153	-0.001399778315501924	0.001118533505378577	0.002793099969790324	0.0007936438693287588	0.2815171824440286	355.00126555360686	0.33061348807611957	255.06230951089108	18204.407455301323	13976.109610503587
0.0001605	-0.0028095479693375338	-0.0012675100144987335	0.001337463810677174	0.0027949474466796914	0.0007941839980182441	0.2816885093503606	321.4563722453254	0.3308519730230122	230.90580592636505	14698.048490589625	12655.47458398311
0.00016099999999999998	-0.002723884466804027	-0.0011609985948752865	0.0014356677605935728	0.0027967566275463856	0.0007946800735036576	0.2818631809886738	294.44374578620165	0.33109517236126806	211.45089497668243	12862.220887900634	11592.00956317097
0.0001615	-0.0025832241679333754	-0.0010694394667911935	0.001391602311471353	0.0027984427423926057	0.0007951419497665789	0.2820291427317914	271.22320723172146	0.3313262995205996	194.73035860719207	11897.76802208371	10677.835943124159
0.00016199999999999998	-0.0023115392333616543	-0.0010072331906805481	0.0012946876549794497	0.002799955838119439	0.0007955785700985662	0.28218693400213096	255.4469185865171	0.3315460975952514	183.36313583029587	10152.771306496023	10056.73635631431
0.0001625	-0.0019375502771322962	-0.0009558845919899105	0.001259353404990246	0.0028012806159417795	0.0007960035079771145	0.28233969030387207	242.42427255913938	0.3317589281567988	173.9782785226505	6771.467822859664	9544.04542825919
0.000163	-0.0015463275571710204	-0.0009547069329425852	0.0012131906462519914	0.0028024053579325118	0.0007964318841083514	0.282485378674221	242.12560351450483	0.3319619534015968	173.72866071898565	3326.210965512359	9532.287072134552
0.0001635	-0.0011525587900170636	-0.0009713435491206772	0.0011449504538902752	0.0028033065222862284	0.0007968778269104643	0.2826174677110484	246.34485718656535	0.3321460628158051	176.72349746485838	75.96555717711708	9698.395639954102
0.000164	-0.0007612067704569254	-0.0010336896129793105	0.0009930691140051648	0.0028039813658812876	0.00079734823404543	0.2827327434319984	262.1565977507593	0.33230676506118006	188.03634365988827	-2315.0333821369863	10320.890939832549
0.0001645	-0.00040712663242032835	-0.0010813392670154971	0.0008728067604356919	0.0028044519528038743	0.0007978436725522058	0.282832082226837	274.2411452099563	0.3324452708602212	196.676951077952	-4649.590896285833	10796.649694156104
0.000165	-0.00010079300166676928	-0.0011462348325331259	0.0007351108405801934	0.002804745119509894	0.0007983820047526248	0.2829196353378069	290.6994712408995	0.3325673600579577	208.45488284453094	-6333.356893997111	11444.60053527538
0.00016549999999999998	0.00019981879506457195	-0.0012741964625840906	0.0006820413242011346	0.002804917590902063	0.0007989699140945293	0.28299988407926935	323.152139000727	0.33267927670787056	231.70012112355332	-8804.946863010851	12722.235534850093
0.000166	0.0003236432595709441	-0.0013691419235088164	0.0006168808548586869	0.002805058656145464	0.0007996022833232174	0.28307075725994435	347.2314938625447	0.3327781284125304	248.94041195037246	-9390.678487455303	13670.220050832497
0.00016649999999999998	0.0001892713722673823	-0.001474095523544368	0.0005302866221835002	0.002805241197744319	0.0008002855187993685	0.2831236866858637	373.8490378153298	0.3328519591013849	268.00351996509073	-7184.438628736453	14718.13099635093
0.000167	-0.00015328255050527483	-0.0015978450498103048	0.00032643965163228403	0.002805449344920666	0.0008010182939067541	0.28314602183211185	405.2334634415506	0.33288311579296426	290.49322035482703	-1728.889923773654	15953.710176415923
0.0001675	-0.00042106070134368496	-0.001696833962179887	3.508149256990603e-05	0.0028056677242231745	0.0008017954514444863	0.2831431314445504	430.3382880968576	0.33287908375600506	308.4909576246262	3853.815757435462	16942.06659984411
0.000168	-0.0006075934304322542	-0.0017973958537206031	-8.186588371742337e-05	0.0028059011547632204	0.000802612731170574	0.2831315986851079	455.84203991817213	0.3328629959326472	326.77875440825926	6883.91786029584	17946.12845967415
0.0001685	-0.0006286207335931994	-0.0018772300080577113	-0.00010480566717049223	0.0028061274397266213	0.0008034591890442562	0.28311865429432376	476.0889786728371	0.3328449392378699	341.2993077066244	7322.907959632838	18743.233886526832
0.000169	-0.0005983146741290967	-0.0019285856683297728	-0.00010471483094008269	0.002806359941914748	0.0008043230030971335	0.28310417631550866	489.1134156054706	0.33282474366058673	350.6433649556188	7019.4096546935925	19255.995321057802
0.0001695	-0.0006813973747503591	-0.0019552662824148907	-0.00012962862975709214	0.0028066068327498666	0.0008051960239765727	0.2830859313934813	495.87995260713	0.33279929409139836	355.5033143639853	8097.702479339012	19522.388351153746
0.00016999999999999999	-0.0007239809253343514	-0.001969981095023745	-0.0001656873271615025	0.0028068702729835437	0.0008060717451396463	0.2830674812373745	499.6118128886306	0.33277355890289184	358.1879554178075	8882.907297652122	19669.308639632156
0.0001705	-0.0007591281887606828	-0.0019674072076823626	-0.00013295058961466092	0.002807192749284116	0.000806934732029423	0.28305907419684995	498.95904290822455	0.33276183256741004	357.7241581604762	8906.975232937022	19643.609619144514
0.00017099999999999998	-0.000826857044002031	-0.0019127256799021076	-3.1274497241389535e-06	0.0028075872280390072	0.0008077699622021584	0.28306496626313715	485.0911244318373	0.33277005094396905	347.778821659992	8286.993826715938	19097.64100578404
0.0001715	-0.000851415021110262	-0.0018426083817450023	9.849761306225603e-05	0.002808053797707736	0.0008085708003346166	0.2830786262037928	467.3085017784449	0.33278910437300735	335.0234530816501	7517.516242392971	18397.55368925444
0.00017199999999999998	-0.0010252574396647804	-0.0017580933348091785	0.00012260491837851306	0.002808602009216055	0.0008093329437874859	0.28309191135742545	445.87443019134383	0.3328076353824212	319.6509855230733	9012.548942916494	17553.71181327254
0.0001725	-0.001224556716593623	-0.001668630653199923	9.243123534980014e-05	0.002809224375555967	0.0008100458430358713	0.2831011439022398	423.1855766497621	0.33282051374773836	303.3812558172855	11303.72548529885	16660.470197529834
0.000173	-0.0014242662585001785	-0.001536683184081621	5.700858152425001e-05	0.0028099023432436956	0.000810701667414254	0.28311079299443825	389.72205031502494	0.33283397332722164	279.38753160291986	13651.406760338416	15343.038522240115
0.0001735	-0.0014678073240001084	-0.0014120125251900946	9.917355461908751e-05	0.0028106055549246855	0.0008113112644020106	0.28312540362719407	358.10401394901356	0.3328543541357228	256.7156704591808	13665.146377586922	14098.26227832688
0.000174	-0.001457458971763902	-0.0013288371312615837	0.00013731706929355334	0.0028113526071740645	0.000811879054073087	0.2831495158997447	337.0096950982794	0.33288798997411506	241.58556307768103	13180.97853496786	13267.796189827108
0.00017449999999999999	-0.0015111263841929264	-0.0012240398615100537	0.0002529689966654492	0.002812169301212448	0.0008124010288777518	0.28318603561880923	310.4317984582563	0.3329389359525985	222.52184812284554	12562.093126184516	12221.446126600342
0.000175	-0.001569750651329379	-0.0011228458560634317	0.0003381464800571547	0.002813034035785665	0.0008128842131610506	0.2832287229844368	284.7677346546189	0.33299848925212694	204.11333282122024	12296.972101815918	11211.072915081662
0.00017549999999999998	-0.0016272938747623061	-0.001049631212362115	0.00035279975746422025	0.0028139529920739557	0.0008133423292639788	0.28327386263845167	266.19958648202487	0.33306146760643307	190.7922013865031	12725.207473236916	10480.060101029992
0.000176	-0.0017738472889590802	-0.0010101351390866974	0.0003778397103511895	0.0028149630678614653	0.0008137809467055665	0.28332199171293665	256.18288895078496	0.33312862113692776	183.6006426104745	13938.460625975289	10085.710907898088
0.00017649999999999998	-0.0019885949722197823	-0.0009619619811985745	0.0004011871150774561	0.0028160644162301064	0.0008142056641684209	0.2833700154104226	243.96557437560878	0.3331956321321119	174.83304580517992	15849.499854582706	9604.72522075585
0.000177	-0.002185929679004625	-0.0009476385180386272	0.0003761340571694562	0.0028171883215016404	0.0008146332127580965	0.2834098960263578	240.33296520272808	0.3332512839001323	172.22022452291665	18069.934148328397	9461.712367285798
0.0001775	-0.002221820113706748	-0.000974691199240658	0.00026938156848091616	0.002818225733516376	0.0008150737798481029	0.28343353623011525	247.19386307275653	0.33328427429949503	177.13083232766223	19494.15476268741	9731.820307629207
0.000178	-0.0020599121404879994	-0.0010061718652767454	0.00011326349757771319	0.002819136128598599	0.0008155345671942791	0.28343940939713386	255.17775320701264	0.3332924705958398	182.8503215467294	19436.345387802816	10046.139535366528
0.0001785	-0.0019383116257038855	-0.001065604841022464	-1.8199241581078885e-05	0.002819958052992758	0.0008160136617561766	0.2834319825383049	270.250698238156	0.33328210605662506	193.65300705415427	19534.814929256212	10639.549059075802
0.000179	-0.0018774100602108143	-0.0010884841583624937	-0.00010201338079536986	0.0028207190543234496	0.0008165161208724065	0.28342227472131537	276.05317890296095	0.3332685584924099	197.81355899423355	19763.585898373338	10867.987979308033
0.0001795	-0.0017013114234885052	-0.0011706557713926206	-5.511928656102282e-05	0.0028214046608701702	0.0008170500738245563	0.28341706703475644	296.8929263795578	0.3332612910775127	212.74840396169768	17537.111309017924	11688.431800920698
0.00017999999999999998	-0.0014655825345047026	-0.0012300856936318767	-2.9173369618742223e-05	0.002821990403617358	0.0008176044075400527	0.28341296110994757	311.9650970033207	0.3332555612270561	223.55014509865754	14924.414906002978	12281.810836844481
0.0001805	-0.0012344738007857557	-0.001262291080192156	-3.728595052289638e-05	0.002822494970247104	0.0008181812804286386	0.2834021010774198	320.1327853150537	0.3332404061242616	229.40648133300093	12697.906151048724	12603.366048573638
0.00018099999999999998	-0.0012099245194919892	-0.0013314255723716664	-0.00013849670797815898	0.0028229608369238018	0.000818781939212604	0.2833801709963039	337.66615609622033	0.3332098035428251	241.97826304200873	13463.333920482268	13293.640522657683
0.0001815	-0.001239654382346035	-0.0013692364301344183	-0.00021646797098034222	0.0028234025753791706	0.0008193943192480062	0.28334806409181157	347.25546192328716	0.3331650012864997	248.86129904201596	14538.677582740356	13671.163653789981
0.00018199999999999998	-0.00126616411356171	-0.0013841262723729589	-0.0003032208065137126	0.0028237926829484707	0.0008200103442606316	0.2833079437044008	351.0317119051852	0.33310901976686524	251.58163943029155	15669.549543050745	13819.831528484361
0.0001825	-0.001137221150646605	-0.0013856248552265046	-0.0003461758081937556	0.0028241407606863873	0.0008206250641996737	0.2832719517432665	351.411771235762	0.3330588014658555	251.86667293224943	14811.001330026007	13834.794153629802
0.000183	-0.0010103674532945949	-0.0013782584440299723	-0.00023639727311789484	0.0028245044953187745	0.0008212309530552001	0.2832456756094304	349.54355734189306	0.33302214090505555	250.5368562876649	12448.342913929448	13761.244099897289
0.0001835	-0.0010503548338547484	-0.0013459188318928367	-0.00018891348437960858	0.0028248937362509406	0.0008218227174816564	0.2832154660045358	341.34182774724695	0.3329799940114122	244.66854293497042	12373.494903196339	13438.348710688668
0.000184	-0.00118871597739814	-0.0013147526568590539	-0.00030006522236586267	0.0028253304040145592	0.0008223988245403517	0.2831725955815795	333.4376964595075	0.332920186441706	239.01727848832593	14864.76037207203	13127.169523535666
0.00018449999999999999	-0.0014685243058460262	-0.0012755206968781305	-0.0003938440176892322	0.0028258327709244024	0.0008229557787398729	0.28312170848374046	323.4879813588115	0.33284919963038956	231.90151140254838	18594.84715301178	12735.457373935988
0.000185	-0.0016138697916686779	-0.001228638209869142	-0.0004298247253528888	0.0028263783886592316	0.0008234905576237321	0.28306718307045253	311.59799704045633	0.3327731430103884	223.39482976781915	20405.301513787697	12267.358411411566
0.00018549999999999998	-0.0017218777249733525	-0.0011758167817758837	-0.00045273451920853277	0.0028269685905280115	0.0008240030684395641	0.2830069879637601	298.20182307934476	0.3326891845440412	213.8086233243573	21712.451713563813	11739.96199396528
0.000186	-0.00190609827998465	-0.0011285172646745157	-0.000521595516735993	0.002827616787302806	0.0008244968921586501	0.28294173107493414	286.20607472040604	0.33259817400663944	205.22643249485242	24239.34863681683	11267.699187625427
0.00018649999999999998	-0.0020645635062017513	-0.0010917964802890053	-0.0005346655371787618	0.0028283261769258836	0.0008249713665908265	0.28288223109023514	276.893225118001	0.33251519955557696	198.56505182285014	25952.04512799191	10901.059912054468
0.000187	-0.002088049123093875	-0.0010415196458480635	-0.00042841311515665634	0.002829062507692176	0.0008254257118764737	0.2828363315142676	264.1423918918387	0.3324511959719198	189.433326771747	25125.658601070307	10399.070031775618
0.0001875	-0.001965556440476279	-0.001001292482636435	-0.00031452660136834003	0.002829778249957723	0.0008258729835536161	0.28280109704666534	253.94028082067308	0.3324020668767928	182.12569082024845	22765.52662729617	9997.42125915283
0.000188	-0.0018228522153056128	-0.0010097155230750022	-0.00025578553813619854	0.002830479382784505	0.0008263237550518561	0.2827714452441538	256.07646908876205	0.33236072382754156	183.66535583151293	20754.19283246766	10081.521244928726
0.0001885	-0.0018095078351874753	-0.001017028261594903	-0.00022416446767587066	0.0028311866452922912	0.000826777435312518	0.28273883983195963	257.9310709214077	0.33231526457905675	185.00393917247396	20305.234551709487	10154.535402938767
0.00018899999999999999	-0.0018982199997625794	-0.0010227938037180608	-0.0003035932551821072	0.0028318719262486816	0.000827234774890339	0.2826933229976675	259.3932844216859	0.3322518073717667	186.06453488524042	21984.04065284602	10212.10155308186
0.0001895	-0.0019196619768814158	-0.0010334811614281486	-0.0004331513280375395	0.0028324853904413763	0.0008277037350640755	0.2826346963261505	262.1037318335997	0.3321700790431464	188.02412318085942	23491.70313501211	10318.809651891983
0.00018999999999999998	-0.0017875183080130815	-0.0010750419397202863	-0.0005157917024701125	0.002833007877875733	0.0008281923073675373	0.28257250300129905	272.64406434747445	0.33208338593336595	195.60234865636136	22997.43667763586	10733.773926217433
0.0001905	-0.0015683458728034062	-0.0011216605653609384	-0.0004908818922406841	0.0028334854564427	0.0008286946266678428	0.28251904089232144	284.46713012690617	0.3320088695295148	204.09974935806142	20560.393484113076	11199.238360570496
0.00019099999999999998	-0.0014442753490444384	-0.0011368507286957637	-0.0003744664960931447	0.002833997729554591	0.0008292092557331766	0.2824814608479576	288.3195452901567	0.33195649314273823	206.87461894557438	18159.257862012124	11350.904796189514
0.0001915	-0.0014672680549504742	-0.0011770073205559094	-0.00023381161798886915	0.002834584859177399	0.0008297425089817932	0.282461814586481	298.5037585850739	0.33192911267597136	214.18784527424907	16984.457968742678	11751.848947992874
0.000192	-0.001490562901643841	-0.0012205881607656424	-8.418669952357989e-05	0.002835227963084935	0.0008302939562135029	0.28245325764067203	309.5564040340049	0.33191718732487396	222.12118929106816	15723.113289636061	12186.982563754498
0.0001925	-0.0015394438868765253	-0.0012588105008730054	-5.43177367301723e-05	0.002835904710033456	0.0008308552955128952	0.28244585621555085	319.25006692352383	0.33190687247496664	229.07920842443724	15912.939140334005	12568.6141471234
0.000193	-0.001623124132127529	-0.001265064545744932	-6.548321056633152e-05	0.0028365866342629532	0.0008314156036187718	0.2824354511454263	320.83617082281654	0.33189237183445786	230.22066217270327	16859.927782299004	12631.05776099501
0.0001935	-0.0016113394037809343	-0.0012541740829604743	-0.00010293533548425771	0.0028372396590150444	0.0008319783803634812	0.28242190347519264	318.0742134270409	0.3318734919408422	228.2430886246013	17116.20432546617	12522.321756229774
0.000194	-0.0015440540190150638	-0.0012761639573769122	-0.00011634996445142877	0.0028378404214843217	0.0008325409039299185	0.282407828491763	323.6511202563206	0.3318538775665152	232.24951019580664	16578.3308782887	12741.8800189645
0.00019449999999999998	-0.0013848946667234807	-0.0012530357512531788	-0.00011147053233792692	0.0028383531572175515	0.0008330952514402463	0.2823917056664038	317.7855182870788	0.3318314098684568	228.04552374190845	14940.482937775947	12510.9560645784
0.000195	-0.0011814179216614075	-0.0012394030464322582	-0.00014949674349122753	0.0028387826401864483	0.000833639518401795	0.28237361650787074	314.3280940572926	0.33180620262003463	225.57013336830875	13288.539361127387	12374.84009910389
0.00019549999999999998	-0.0010424038248408435	-0.0012077119238507947	-0.0001432979943569074	0.0028391815622224688	0.0008341707017375782	0.2823552623067264	306.2908295142997	0.3317806266840677	219.80800200464475	11838.659312663498	12058.4195645283
