time	incid	trans	refl	U_in	U_out	eng_strain	eng_stress	true_strain	true_stress	F_in	F_out
5e-07	-0.0009718630242475407	-0.0003133833808168499	0.00039813115169782707	5.467883451963957e-07	1.1036841417888251e-07	4.775392785865913e-05	85.90508915572343	4.7755068113721206e-05	85.90098685029321	5728.43531650155	3128.981519360064
1e-06	-0.0007265164571589227	-0.0001828514040671025	0.0003619408982895709	9.143451990182139e-07	1.7290189672919596e-07	9.182487220859163e-05	50.12348174842677	9.18290883702803e-05	50.11887916612057	3640.110662981376	1825.6828509019672
1.5e-06	-0.00022462831632001257	-9.83095557261985e-05	0.0003395112024900251	1.0561517230959507e-06	2.078072326647655e-07	0.00013351760353143567	26.94875244343066	0.0001335265178001287	26.94515431058625	-1147.050066215213	981.5733758502936
2e-06	0.00025064198925468334	-5.8630652196111495e-05	0.0003240882371188297	1.0193106993743967e-06	2.417062499003547e-07	0.00017199990491452208	16.071916101730817	0.00017201469859457662	16.069151733689523	-5738.4033966732195	585.3987110339979
2.4999999999999998e-06	0.0005275022497708417	-9.378497913130333e-05	0.0002884126190839685	8.98547324625842e-07	2.8182166316821515e-07	0.00019803859101804504	25.70846920070335	0.00019805820324920732	25.703377931685612	-8146.515425812661	936.3976664318353
3e-06	0.0004299129349864802	-8.658060482320863e-05	0.00012603030557472718	8.07770700837383e-07	3.128870379592124e-07	0.00020964830788774988	23.733596073625254	0.0002096702871662215	23.72862036536833	-5550.824427878	864.4654726766241
3.5e-06	0.00016301914088020627	-5.309449779958031e-05	5.875494030174898e-05	7.621795386488596e-07	3.265388775957512e-07	0.00022205264829178403	14.554337742041708	0.00022207730563130766	14.551105912801955	-2214.3069606392023	530.1228864196931
4e-06	0.00023939913858340734	-8.2864485129043e-06	0.00013867787543523244	7.41765848777622e-07	3.2331078572801486e-07	0.0002557707965949824	2.2714928163385277	0.00025580351152366395	2.270911834811433	-3774.916163951068	82.73618144785853
4.5e-06	0.00038905676055679797	2.2800487565558296e-05	0.0003979946717622432	7.493031090052512e-07	2.976617783542046e-07	0.0003125546151072884	6.250101431696392	0.0003126034704812227	6.248147933649027	-7858.3279690616455	-227.65184305266433
4.9999999999999996e-06	0.00048085013373356676	9.252172442165517e-05	0.0005058010007215803	7.611844710113523e-07	2.555041991804732e-07	0.0003677503110235609	25.362184058919986	0.0003678179477519628	25.35285710784408	-9851.23447745958	-923.7846790091111
5.5e-06	0.0003442477128126384	9.702577780663679e-05	0.000372717429631056	8.315346626764938e-07	2.4202961679774864e-07	0.00041904659594337203	26.59684145073973	0.00041913442050408255	26.585696134866954	-7158.550255231195	-968.7554741006833
6e-06	0.0001558998286151703	-3.644180965017686e-05	0.00044373629855517323	9.81139399855331e-07	2.550926043480637e-07	0.00048635083225823583	9.989479655348795	0.0004864691391849201	9.98462126360459	-5987.076772757072	363.8538477382772
6.5e-06	0.00024269550491490304	-2.2291559540631308e-05	0.0006275068674538161	1.2967703391393072e-06	2.4185341968870833e-07	0.0005781891351135436	6.110593372139302	0.0005783563509095307	6.1070602934424345	-8688.549897406065	222.57044281845208
7e-06	-0.0002000868943769005	8.181714029986949e-05	0.0008342310512614897	1.7678939348633507e-06	2.0840762801414897e-07	0.0006770414174762216	22.427828538981398	0.0006772707135178736	22.412643970156452	-6331.622762924005	-816.9045828081015
7.499999999999999e-06	-0.00034478788003188714	6.856071336756201e-05	0.000739144381304312	2.210255554283041e-06	1.6701458219182698e-07	0.0007535250375551289	18.793958310962665	0.0007538090802440294	18.77979659282059	-3937.4589721528882	-684.545570100345
8e-06	-0.00042679750268308757	0.000117549319490568	0.0004782018038282097	2.5649292384800946e-06	1.2751347809957796e-07	0.0008032525712603725	32.222783303666866	0.0008035753514678966	32.19690027012503	-513.2470901279476	-1173.6731135538341
8.5e-06	-0.0003763896844554141	6.005422802553215e-05	0.00031328300546394053	2.8196519875000568e-06	1.0382946158077718e-07	0.0008315003530915454	16.462148692328164	0.0008318462412608517	16.448460409877846	630.089674180616	-599.6124273135734
9e-06	-0.00031928240675870294	4.643305757908258e-05	0.00013632083670719414	3.018324962059838e-06	9.486004924945725e-08	0.0008469603585098017	12.7282944638188	0.0008473192320830528	12.717514102976505	1826.7828049849531	-463.61162699065295
9.499999999999999e-06	-0.0003279163049852045	-6.105084835412862e-06	0.00010974725733210432	3.1204951927953232e-06	7.843820753686804e-08	0.0008536354248242957	1.6735343645932041	0.0008539999790225805	1.6721057763749265	2178.3124440855204	60.95631993738806
9.999999999999999e-06	-2.5214855033325896e-05	7.994042214883268e-05	-3.5040315921034296e-06	3.10522099130106e-06	3.3747108278972636e-08	0.0008695679698118272	21.913379943574856	0.0008699462633561172	21.894324770265605	286.74419579410466	-798.1664595664174
1.05e-05	0.0003474794476676795	0.00012099820863120794	0.0002570932686080003	3.077969106614462e-06	-7.770059774254101e-11	0.0009006849131577455	33.168197602097806	0.0009010907735339971	33.13832350692096	-6036.36622786158	-1208.1086038955852
1.1e-05	0.0002703202184433217	3.108376954664955e-05	0.0002381773819712741	3.1300284480987327e-06	-7.502420686462238e-11	0.0009443751413007116	8.520726233920689	0.000944821344448726	8.512679471879546	-5077.102653589918	-310.3564082115618
1.15e-05	0.0001910047636080321	-3.109580304610182e-05	0.0004572150759502761	3.3173211063673316e-06	7.64503807909807e-09	0.001022469483010262	8.524024873563315	0.0010229925615169943	8.515309318257676	-6472.161648054557	310.47655688473407
1.2e-05	0.00020987935258944023	-3.6148836686340947e-06	0.0007857680472658619	3.5763565723569716e-06	-4.056039225819917e-08	0.0011266914731809725	0.9909169498144738	0.0011273266671754719	0.9898004921364872	-9941.057837291142	36.09286543629129
1.2499999999999999e-05	0.00028429603075627374	0.00022035453270351262	0.0008730739637469424	3.833041715311026e-06	-1.3008097589392077e-07	0.001231769441919219	60.4038916435904	0.0012325286934442214	60.329487975690824	-11555.779743083647	-2200.1334555116964
1.3e-05	0.00023407091962963027	0.00018214493141996416	0.0007993921702175472	4.0726070283403085e-06	-1.9189350996806514e-07	0.0013186688124399667	49.929822481683566	0.0013195390212539747	49.86398158196631	-10318.62921589459	-1818.6290631386616
1.35e-05	7.19312533760873e-05	9.577452386640106e-05	0.0005837355777199958	4.294100122062113e-06	-2.2154554295422875e-07	0.0013802317698930397	26.253845976594846	0.001381185167136057	26.217609584296074	-6546.516257529354	-956.2623085575104
1.4e-05	-8.793861537012774e-05	3.7545958444888146e-05	0.0003961269251748185	4.501850570686805e-06	-2.2397474601274014e-07	0.001416851391160409	10.292150461961517	0.0014178560741959214	10.277568014261455	-3077.1112474061433	-374.87823953681493
1.45e-05	-0.0002632883881926627	-2.6623856626644486e-05	0.00018672671335377654	4.731758940342546e-06	-2.1898949259862414e-07	0.00143668872006374	7.298168687885058	0.0014377217468467627	7.287683491254051	764.4313014867085	265.82633431843885
1.4999999999999999e-05	-0.0004546785029643154	4.209326401209887e-06	0.00012901274352306833	4.966438985185951e-06	-2.3553060577998117e-07	0.001462815154600709	1.1538664202260507	0.0014638861132260223	1.1521785269401592	3251.6151307192517	-42.02808867531361
1.55e-05	-0.00018464252553518573	7.016227531436794e-05	0.0002868268229341823	5.18503192601475e-06	-2.565642805808442e-07	0.0015112261197631246	19.232980704141788	0.001512369173709502	19.203915321340787	-1020.2607978025284	-700.5363916959382
1.6e-05	-2.765803034787457e-05	2.4408632202779237e-05	0.0004837029153058466	5.414452234393395e-06	-2.4200771375166286e-07	0.0015769713083186028	6.690928281147291	0.0015782160363445748	6.680376879221904	-4553.387653527595	-243.70838962895857
1.6499999999999998e-05	4.257477863949366e-05	-8.985738276125035e-05	0.0005627257761742271	5.631932511147399e-06	-1.8970423109874205e-07	0.0016454143581957903	24.631831009304545	0.0016467695391609988	24.591301440893183	-6043.6333437139665	897.1825158856623
1.7e-05	6.896666271847155e-05	-0.0001453077924933895	0.0005266432361825314	5.864042246644557e-06	-1.1490089876875064e-07	0.0017181100372799492	39.83197461406295	0.001719587681075692	39.76353889867385	-5946.876830390458	1450.828043738995
1.75e-05	4.448496897587171e-05	-0.00019102045688430786	0.0006304124512629516	6.11739064615814e-06	-2.433652429495627e-08	0.0018056040607729096	52.36279389302952	0.0018072361286598682	52.26824741974285	-6738.52439107236	1907.2468930955456
1.8e-05	0.00020901090242186448	-0.00021617206481228235	0.000762180049081102	6.335277881824797e-06	6.751379177789234e-08	0.0019048851178824844	59.25738771555642	0.0019067017188492896	59.14450919957247	-9696.872026530602	2158.373536070963
1.85e-05	0.0003915317672921171	-0.00019680226463725833	0.0008180199467294515	6.390211153035939e-06	1.446461533999779e-07	0.001992241147721875	53.947711093181695	0.0019942282998133124	53.840234243316445	-12076.788979743767	1964.9754476867918
1.8999999999999998e-05	0.000751875223813966	-0.000149997688609243	0.0005723761872871262	6.236713908673239e-06	2.2567747165419984e-07	0.0020350793659969454	41.11757547430427	0.0020371529537645894	41.03389794487669	-13222.009991472449	1497.6543886331435
1.95e-05	0.0006201054722146652	-0.00021433262348144653	0.0001094553152127462	6.009154737524848e-06	3.4943979034609726e-07	0.0020472085606875363	58.75315749406129	0.0020493069565247274	58.632877527072026	-7284.3116797066805	2140.0076038535935
1.9999999999999998e-05	0.0005960919660461902	-0.0003421233884104413	8.359816303641676e-05	5.868757342227945e-06	4.868409592172351e-07	0.0020637289925629306	93.78334009624328	0.0020658614155741836	93.58979669826728	-6786.377271339284	3415.9365978081173
2.05e-05	0.0002981044202890517	-0.00027565516702900405	0.00017934813447806667	5.918270374601996e-06	5.842735024589692e-07	0.002104978802942306	75.56297860511562	0.002107197384747973	75.40392013686466	-4767.132884786456	2752.2835483542963
2.1e-05	0.0001358264534017519	-0.00016241778614304068	0.000477201584938533	6.132724622650157e-06	6.239140941497631e-07	0.0021687879063648904	44.52218992189435	0.002171143132796841	44.42563073482687	-6120.7885300635235	1621.66305670803
2.1499999999999997e-05	-8.443536701263427e-05	-1.581292086405114e-05	0.0005384115430497971	6.4399416466834265e-06	5.90763053448867e-07	0.0022493938334641563	4.334659907931129	0.0022519275199921053	4.3249095506640645	-4532.732595287828	157.88436841083072
2.2e-05	-1.3904979617713679e-05	0.00016486552502872955	0.0007445470532107674	6.805633587403233e-06	4.973999786186947e-07	0.002354046644726663	45.1931675169951	0.002356821768565563	45.08678069263715	-7295.107799209303	-1646.1025458652919
2.2499999999999998e-05	3.5392210247576384e-05	0.000254910419920198	0.0009211520915521385	7.197711602450116e-06	3.533618132585038e-07	0.002471624455634099	69.87639961279689	0.0024746839616986644	69.70369139464223	-9550.63231170412	-2545.157279698756
2.3e-05	7.31786846272386e-05	0.00039270917790011097	0.0009502669053092956	7.533780547676244e-06	1.6213795264769328e-07	0.0025688234910816914	107.64998721963498	0.002572128579484978	107.37345340365054	-10218.609323298842	-3921.011244851764
2.35e-05	-3.7139030085658226e-05	0.00046706517004953073	0.000596794738459831	7.860893160469876e-06	-9.513529124619815e-08	0.0026756419101046204	128.03255542797032	0.0026792278377873466	127.68998615680945	-5587.89162380814	-4663.419871253011
2.4e-05	0.0002665540932858071	0.000689678213371383	0.0011033731506292818	8.08622739395984e-06	-4.228642102046029e-07	0.0027767558768706725	189.05555315026183	0.0027806182149741066	188.5305920319968	-13678.061095343526	-6886.103463174759
2.45e-05	0.00032967901129192983	0.0007838456277521023	0.0005060002234249148	8.138804134343384e-06	-7.726252626362519e-07	0.0028295944011960898	214.86885603458853	0.002833605271310955	214.26086432256164	-8343.853061787428	-7826.319560643541
2.4999999999999998e-05	0.00027492787488238415	0.0007887383574893349	0.000335000450303885	8.201297814424182e-06	-1.1318722584309086e-06	0.0028833369570537165	216.21005792983985	0.0028875017807108395	215.58665147932402	-6089.839393102427	-7875.171101165951
2.55e-05	0.00029947975219000696	0.0008264960101027348	0.0005203891780251196	8.263286019376507e-06	-1.5189421756367881e-06	0.0029572307563256925	226.56023829234155	0.0029616120029021704	225.89024738750297	-8185.994816489337	-8252.163004609585
2.6e-05	0.0005979364305233111	0.0009138348493077726	0.0006557363055213428	8.251838988658083e-06	-1.9935100658518018e-06	0.003045097991545119	250.50168263157107	0.0030497437359959813	249.73888046091102	-12517.316049704108	-9124.19908094076
2.65e-05	0.00085206402608871	0.001219901479747289	0.0007427963931421896	8.146368884620557e-06	-2.521873416573838e-06	0.0031395018528191563	334.4010939754824	0.0031444404279137046	333.3512411213616	-15923.910083313558	-12180.12638583427
2.7e-05	0.0011247195897126062	0.0011557082056574451	0.0007597760565557369	8.020103824259316e-06	-3.0229283544538564e-06	0.0032484689578993315	316.80434420683827	0.0032537566876404806	315.7752151289547	-18815.777770724406	-11539.187585024903
2.7499999999999998e-05	0.001177356466159527	0.0010971183042074383	0.0009745912437555219	7.955051039526684e-06	-3.46530655385199e-06	0.003375114766892953	300.7435987564296	0.003380823315027129	299.7285545952182	-21486.157298457994	-10954.195750485535
2.8e-05	0.0011308808497695166	0.0008918878099864609	0.001041157909884821	7.978813099593215e-06	-3.8212493972546235e-06	0.0035069313921237424	244.4855296221576	0.003513095090682878	243.62813564340564	-21686.756714977524	-8905.068505917743
2.8499999999999998e-05	0.0008603310561501131	0.0007084905377590198	0.0010568921784372774	8.123458508098964e-06	-4.1185525930894e-06	0.003641137205710797	194.21241373276607	0.0036477822811110034	193.5052596873128	-19142.546914501596	-7073.935425392065
2.9e-05	0.0006253965171913547	0.0006282341812467688	0.0010791852591141167	8.47085307468493e-06	-4.367838635190366e-06	0.00379175255191969	172.21242942112912	0.003798959469293532	171.55944250239926	-17019.424777393924	-6272.614513978552
2.95e-05	0.00020991822720332418	0.0004925974117128594	0.0013180733557455015	9.08186472776131e-06	-4.5351975991097396e-06	0.003969479575629802	135.03148910057493	0.003977378870670182	134.4954843625233	-15256.257087796213	-4918.346958018599
2.9999999999999997e-05	-0.00012834872271989288	0.00025987638322929804	0.0015107063762448548	9.912593570952341e-06	-4.591048027090288e-06	0.004155959658055004	71.23767639684438	0.0041646196604700715	70.94161548760552	-13802.172724511573	-2594.740022023804
3.05e-05	-0.0006386494327592356	-8.763550624090367e-06	0.0014573908020700768	1.1093375860475073e-05	-4.5036331861913145e-06	0.0043591889445364716	2.402276712060733	0.004368717911123894	2.3918047339758006	-8174.736666097745	87.49981532294693
3.1e-05	-0.001435659825750982	-0.0003842681431978435	0.0017772939101621398	1.2813716118250044e-05	-4.2545139659940264e-06	0.004606841228157513	105.33611902159984	0.0046174854245376925	104.85085224567703	-3411.051133980659	3836.7315950540365
3.15e-05	-0.0023575364599871394	-0.0007358133906791999	0.002164446326432329	1.5107707085903593e-05	-3.856824839646397e-06	0.004909053106503555	201.70219225892396	0.004921142087565683	200.7120254854267	1927.9116138480388	7346.740899698315
3.2e-05	-0.0031464950555478797	-0.001052263202900804	0.002645687880430981	1.7947335775797177e-05	-3.311264828387051e-06	0.005274085185575509	288.4478558654326	0.005288042268372781	286.9265573020017	5000.3174757359075	10506.339253846656
3.25e-05	-0.003810941271358781	-0.001400665534389767	0.0031643196538722637	2.1321397120454313e-05	-2.605835065386817e-06	0.005688027862256692	383.9523885902005	0.005704266298465524	381.7684567061194	6456.204173495975	13984.96806207958
3.2999999999999996e-05	-0.004770911240368484	-0.0017710642516864622	0.0034241699835364323	2.514123576258507e-05	-1.7131932684731942e-06	0.0061222779251026175	485.4866012520207	0.006141095913884395	482.5143173502423	13446.560226019052	17683.220146140695
3.35e-05	-0.005492009206642203	-0.002242402040869961	0.00348754074424626	2.9314404793050138e-05	-5.941483592021105e-07	0.006568173493969296	614.6903729923407	0.006589838865547418	610.6529799774543	20013.648326305123	22389.300053400093
3.4e-05	-0.00617418867332386	-0.002789010378697724	0.003609524864930433	3.400956611468724e-05	7.27795267956648e-07	0.007047264622238817	764.5274124421079	0.007072213876663039	759.1395854556729	25606.927970837565	27846.919991423405
3.45e-05	-0.007310618748920686	-0.0031546684929459313	0.004015895541792443	3.9363404570063976e-05	2.1927092981934105e-06	0.00758349347009103	864.7621243886356	0.00761239436256201	858.2042064651523	32896.218043342706	31497.839446387603
3.5e-05	-0.008226282332042006	-0.0034318291393369434	0.004518953379027973	4.537500580715005e-05	3.776102525720598e-06	0.008180590622534161	940.737787094862	0.008214235268352806	933.0419963754903	37015.88689844682	34265.154478189506
3.5499999999999996e-05	-0.009299223733376109	-0.0036873707104965662	0.004984701651032479	5.209740350761499e-05	5.470738225929148e-06	0.008838153810686334	1010.7871987651336	0.008877441953144428	1001.8537060325746	43078.416683537966	36816.61349781758
3.6e-05	-0.010459738272729922	-0.003931993836924361	0.005481356803768306	5.961534046134904e-05	7.294093134841116e-06	0.009566077015798459	1077.8436311469547	0.009612125836889075	1067.532895960415	49706.731646402455	39259.05712646676
3.65e-05	-0.011756220521207917	-0.004266113726028689	0.0061045819357745165	6.80021775134961e-05	9.248841996569312e-06	0.010376293981694071	1169.4330408578105	0.010430503038893408	1157.2986598339635	56428.87839753801	42595.082653835314
3.7e-05	-0.01305663504893076	-0.004522762947778262	0.0067911796867154385	7.733506309361448e-05	1.1314655972133112e-05	0.011273222749252226	1239.7860832516867	0.011337247153848757	1225.8096985737675	62557.542099542836	45157.60102899409
3.75e-05	-0.01462967005638599	-0.004765480988685874	0.007484724257110221	8.768549419436772e-05	1.3433556875949303e-05	0.0122567476519403	1306.3202909353313	0.012332481049774508	1290.3090527767276	71338.82883160585	47581.023299937835
3.7999999999999995e-05	-0.01625338797755922	-0.0047614506250223815	0.008169481009781389	9.895056620442745e-05	1.556193243259588e-05	0.013310940993838968	1305.215482030214	0.013400325650990226	1287.8418357646647	80713.90205974467	47540.78206766031
3.85e-05	-0.017617258758874443	-0.004808080606919961	0.008609513523014636	0.00011106126406609074	1.771683888335362e-05	0.014430126351600623	1317.9977576626998	0.014535253179381981	1298.9788834885007	89937.98043994281	48006.35988874741
3.9e-05	-0.019021021872969095	-0.004880737946761987	0.009203921880823758	0.00012416302704773224	1.9923532240680676e-05	0.01563670041430578	1337.9146889328833	0.01576024317394759	1316.9941177621408	98018.99631392636	48731.808293251124
3.95e-05	-0.0206823365107925	-0.00504092317000671	0.010000429728038565	0.0001383280123889912	2.2170261106357936e-05	0.01695007868793481	1381.824885601256	0.017095375473332806	1358.4028450573683	106653.67393651808	50331.180288986376
3.9999999999999996e-05	-0.022101505058660906	-0.005060744264889237	0.01090386362769878	0.00015350079293271606	2.4381381935758962e-05	0.018379877588643623	1387.2582717578841	0.018550886191478152	1361.760634539141	111803.0350128165	50529.08433679916
4.0499999999999995e-05	-0.023360550945474623	-0.004880823504236042	0.01185343048951006	0.00016965407145436276	2.6583924278044945e-05	0.019930087629140957	1337.938142066925	0.020131370708098065	1311.2729176531611	114893.03342734036	48732.66254325782
4.1e-05	-0.02459347190606232	-0.005022173957072011	0.01282037910536265	0.0001867876330731816	2.8847825219592635e-05	0.02161040823386825	1376.6853252181984	0.021847332680750647	1346.9345933306574	117548.6386772671	50143.97846410879
4.15e-05	-0.025697171443050962	-0.005156701992950019	0.013924326177337019	0.00020481330528399985	3.118780192499832e-05	0.023422087960733723	1413.5623379235994	0.02370074481364072	1380.4537565067724	117546.16716013137	51487.17585064825
4.2e-05	-0.026513781540416417	-0.00536422327067154	0.014911147377736503	0.00022360396406651532	3.360576578322911e-05	0.02535575713513352	1470.448359824026	0.025682753681828215	1433.1640283325726	115846.69160276407	53559.175460749204
4.2499999999999996e-05	-0.027195042064744938	-0.005507345229910516	0.015865962679755718	0.0002430154053202389	3.6074400869775987e-05	0.027411144846044795	1509.6811507796879	0.027793839895752737	1468.2990620843223	113115.3794262991	54988.17901641344
4.2999999999999995e-05	-0.027367598428625746	-0.0055920495583853405	0.016848471943823967	0.00026283961500219344	3.8569260323305883e-05	0.029590365953499353	1532.9004193654655	0.03003699348886105	1487.5413349861687	105028.39137469041	55833.91077703423
4.35e-05	-0.02707993212506533	-0.005625254354593867	0.017836948267498612	0.00028295833412238756	4.109696135601133e-05	0.03187882163649775	1542.0025643843112	0.032398015280639306	1492.8453396712816	92286.724326878	56165.44461083162
4.4e-05	-0.026953137472634895	-0.005739710771955309	0.018587096419047697	0.00030332712069300034	4.368826272294461e-05	0.03423380603115801	1573.3775170453318	0.034833509293814194	1519.514816313017	83530.87447920741	57308.23659221437
4.45e-05	-0.027145377477899815	-0.005911212057337885	0.018895847849654805	0.00032384457041564164	4.634914041164176e-05	0.036634484468807176	1620.3896884397102	0.037322379975968746	1561.0275475651504	82367.56423684623	59020.59399645783
4.4999999999999996e-05	-0.026894265744696957	-0.0060525375106593145	0.019314382455697613	0.0003443310337122624	4.906512412217764e-05	0.039080362274993334	1659.1300186892129	0.03986449710369872	1594.290616497522	75681.46935030415	60431.660309244755
4.5499999999999995e-05	-0.026286644756743856	-0.0061589779158618034	0.01961526043501805	0.0003646469520003179	5.182655693768808e-05	0.0415616137669871	1688.3076109241854	0.042450000009617836	1618.1388220790898	66610.54647128293	61494.41628540301
4.6e-05	-0.02556444416802022	-0.006256884261475585	0.01987740524969593	0.0003846886979306075	5.4617053510039386e-05	0.044065663745379714	1715.1458348495898	0.04506605421585138	1639.5667952168194	56782.333603446044	62471.96380325508
4.65e-05	-0.024691049627962827	-0.006289653410577962	0.01997813094789173	0.00040431767751313735	5.740966944601125e-05	0.0465595107390317	1724.1285596764756	0.047678268830209855	1643.8539774867475	47056.21406518569	62799.14791135689
4.7e-05	-0.02387097296651617	-0.006266413273540906	0.019715010157280652	0.00042335467594647064	6.019396561915575e-05	0.04900562280217175	1717.757940918851	0.05024712896965349	1633.5781432007466	41495.27901368048	62567.106380926016
4.7499999999999996e-05	-0.022789173397698457	-0.0062522463702789815	0.019218361267843685	0.00044177772714258445	6.299945820273964e-05	0.05138780711777608	1713.8744896503	0.05275521206631374	1625.8022379520733	35652.83243259203	62425.6567023324
4.8e-05	-0.022128065382147177	-0.006361715867611314	0.0186975086385701	0.00045964624585696074	6.581069647437495e-05	0.05371069307141185	1743.8824208419737	0.0552069354064764	1650.2172873834998	34252.45022180056	63518.65669867454
4.85e-05	-0.021239721165114047	-0.006278079941373026	0.018274543040457	0.0004768966772602952	6.858654780379459e-05	0.05597510737040293	1720.9560241664572	0.057602743873286656	1624.625325933998	29605.86974803541	62683.592417754335
4.9e-05	-0.02027970181528777	-0.006202610277585966	0.017766848640433618	0.0004934251165859477	7.132552564124417e-05	0.05816605101775789	1700.268174736532	0.059926294909804466	1601.370289340937	25089.623848238032	61930.064318572724
4.95e-05	-0.019162914935663907	-0.006112290575893615	0.017105152556636367	0.0005091318558762103	7.40279862558095e-05	0.060267224352876445	1675.5096122174357	0.06215972536011942	1574.5312985125265	20545.762313332536	61028.265771716644
4.9999999999999996e-05	-0.01801402439695712	-0.006038422757294607	0.016338025749644818	0.0005240668366502072	7.672170800673459e-05	0.06227632825864376	1655.2608628231749	0.06429996640323453	1552.177293976313	16734.036055911656	60290.73132215751
5.05e-05	-0.017158376647523104	-0.0060729991884896604	0.015639735929226847	0.000538364152183453	7.944315101255906e-05	0.06419223916562722	1664.7390023363666	0.06634520732263105	1557.8756781500429	15162.893225897535	60635.960268034425
5.1e-05	-0.01663027503863317	-0.00616306213953148	0.014854725908012045	0.000552121342446175	8.222418941877615e-05	0.06602187099346471	1689.42718400927	0.06830225750869008	1577.8880404137576	17727.99949361775	61535.195283798006
5.15e-05	-0.016103138334061216	-0.006340950041221605	0.014266481005535556	0.0005653590558013739	8.503991905964998e-05	0.06777536064949902	1738.190063567793	0.07018146399342096	1620.38360513211	18338.135300520775	63311.31996359218
5.2e-05	-0.015506531830478575	-0.006319039712420662	0.013642814360458591	0.0005781046380961954	8.784475562077092e-05	0.069441434161364	1732.1839736973916	0.07197026469925016	1611.8986343325141	18608.317728275262	63092.555925363486
5.2499999999999995e-05	-0.01528178800430174	-0.006291972939139271	0.012875128065994685	0.0005905231059620358	9.065932605255786e-05	0.07102666361593715	1724.7643920787527	0.07367524199670135	1602.260131785829	24029.335731584255	62822.30728242196
5.3e-05	-0.015322519617508783	-0.006362804817246648	0.01235606558165687	0.0006028352951370398	9.35368550001941e-05	0.07255894867435041	1744.1809252338328	0.07532604304255888	1617.6249910010101	29618.609104342908	63529.52933421632
5.35e-05	-0.015646627072557734	-0.006575044919483857	0.01203244229062375	0.000615171712499257	9.647581958927958e-05	0.07405376462145938	1802.3604778877846	0.07693910716785572	1668.8888992952614	36085.88739054084	65648.64412529528
5.4e-05	-0.01602782807248789	-0.006639029700476003	0.01175969109441998	0.0006275641195364867	9.940017835070197e-05	0.0755192662043118	1819.9000752378822	0.07852306796573581	1682.4625569907455	42615.283847093364	66287.50122334203
5.4499999999999997e-05	-0.01636494600970932	-0.006509374684005974	0.011565862263940015	0.000640077814819222	0.00010231421063833763	0.07697227323662248	1784.358861404804	0.08009600510016006	1647.0127035725648	47916.53058063517	64992.9585792184
5.4999999999999995e-05	-0.016772028878068976	-0.00659260015325195	0.01156082245534067	0.0006528539579045508	0.00010524798929335594	0.07843788959961233	1807.1727430374767	0.08168510273246804	1665.4219269316745	52031.3762260957	65823.92464554889
5.55e-05	-0.01734425954236702	-0.006598157642819369	0.011766557793041676	0.0006659271940820841	0.00010819892712526887	0.07991217267033326	1808.6961698239475	0.08328614900672716	1664.159329192806	55690.65484152475	65879.41349152778
5.6e-05	-0.017969865889204528	-0.006669750672433237	0.011698765502273181	0.0006793021940557102	0.00011118364156111551	0.0813898956440554	1828.3213508909105	0.08489350741662254	1679.514466938101	62613.9049416525	66594.23527305585
5.65e-05	-0.01864628888824066	-0.006750022883539214	0.011821308768367008	0.0006930110109664064	0.00011419044625678516	0.08288517750351401	1850.325681285878	0.08652259919206781	1696.9611087531875	68144.12624377516	67395.71448492115
5.6999999999999996e-05	-0.019191287698724968	-0.006769072162307539	0.011978240277976029	0.0007070569394432612	0.00011718248493976471	0.08441835338833131	1855.5474961334935	0.0881957363081406	1698.9052318760628	72018.79059113687	67585.91232204916
5.7499999999999995e-05	-0.0195588610729113	-0.006683632429482414	0.012424446370406711	0.0007213754930135468	0.00012016127382400399	0.08599378484817297	1832.1266374821755	0.08991790760381227	1674.5751336039266	71233.68092270994	66732.83790459906
5.8e-05	-0.019744497654319754	-0.006709498858871244	0.012650798179960534	0.0007359569362587998	0.0001231514889466355	0.0875956749561031	1839.2171791598985	0.09167204828952141	1678.109708960527	70827.15905773001	66991.10169420563
5.85e-05	-0.02031972964631661	-0.0067350067016672425	0.012845573590601938	0.000750909931764154	0.00012616631085891417	0.08923393051047693	1846.2094245809824	0.09346919901138008	1681.4649010801354	74625.83405088748	67245.78517007912
5.9e-05	-0.02083625045837111	-0.006820135086256317	0.013229606262700346	0.0007662266651202252	0.00012920792531669257	0.09091756854035778	1869.5449360198645	0.09531950524220022	1699.5704561599996	75948.66406304845	68095.75092594625
5.9499999999999996e-05	-0.021232828651481375	-0.006855470451658394	0.01356790058523614	0.0007818327539965743	0.00013227713397264296	0.09264987984814535	1879.2311156357182	0.09722688334048724	1705.1205785651728	76530.60032727834	68448.55746289388
5.9999999999999995e-05	-0.02136253628278739	-0.00694420320027067	0.014004311083373201	0.0007976334287110134	0.00013536905644395824	0.0944346379376911	1903.5546603645466	0.09919582087082285	1723.793165218416	73468.32050967072	69334.5110506245
6.05e-05	-0.021272953479927834	-0.006957595551174544	0.014402666115814946	0.0008135052240102006	0.00013847247690298878	0.09624522684462526	1907.2257902611072	0.10119722402338654	1723.6644114335074	68596.49716896011	69468.22719846162
6.1e-05	-0.02127117188844069	-0.00699590006937001	0.014415445480179258	0.0008292934860205759	0.00014160244009278755	0.09804180530627642	1917.7258781792075	0.10318710733978924	1729.7085709999537	68451.11306580613	69850.6792903026
6.149999999999999e-05	-0.021120370162831	-0.007076936092497068	0.014179669844199438	0.0008449710274263771	0.00014478675102681625	0.09980850931270761	1939.939585790026	0.10514777085928094	1746.3171075756122	69299.53647129388	70659.7847958533
6.2e-05	-0.021248848272135596	-0.0072402565853845946	0.013939950804881543	0.0008604721650116149	0.00014801309269423313	0.10154779791679736	1984.7092269429472	0.10708177163243128	1783.1663754417418	72975.80695672256	72290.46094289667
6.25e-05	-0.0207635845172326	-0.007265913274932997	0.013743314511910684	0.0008756659597737789	0.00015124149829165965	0.10326499436050443	1991.7422744432686	0.108994883490698	1786.0650197053062	70094.00131657835	72546.63058161731
6.3e-05	-0.020218612040071318	-0.00724953635869624	0.013588322480602063	0.0008906116262727028	0.0001544671562801891	0.10496228341295885	1987.2530113376524	0.11088942015717236	1778.6663975483739	66200.2351417284	72383.1149921328
6.35e-05	-0.01996481309035011	-0.0072535595673969295	0.01342645991255514	0.0009053372390384199	0.00015767111704681	0.10664015790886247	1988.3558589143931	0.11276582060299169	1776.3172761407504	65282.29482700637	72423.28478556655
6.4e-05	-0.01953822421027309	-0.007151982032791758	0.013279312050280205	0.0009197925818709538	0.00016085195203545795	0.10830169645971516	1960.5112835456198	0.11462742834363476	1748.1845856092154	62492.21138934989	71409.08222085719
6.45e-05	-0.019009644351656425	-0.007149582215334255	0.013166449986668044	0.0009339827294290874	0.00016405281002541706	0.10995276756565689	1959.8534422392079	0.11648074751317482	1744.3621322419278	58341.47022864227	71385.12120398771
6.5e-05	-0.018512466411561377	-0.007242008783853564	0.013112707696076226	0.0009479840783946043	0.00016729962610089865	0.11160628898339964	1985.189542029545	0.11834026598669538	1763.629904314973	53913.9796938716	72307.95579732502
6.549999999999999e-05	-0.018121774196560587	-0.007356217427524322	0.013205450202926962	0.0009618207218414623	0.00017057122491930405	0.113256326727601	2016.496574621119	0.12019932009036904	1788.1155797207412	49087.11776345405	73448.2738782185
6.599999999999999e-05	-0.017827370594815154	-0.007353436126496125	0.013057260050011973	0.0009754478826206697	0.00017382248610750816	0.11487107875119942	2015.7341605065817	0.12202197085613634	1784.1846030135473	47627.24717912419	73420.50393236394
6.65e-05	-0.017741527911000983	-0.0072647760525339205	0.012643827500950172	0.000988860175263171	0.00017706570924708517	0.11643760570226913	1991.430537454128	0.1237933679868025	1759.5531337505863	50898.07357590926	72535.2759658721
6.7e-05	-0.017628858631977325	-0.007317295720194348	0.012289689058864347	0.0010021255429888294	0.0001803509366651959	0.11796781398636536	2005.827301957204	0.1255267315622146	1769.2042399111435	53309.026405467324	73059.65945131434
6.75e-05	-0.01765899251796672	-0.0074536342895345446	0.012065763980373337	0.0010153958317355978	0.00018371150811731805	0.11947835024164406	2043.2006206188544	0.1272407633204954	1799.0823812546103	55845.68231432528	74420.93413898128
6.8e-05	-0.017964092832689644	-0.0076560550544487425	0.011976580589232433	0.001028783368784279	0.00018709575625777903	0.12098552200477895	2098.6884828392394	0.12895391044828095	1844.7775612175164	59782.41445952388	76442.00759507949
6.85e-05	-0.01823971112844263	-0.007560088626420607	0.012012213276680695	0.0010422792944079586	0.00019045231172931461	0.12250717093223368	2072.382031826346	0.1306864956780526	1818.5003720165062	62178.5547122092	75483.82921626326
6.9e-05	-0.0182210011581502	-0.007531544199515393	0.012207005361727492	0.001055864424213309	0.00019381116529562151	0.12406727471580481	2064.557393736732	0.13246598861561562	1808.413384401451	60046.839929630296	75198.82691641463
6.95e-05	-0.01802872397106042	-0.007570421243528197	0.01262427730221772	0.0010696097141063496	0.0001971875713261537	0.1256691992606615	2075.214423229891	0.13429648438763864	1814.423888368415	53960.7866412635	75586.99540169403
7e-05	-0.01827547038620578	-0.007610463004083006	0.01287264258127574	0.0010836519175095047	0.00020060587259433391	0.12731642702884113	2086.190726444972	0.13618224821547018	1820.5843770532956	53944.623067905326	75986.79301844085
7.049999999999999e-05	-0.01864263101532581	-0.007758789214533222	0.013345342885011737	0.0010979951286824007	0.0002040749574321025	0.12900986428653374	2126.8501139965515	0.13812462743662834	1852.4654694320577	52890.86045110073	77467.75850590771
7.099999999999999e-05	-0.01889336138175373	-0.007838794396880738	0.01360813268644486	0.0011126187881806825	0.00020756366476949622	0.13075389561150744	2148.7812460960545	0.14012898968201404	1867.8197273520461	52770.45282397368	78266.57156474286
7.15e-05	-0.019098296497352774	-0.007847015243263856	0.014150619815305457	0.0011274618692961836	0.00021105498675976628	0.13254257471706615	2151.034755965137	0.14218884584911157	1865.9310711036217	49400.15919651598	78348.65274064704
7.2e-05	-0.019169284268704824	-0.007850550311988795	0.01431876596078251	0.0011424648262875327	0.00021454490777905199	0.1343512408142473	2152.003793931337	0.14427604254830315	1862.8794139796942	48430.079812294025	78383.94869246545
7.25e-05	-0.019499003528075508	-0.007840716244223025	0.014468741368374267	0.0011576614344384457	0.00021803313014175956	0.13617571606513823	2149.3080655682697	0.14638590593698794	1856.6245006949334	50224.735256270964	78285.76028113674
7.3e-05	-0.01978834686891634	-0.007842912868904053	0.014570391249163987	0.0011729601047440403	0.00022152014059875693	0.1380048406387565	2149.910207387576	0.1485056239244162	1853.2121918294176	52098.763694772955	78307.692516388
7.35e-05	-0.019883891366146565	-0.007835267314165633	0.014542741988111068	0.0011883028212672938	0.0002250024744993066	0.13984305279241888	2147.8143972660023	0.15064040963208894	1847.4574751208156	53328.79380027412	78231.35534937098
7.4e-05	-0.019841744172905875	-0.0078218862916891	0.014715033080805386	0.0012037218379972387	0.00022848316840510388	0.1417021051366172	2144.146372733734	0.1528040429425705	1840.3163179963221	51187.731207915334	78097.75231040292
7.45e-05	-0.019895248378279728	-0.00782789362442648	0.014874443421963614	0.001219256027837181	0.00023196293615339813	0.1435672937290723	2145.7931111569637	0.15497953258140312	1837.7274012856722	50130.30965354829	78157.73262290997
7.5e-05	-0.020261914505131675	-0.007817722133195891	0.014812700246645992	0.0012348243188280725	0.00023542981986707595	0.14541110558901524	2143.0048878034063	0.15713475092921558	1831.3881777852494	54407.76937625754	78056.17520144784
7.549999999999999e-05	-0.020388814103129996	-0.007769964857451928	0.014534202155305771	0.0012503570260670577	0.0002389160097838164	0.14720749767126504	2129.9135968104824	0.15923901743761182	1816.3743459680074	58455.46927222904	77579.34189641314
7.599999999999999e-05	-0.02085667759820413	-0.007904526039865977	0.014057946674377443	0.0012657538544858732	0.0002424505739579535	0.14894599096122044	2166.7996956905445	0.1612796870421354	1844.0635678014455	67882.04071417583	78922.87023508681
7.65e-05	-0.020699422355814578	-0.007987463581082974	0.013612660080666684	0.0012808195212746024	0.0002460014018125482	0.15063323760545463	2189.534650090588	0.16326419255549368	1859.7179568981164	70757.89447812217	79750.96147927697
7.7e-05	-0.020183383365087643	-0.007977650257817437	0.013242283025022073	0.00129551297661565	0.00024955676623226005	0.1522691606377501	2186.844608238839	0.16519209998675222	1853.8556152971216	69303.53049188008	79652.98019175198
7.75e-05	-0.019842786328568174	-0.008007860733943597	0.012795771403896303	0.0013098760655288993	0.00025310993465963436	0.1538424053424509	2195.125946063104	0.16704965462314803	1857.422490491133	70361.03640364856	79954.61718744534
7.8e-05	-0.019695616058312212	-0.007967776710269136	0.012244667811344563	0.0013239778141188531	0.00025666179855419005	0.1553502467665196	2184.138057622756	0.16883323076583645	1844.8316713989143	74394.11530280008	79554.39759388534
7.85e-05	-0.019708743416261894	-0.008001995336969138	0.011754784665945194	0.001337868396835165	0.0002602393629058584	0.15680961409026845	2193.518115269042	0.17056250316975252	1849.5533861136907	79416.43194550369	79896.05403489732
7.9e-05	-0.019517713720660624	-0.008083330248857186	0.011473133186790734	0.0013515586572332157	0.00026384309480050457	0.15825352688695107	2215.813754683626	0.17227641089561882	1865.153413080325	80321.24663366706	80708.14380019734
7.95e-05	-0.019054041784538168	-0.008119648971454303	0.01150880376771278	0.0013650784639118506	0.00026745144791032253	0.15969966369511587	2225.769493544426	0.17399590782802307	1870.3148539625327	75335.55306054131	81070.76868323016
7.999999999999999e-05	-0.018715927066138935	-0.008104108002472184	0.011508531509865746	0.0013784854398815058	0.0002710204234457154	0.16114131680916177	2221.509381465428	0.17571302151592444	1863.5324344321823	71962.35945733372	80915.59962285674
8.049999999999999e-05	-0.01861810051543231	-0.007942600833910048	0.011437439364128067	0.001391822238885703	0.0002745594495297877	0.16258108393958182	2177.2368113040657	0.17743083661422618	1823.259290529092	71695.42935127362	79303.02864236037
8.099999999999999e-05	-0.018430417859640075	-0.007969450277759709	0.011478513383503712	0.0014050505071260336	0.0002781199622485005	0.16402784709066703	2184.596818275956	0.17915997636928893	1826.2621054130298	69411.40456615308	79571.10735601679
8.15e-05	-0.018018776439432116	-0.008039208324359231	0.011548791037323015	0.0014180907441114917	0.0002817390514743874	0.16548559749870906	2203.718991241355	0.18090527719000504	1839.0352372565271	64599.67564636174	80267.60771946181
8.2e-05	-0.017410120092946322	-0.008232820016765917	0.011653391289749477	0.001431063194997586	0.0002853887769451638	0.16695483845526618	2256.792098227546	0.18266742274500705	1880.009738040845	57478.153405007244	82200.72684624344
8.25e-05	-0.017531110327907017	-0.008176953987423165	0.011731679548424995	0.0014442652695239378	0.000288986673721603	0.16844270921897334	2241.478024395819	0.18445508220431392	1863.9173933117952	57904.51198946122	81642.93155755308
8.3e-05	-0.018146026228733347	-0.007999789568910445	0.011949911311166522	0.0014578461108046943	0.00029256942507399294	0.169964619610376	2192.9134670543062	0.18628695212454655	1820.1957637879502	61865.21128964534	79874.0305074414
8.35e-05	-0.01869231943206102	-0.008108857636660085	0.012273468899867036	0.0014717719273851506	0.000296169359976028	0.1715248968895262	2222.8113578092443	0.18816849312773	1841.543868856146	64089.11869678061	80963.02242351364
8.4e-05	-0.01908642878891622	-0.008077049672039888	0.012560575194317783	0.0014859732194598039	0.0002997850832286982	0.17312678689342254	2214.09211421235	0.19010390513526407	1830.7734605927012	65157.49253302477	80645.43527768084
8.45e-05	-0.019268577146021655	-0.008179844692507638	0.012935794920397654	0.0015004260233677032	0.000303433765544522	0.17477203962149424	2242.270428502755	0.1920956152052735	1850.3842523303665	63229.76827443805	81671.7938500067
8.499999999999999e-05	-0.019527088145883078	-0.008225239113155591	0.01325075495826465	0.001515231946626794	0.0003070971479711347	0.17648242402999603	2254.7140103633183	0.19417038658065994	1856.7966163200063	62666.151926166145	82125.03518947808
8.549999999999999e-05	-0.019819596769855487	-0.00824593884063286	0.01397245875274572	0.0015303572321703682	0.0003107578200896645	0.17825526108452613	2260.38824851149	0.19632546875161141	1857.4621511206797	58380.84568810167	82331.71195888218
8.599999999999999e-05	-0.01996897103514385	-0.008213053116297036	0.014244778127088834	0.0015457104868053856	0.0003144062830686567	0.18006367146720362	2251.3735679191245	0.19852858986934652	1845.9829774353893	57153.29822491041	82003.36390344494
8.65e-05	-0.02027838341250657	-0.008191044514414533	0.014538659140069726	0.0015613360188358812	0.00031802670904268064	0.18189876412040212	2245.3405392946297	0.20076918979305008	1836.9158701674992	57308.37138799427	81783.61865601732
8.7e-05	-0.02076848909379223	-0.008086994069126194	0.014669464618078621	0.0015771849845327495	0.00032161510983154997	0.183735546556242	2216.8180862025447	0.20301689141961876	1809.5098035183578	60895.810176308136	80744.72527392482
8.75e-05	-0.021256083108336092	-0.008047053944428447	0.01456555444719634	0.0015931294123462236	0.0003252149423765141	0.18556128218871207	2205.8696435502657	0.20525609279913343	1796.5456441519211	66801.69344299035	80345.94244206425
8.8e-05	-0.02137352835296341	-0.008138393149821236	0.014493638945519149	0.0016090327206841647	0.00032887721432213945	0.1873843053503496	2230.90767384475	0.20749698150027027	1812.8705890805873	68692.36892850797	81257.92024038309
8.85e-05	-0.021114375945226964	-0.00832779189636802	0.014522381595063555	0.0016246817688668482	0.00033261152330862947	0.1891977365390755	2282.8259222396537	0.20973107276916003	1850.9204248391834	65817.87599464892	83148.97513994458
8.9e-05	-0.02038300228364248	-0.008462283691722127	0.014340968980109281	0.001639888277058535	0.00033636831880335365	0.1909696091225216	2319.69300064213	0.21191879664965133	1876.702135025253	60326.78088045219	84491.81068237718
8.95e-05	-0.01978610702087478	-0.008428894985140191	0.013860916963229292	0.0016546865112299174	0.0003400888224838028	0.192674510687281	2310.5404418553835	0.2140283595471853	1865.3581927977234	59160.157570397474	84158.44059243207
8.999999999999999e-05	-0.01961327377363935	-0.00829910964610607	0.013275029449154452	0.0016691684645511523	0.0003437494751108714	0.19431531006900485	2274.9635038193874	0.2160628165751431	1832.9032651790535	63284.30469033898	82862.59674052411
9.049999999999999e-05	-0.019384333514269256	-0.00815979467396558	0.012840639054096348	0.001683387819804305	0.00034734105522621356	0.19590311917130618	2236.7742894734924	0.2180355185193855	1798.5832292834532	65335.62494874636	81471.60411015066
9.099999999999999e-05	-0.019276005166304972	-0.007988548121298704	0.01243161337604575	0.0016974107719155403	0.00035090333822841247	0.19744080475561	2189.831945766199	0.21994966315395137	1757.4697641145776	68337.94238596511	79761.7900888962
9.15e-05	-0.019299059719912737	-0.008028069970420989	0.012042851588534218	0.001711256632253905	0.0003545079489726704	0.19892452222167425	2200.6657301347236	0.22180010691698018	1762.8993511980618	72449.7294161964	80156.39664139504
9.2e-05	-0.01933875081637609	-0.0081788607042201	0.011572633599855175	0.0017248434726904285	0.00035819288884148806	0.20035109209751395	2242.0006962618527	0.22358251276558466	1792.8134082824038	77540.92506226295	81661.96920276807
9.25e-05	-0.019044048690728163	-0.008389243102628782	0.011133265969056184	0.0017380835615057179	0.0003619607043681878	0.20172445121132246	2299.671012552987	0.225301441900457	1835.7711395791496	78985.34017747005	83762.53571942114
9.3e-05	-0.018626623104487473	-0.008551483474667634	0.010725708230738866	0.0017510750347368433	0.0003657584379864276	0.2030723957855703	2344.144569473354	0.22699143968228355	1868.1135156826658	78886.81448760226	85382.42738208831
9.35e-05	-0.018330740328295663	-0.008523759828541758	0.010728757229156446	0.0017639825207426522	0.0003695438469514062	0.2044244423283068	2336.544924955009	0.22868945435497406	1858.8980316960456	75902.12526807743	85105.62018142873
9.4e-05	-0.01818371384728129	-0.008496069779496226	0.010790996925051508	0.0017769091403021578	0.0003732932687999484	0.20577654792165434	2328.9544901151576	0.2303904315364439	1849.7102748726238	73812.70368333987	84829.14843137037
9.449999999999999e-05	-0.01841582809972486	-0.008361955755191077	0.010729697104072951	0.0017899990051698574	0.00037702026201431475	0.20713251375880176	2292.1909668391736	0.23209917567244537	1817.4036898625573	76742.30132462176	83490.08475018854
9.499999999999999e-05	-0.01885625066024894	-0.0083952269021358	0.010852438225275473	0.0018033970625021135	0.0003807748135390148	0.20851247383705424	2301.3113000143085	0.23384115952884982	1821.4591877791577	79914.19687980376	83822.28106400263
9.549999999999999e-05	-0.019419610126829343	-0.00848586251150305	0.011111599763024735	0.0018171525551901868	0.0003845665011941858	0.20993217749924367	2326.156459585572	0.23563648593929878	1837.8213688208416	82951.4661027576	84727.23379623384
9.6e-05	-0.019830763620880258	-0.008562197134087828	0.011485014196956652	0.0018312366762330095	0.00038835148568043044	0.21139486093804216	2347.0814127267417	0.23748954086955995	1850.9204638731087	83328.27236913511	85489.39809075552
9.65e-05	-0.02021309337536213	-0.008455723946815891	0.011795684368838716	0.0018456363086664146	0.00039206121895801575	0.21290622984209182	2317.8948342251997	0.23940788879593097	1824.4005838998519	84043.75865004581	84426.31480148577
9.7e-05	-0.020474456618483575	-0.008223855158087424	0.012259912996644352	0.0018603688358691077	0.00039577760916117483	0.21447840020676254	2254.334638671021	0.24140732351909552	1770.8285518381701	82018.2458805423	82111.21706734081
9.75e-05	-0.02074210154866959	-0.008485654593683003	0.012763426560711527	0.0018754034719202155	0.00039958379309040673	0.2160906951163054	2326.099464862937	0.24346194786977896	1823.451014591039	79663.21162669275	84725.15783734036
9.8e-05	-0.02119414884269105	-0.008627582716131928	0.01289855250638417	0.0018906534643077621	0.00040343828281216604	0.21772035615576843	2365.0049996136927	0.24554300153693603	1850.0952687876265	82827.51804105767	86142.24150994168
9.85e-05	-0.021433972738776882	-0.008702845487851727	0.013039833351956158	0.001905991000998108	0.0004072963107221036	0.21936252525711758	2385.636135501766	0.24764441777472743	1862.3169684734676	83811.42274945504	86893.70389187538
9.9e-05	-0.021388678927346246	-0.008643490999879318	0.013097636197830454	0.0019213256399249897	0.0004111257155259614	0.22102084836689442	2369.365800528126	0.24977099645655138	1845.6865612038937	82782.05247916792	86301.07803062946
9.949999999999999e-05	-0.021163829766923634	-0.008574151232399081	0.013296947496314973	0.0019365624475781587	0.0004149429570316127	0.22266845533080337	2350.3582868179196	0.251888321208416	1827.00763761822	78547.01540188481	85608.75398192955
9.999999999999999e-05	-0.021119376001097742	-0.008588802783927006	0.012927073412254428	0.0019516302383081852	0.00041878707043144356	0.2242668855601404	2354.3745905446694	0.25394674264548117	1826.3663336812856	81796.17992084053	85755.0426391051
0.00010049999999999999	-0.02118661956442941	-0.008694971747279172	0.012514229442872407	0.0019664877858923333	0.00042266341140309073	0.225807784682985	2383.4777747612848	0.25593509602087205	1845.2699386013082	86589.62178626678	86815.08839964493
0.000101	-0.021089777606011585	-0.00873370331807473	0.012011383582944481	0.0019809872206357796	0.00042653898335762603	0.22727772017008777	2394.0949269333655	0.2578355707195588	1849.9704900691775	90643.37441763438	87201.80440519442
0.0001015	-0.02070597228799415	-0.008691514118175217	0.01138474170204238	0.001995021884749768	0.0004303888929964944	0.22867874768715335	2382.529964651928	0.2596503225350396	1837.6959960082072	93067.98007320713	86780.56564499573
0.000102	-0.02009686027573513	-0.008618321269783517	0.010914614701405949	0.0020086645783533035	0.00043423281454775325	0.2300379895786021	2362.4662390316944	0.2614141024665907	1819.0092549575222	91680.28193905087	86049.77044657135
0.0001025	-0.019608685529717625	-0.008664590678268412	0.01071966371690574	0.002021949353690841	0.0004381079415945098	0.23137238159279	2375.1496737777143	0.2631486681022257	1825.6056371164264	88752.58447011243	86511.74811648988
0.000103	-0.018883121430692318	-0.00875862637845699	0.01051909336947484	0.0020349389535290747	0.00044200656593719386	0.2326766319671921	2400.926870984102	0.26484696537784796	1842.2872930439921	83510.77572378823	87450.64911144118
0.0001035	-0.018761274588668858	-0.00877023843697447	0.010239916417169887	0.0020477959756987456	0.000445914576464591	0.2339460208706872	2404.1099846502625	0.2665026428871346	1841.6780200058447	85081.64079718976	87566.58990066942
0.000104	-0.018841900297944164	-0.008800828229291116	0.00996422320808663	0.0020605693615587013	0.000449849043586589	0.23519249917364218	2412.49530115737	0.2681311097271949	1845.0945020334996	88639.31289721058	87872.01418510456
0.00010449999999999999	-0.018749886770558808	-0.008889191695732098	0.00987526144741543	0.002073349398746097	0.00045379293855598863	0.23643792258765048	2436.7176177426823	0.2697608512601339	1860.5851662708737	88608.84248226673	88754.28066892303
0.00010499999999999999	-0.018888595840746116	-0.008843217402517065	0.009947433142008574	0.002086302364615897	0.0004577240962852041	0.23770104288672597	2424.115080405781	0.2714164680679816	1847.9003977158873	89273.18600309477	88295.24958226962
0.00010549999999999999	-0.019245731715706146	-0.00883192294099055	0.010156932679805839	0.002099512557474238	0.00046165958709120476	0.23898646757484818	2421.0190268694632	0.27310413885391566	1842.4282417064337	90747.26343937812	88182.47984542054
0.000106	-0.019690125005435665	-0.008862699637922281	0.010302439388962763	0.0021129349847125454	0.0004656000404786201	0.24028927997045155	2429.4555779301722	0.27481754970040007	1845.683446389134	93731.50141829932	88489.77028205863
0.0001065	-0.01992322263144562	-0.00885423553412843	0.010433682908790466	0.0021264706235705933	0.0004695474598642953	0.24161815508788487	2427.1353860005975	0.2765682669985938	1840.6954118866117	94748.46541646824	88405.26029853661
0.000107	-0.019784317828779055	-0.008894019927098335	0.010717264876578668	0.0021401444647515585	0.00047352100792875116	0.2429959733508329	2438.0411392545757	0.2783867063393279	1845.6069595520366	90530.13930906159	88802.48822439955
0.0001075	-0.019765603159437133	-0.008971714428706081	0.011212683058355316	0.0021541175171789825	0.0004775270902333419	0.2444377984140049	2459.3388643289745	0.2802931689760867	1858.183486778401	85396.77140214606	89578.2302533893
0.000108	-0.020110861706108565	-0.009040299293117933	0.011736024631867651	0.0021685146580019336	0.00048153028266033885	0.2459284027892007	2478.139442957861	0.2822679589692689	1868.6945678623147	83618.6984920751	90263.01695998851
0.0001085	-0.02089598276185207	-0.008958721057398235	0.011989075563629992	0.002183361542286556	0.00048551505172926063	0.24745123281415066	2455.7771032753913	0.28428947756748807	1848.0920315531318	88931.16139486594	89448.49772388993
0.00010899999999999999	-0.021620065968510224	-0.008957464804652362	0.012248941930384479	0.002198533428376492	0.0004895163448798625	0.24900196253194937	2455.432737521677	0.2863522404463827	1844.0251670135826	93566.14206693672	89435.95464768966
0.00010949999999999999	-0.02191318153726129	-0.009033016082645352	0.01243313907187842	0.0022137515353372566	0.0004935573437243899	0.25056635718687603	2476.142959151489	0.2884375006316464	1855.7048380029687	94653.63989505061	90190.29762525253
0.00010999999999999999	-0.02161038569198189	-0.009135988222157658	0.012466438945635962	0.002228791849189784	0.0004976086850555822	0.2521298866594498	2504.3698255612617	0.29052596135238873	1872.9433452891546	91297.8866612273	91218.42464559147
0.00011049999999999999	-0.02112756470479979	-0.009079517626437997	0.012419368457521519	0.0022435425637911477	0.0005015903579788334	0.25368101162263096	2488.8900271516286	0.29260217181141845	1857.5058872463262	86947.12863736303	90654.59305396877
0.000111	-0.0205057346976382	-0.008822747448652846	0.012269003440203742	0.002257969717010145	0.0005055549117528464	0.2552124952371696	2418.503828120686	0.29465632979423245	1801.2714314053592	82239.77869301889	88090.86699128363
0.0001115	-0.01998539895355917	-0.009002547078271528	0.012106748306747926	0.0022721255507953233	0.0005095593147598555	0.25671306261586746	2467.7907532036274	0.2966731212192046	1834.276631053606	78664.51694761062	89886.07935001887
0.000112	-0.019777913406904147	-0.009001916241742862	0.011776927336579673	0.002286062507100657	0.0005135877480425436	0.25817822378421246	2467.6178274151043	0.29864625844516457	1830.5326397548151	79885.97699548627	89879.7807523243
0.0001125	-0.019564829793247283	-0.009110591202770295	0.01154320783810172	0.0022997838120791553	0.0005176450094459519	0.2596106948014644	2497.407959207423	0.3005791430136245	1849.0541437148765	80092.01632683986	90964.84768786399
0.000113	-0.019328619601124454	-0.009131532277187316	0.011256616835018074	0.0023133583664206184	0.0005217122835015356	0.2610225482843427	2503.148355715118	0.30248787038622893	1849.7701931725958	80595.0443623913	91173.93418975701
0.0001135	-0.019233172013329313	-0.009155609755726433	0.011215050295470024	0.002326951181366642	0.000525777027575851	0.262429778786501	2509.7485076924077	0.30439398009609764	1851.1157620089382	80057.06815009362	91414.33617018531
0.00011399999999999999	-0.019484303671683356	-0.009120157059740806	0.011183035485997646	0.0023405603394749297	0.0005298701517648316	0.26382129863123327	2500.0301652534513	0.3062823889518172	1840.4689604390292	82884.14871445425	91060.35814409672
0.00011449999999999999	-0.01955671117390315	-0.009283211481280966	0.010964992716295186	0.0023539770792321254	0.0005340211026549052	0.26518687950992315	2544.7268705577717	0.3081390699349343	1869.8986925495042	85784.1542309209	92688.37769739676
0.00011499999999999999	-0.019032014432734414	-0.009380155545637986	0.010770179748710983	0.002367043651348654	0.000538190916732994	0.2665175851282534	2571.3013126038068	0.30995165595813556	1886.0042961315319	82490.42426862272	93656.31730221598
0.00011549999999999999	-0.018537388740437817	-0.009368023518462632	0.010409903076049712	0.0023798348359993626	0.0005423313893183117	0.2678195417985678	2567.9756644043973	0.31172826780617535	1880.221598613739	81149.01427270225	93535.18487737229
0.000116	-0.018251407107162772	-0.009248231303889552	0.010312599130041882	0.002392667763865275	0.0005464420558849877	0.26912875404686726	2535.138055574476	0.3135179688728369	1852.8595093409197	79265.15880137544	92339.11754098267
0.0001165	-0.018609590294089665	-0.009234010690980368	0.010525385975159141	0.0024057434139262753	0.000550538257732785	0.2704613507101859	2531.2398813425552	0.31534293190206497	1846.6373240631572	80716.87096721867	92197.13159753273
0.000117	-0.01897053014523223	-0.009183195517024725	0.010684795534785472	0.00241911219924902	0.000554620563899519	0.2718111254009803	2517.310355029626	0.3171948213044785	1833.077394445482	82729.05347703105	91689.76665751636
0.0001175	-0.019654162414914345	-0.00917153339297237	0.010798798847015224	0.0024327949537442718	0.0005587059925243873	0.2731718890118262	2514.1135173292623	0.3190652654588098	1827.328378610261	88416.52317027062	91573.32598813182
0.000118	-0.020207283496244826	-0.00919723460920615	0.0108596999115612	0.00244668273880917	0.0005628162477511926	0.2745446323340303	2521.1587705466422	0.3209557279631518	1828.9881628311982	93331.1020224208	91829.94020427486
0.0001185	-0.020385339790553902	-0.009283157933048474	0.010989473084267893	0.0024607194830875557	0.0005669205756191826	0.2759425683863451	2544.7121918416433	0.3228845643092915	1842.5177738208145	93813.18564407644	92687.84304418885
0.00011899999999999999	-0.020476050621302703	-0.009170584216079513	0.011260678236876875	0.0024748961144681527	0.0005710130522194504	0.27737233780782755	2513.8533276363914	0.3248611795286149	1816.579953243899	92011.03711923171	91563.84891583586
0.00011949999999999999	-0.020507621924593086	-0.009229872658158028	0.01149614667628862	0.0024891259204133814	0.0005751367245754561	0.2788211052714579	2530.1055580175407	0.32686805218469617	1824.658729877631	89975.22281053665	92155.81534076808
0.00011999999999999999	-0.020412751318329418	-0.00931084553316971	0.01156305924486222	0.002503287085461663	0.0005792817255459826	0.2802661701131041	2552.301955378954	0.32887381603344074	1836.9780613727078	88359.89604084728	92964.29034292232
0.00012049999999999999	-0.020257933535396688	-0.009325769663812503	0.01143721415266056	0.0025172820849772093	0.0005834190212575073	0.28168741961695454	2556.3929788726023	0.3308504559477689	1836.289237127079	88070.61773378657	93113.30057075282
0.000121	-0.020044698545848432	-0.00927620140448732	0.011184004087909113	0.002531028769444939	0.0005875274391189602	0.2830857951631457	2542.805258536174	0.3327991040681744	1822.9732099784328	88469.74952954355	92618.38547036979
0.0001215	-0.019505539440479672	-0.00919593003691511	0.011073142406753979	0.002544526298015143	0.0005916043906810253	0.2844810043448022	2520.8011593718575	0.3347471315537008	1803.6811138002095	84193.40685412526	91816.91468078125
0.000122	-0.01897484932405831	-0.009134723678056752	0.011133606868439597	0.002557816297599779	0.0005956298332464515	0.2858710052945025	2504.02318696975	0.33669166810684403	1788.1955612299637	78291.01424747054	91205.79878422053
0.0001225	-0.018655350992557905	-0.008964337003193856	0.010990245947398246	0.0025709523694398863	0.0005995870349737135	0.28724825233578943	2457.3165541646154	0.3386220991906634	1751.4566685450254	76532.36737615985	89504.57022704062
0.00012299999999999998	-0.018485761220521067	-0.008827901496197915	0.010930610177953182	0.002583980303655177	0.000603526706720596	0.2886241605925026	2419.9166628176567	0.3405543820806349	1721.4702473081004	75434.5298290871	88142.32766375576
0.0001235	-0.018190454879396533	-0.008885519289742719	0.010968937276443567	0.0025968604724808286	0.000607477956136282	0.29000267055114887	2435.7109326941286	0.34249407029349616	1729.3482575222015	72103.36126464522	88717.61347092931
0.000124	-0.017779973594441122	-0.00887995662475036	0.0109720199846514	0.0026095998872422764	0.000611443154507664	0.29137695631948707	2434.186087212959	0.34443156706751576	1724.9203540056058	67974.12477384099	88662.07295083499
0.0001245	-0.01762483517707168	-0.008948236119379045	0.010901703247100497	0.0026222132475863893	0.0006153874231886181	0.29273912767975224	2452.9029574512474	0.3463556962494808	1734.842285403885	67127.22131679903	89343.81068781237
0.000125	-0.01740603005311731	-0.008785853248303829	0.010779201856564101	0.0026346746886380785	0.0006193672646196526	0.2940864417805858	2408.390338496411	0.348262487767834	1700.115393429261	66165.67510677096	87722.49624117321
0.0001255	-0.017178255248188626	-0.009108177132532938	0.010665228717367107	0.0026470012125141716	0.0006233672935856529	0.2954126076091029	2496.746210909132	0.35014290652078456	1759.1759022063184	65029.420503802874	90940.74436387968
0.000126	-0.017136024941386944	-0.008876619770098336	0.010442596860616445	0.002659190404849096	0.0006272973301015291	0.29670519643234977	2433.271383964706	0.3519791243380736	1711.3071200122424	66830.64274597458	88628.75607068723
0.00012649999999999998	-0.017095215804498805	-0.008793479411367591	0.010130802663376072	0.002671264387929515	0.0006313332864085788	0.29795970228133234	2410.4808329450984	0.3537644724462352	1692.2546816059191	69536.29753741466	87798.6397916957
0.000127	-0.017224169925655407	-0.009352852804512217	0.009836451866545136	0.0026833681992366413	0.0006354056339133589	0.2991826828270514	2563.817047150766	0.3555080290874191	1796.767384706471	73762.79245231676	93383.71263445176
0.00012749999999999998	-0.017731098765770264	-0.008957100301563558	0.009629032380754889	0.0026956872221616203	0.0006393845453956877	0.3003964620343918	2455.332819426915	0.35724147872410755	1717.759527354142	80895.21505978481	89432.31526060523
0.000128	-0.018338249686331937	-0.00893274887489994	0.00968999940833388	0.0027081494088631833	0.0006433736291583392	0.3015984343415149	2448.657572407898	0.3589610326802123	1710.1462823311813	86348.5971212724	89189.17804062278
0.0001285	-0.018562710666747747	-0.009002836569274277	0.009441108679929106	0.002720507208010482	0.0006474186770475685	0.30278354792688505	2467.870108880805	0.36065936826368744	1720.6396414911671	91074.78504226722	89888.9697776965
0.000129	-0.018137236509107205	-0.009184372915349404	0.009421668743664392	0.0027325925301992862	0.00065150892251828	0.3039551528715922	2517.633105099492	0.3623411851942755	1752.3855497643942	87020.72968170163	91701.52241045145
0.0001295	-0.01755261818203398	-0.009206052428547632	0.009226099346420073	0.0027442836468270474	0.0006555551199155283	0.305100377240863	2523.5759234751567	0.36398787153272216	1753.6319572269274	83136.26424390964	91917.98186649906
0.00013	-0.016784707188026618	-0.008986325435714067	0.00900178416137288	0.002755668948768773	0.0006595500918318321	0.30622893467754747	2463.344053935406	0.3656132499537224	1708.9968285544956	77708.72294990589	89724.11409313875
0.0001305	-0.0164429024503272	-0.008975734128640516	0.008960821280594698	0.0027667899847616875	0.0006635669235478181	0.3073507223430285	2460.4407500778198	0.3672315007475267	1704.222508259179	74704.96248212714	89618.36501348868
0.00013099999999999999	-0.015704274027324914	-0.00908461073838542	0.008894033571898267	0.002777544129380089	0.0006676134637605294	0.30845157094037945	2490.286158097638	0.36882209553626827	1722.1534805413394	67996.95782171005	90705.4453139641
0.0001315	-0.015126572894109076	-0.009109308481333112	0.00862754606843522	0.0027878356433610274	0.0006716643027343844	0.3095070219286829	2497.0563378191546	0.370349475523648	1724.199867112605	64889.64021753067	90952.04033458007
0.00013199999999999998	-0.014346777442759156	-0.009103938684948435	0.008171465705327815	0.0027976086187434055	0.0006756862120054529	0.3105090451179109	2495.584361749551	0.37180170020743175	1720.6828445715068	61657.50159547399	90898.42551427089
0.0001325	-0.013645516755918314	-0.008979235715987098	0.00777716624439554	0.002806943362475924	0.0006796607173618793	0.31146817646605773	2461.4006100819165	0.37319374033630553	1694.75265050726	58592.64218740812	89653.3266699343
0.000133	-0.013059099892521523	-0.008890802784065116	0.007488780719188904	0.002815939060913294	0.0006835904066068093	0.31239789841311877	2437.1592515221287	0.3745449490690369	1675.795823248526	55616.943390118824	88770.36660687842
0.0001335	-0.01258920527510759	-0.00877773500934806	0.007309073570671776	0.00282454562611324	0.0006874730141035097	0.3132921745701827	2406.164955518332	0.37584636771661084	1652.332304229427	52719.56183478156	87641.43955081479
0.000134	-0.011873662436807084	-0.008679115397066001	0.0069246102839048435	0.002832603342626612	0.0006913073682022083	0.3141286442808479	2379.131209939639	0.3770651969480381	1631.777948395047	49413.89260788659	86656.77041018361
0.0001345	-0.01104156236314117	-0.008560779689699803	0.00638900131301871	0.002840001833566928	0.0006950696087204547	0.3148955996234058	2346.6928608954063	0.37818404302413383	1607.7296053317818	46453.57231638141	85475.2455939534
0.000135	-0.010016094963394773	-0.008354880720421986	0.005818189709929904	0.0028466861126832566	0.0006987344646297894	0.31559413663845454	2290.2515484468063	0.379204169844827	1567.461588329853	41914.054037832546	83419.44394918751
0.0001355	-0.00891932248770573	-0.008122922257265864	0.005300025792502416	0.0028527611377825056	0.0007022931274328591	0.3162352843834383	2226.666771213527	0.3801414035520378	1522.5161715916652	36136.92737264396	81103.45085924493
0.000136	-0.00819021966000888	-0.007877418815802392	0.004904757410189064	0.002858435615681467	0.0007057243874512429	0.31681090547113056	2159.369025647108	0.38098359897582423	1475.257369385535	32803.75186280012	78652.21771064524
0.00013649999999999998	-0.008161345971261584	-0.007550098103521516	0.004257075338588688	0.002863831710059404	0.0007090144381372194	0.31729675471500474	2069.6434157640597	0.381695000965868	1412.9522765248462	38982.2543377095	75384.078676083
0.000137	-0.008367408220328805	-0.007242518122409642	0.0034759101420878406	0.0028689708046616973	0.0007122040683995223	0.317692708080927	1985.3291626244734	0.3822751479555591	1354.6045645182653	48839.2430029535	72313.04129651426
0.00013749999999999998	-0.008436653595383167	-0.007098591141948047	0.00282625388987806	0.002873675251776466	0.0007153086526495795	0.31801093923092183	1945.8756981291965	0.38274166119535385	1327.065939740505	56017.12812271997	70875.99999321418
0.000138	-0.007650220884422699	-0.006860137077017106	0.0022388499328343894	0.002877642687581395	0.0007182860700320872	0.3182607462906675	1880.510337483576	0.38310802018326595	1282.017714068738	54029.92225620698	68495.15146053066
0.0001385	-0.006211995153892298	-0.006526827710967481	0.0017371866471131826	0.0028810174814187404	0.0007211125200160953	0.31844333115203993	1789.1431094822146	0.3833758781874499	1219.4024177909794	44678.79912422664	65167.21861393085
0.000139	-0.006055541239357712	-0.006181362492130618	0.0011689125179811957	0.0028838873433914337	0.0007237830760760745	0.3185622922424744	1694.4437021715044	0.38355043663432015	1154.6578323319252	48790.62482926377	61717.91545527366
0.0001395	-0.004954400631576614	-0.005825902646212077	0.0007245233506423128	0.0028861300794286674	0.0007263083681392108	0.31862414154997437	1597.0045537542564	0.3836412037195269	1088.1603487629066	42233.27927188154	58168.82077815769
0.00014	-0.004144894207793113	-0.0055282313516598095	0.0002598968227298881	0.0028878009388278044	0.0007286823483125995	0.31861779584450023	1515.4064835855102	0.3836318906864239	1032.5710099770301	38789.820280001906	55196.71684249183
0.0001405	-0.0034685691042727227	-0.005145579171257558	-0.00036089779970988636	0.002888898797081999	0.0007308967892653204	0.31853358766800366	1410.5133345378315	0.38350831397278895	961.217461633937	38235.375278452935	51376.11985454492
0.00014099999999999998	-0.002807878129597673	-0.004810916425667957	-0.0009793957469253945	0.0028893927602555267	0.0007329420624865003	0.3183766797279323	1318.7751162505774	0.3832780900381334	898.9078734309005	37814.0983019182	48034.67416767186
0.0001415	-0.0019104768703684914	-0.004384972855626845	-0.0015180184976641552	0.002889328270255798	0.0007347848972696329	0.3181781855854451	1202.0148711338352	0.3829869244622846	819.5599603897489	34231.86838377784	43781.83358794822
0.00014199999999999998	-0.000958883466826406	-0.003900719468468042	-0.0016412996266443873	0.0028887066558301866	0.0007364486589697889	0.31793697591372405	1069.2706576742507	0.38263321472459005	729.3099783400206	25961.570856807684	38946.797680307194
0.0001425	-8.54313284920891e-05	-0.0035798304290498876	-0.002197897228626029	0.002887552881164414	0.0007379828579940835	0.31763481715214437	981.3081069210527	0.38219030572434576	669.6104858092672	22797.931527916968	35742.87578921174
0.000143	0.0004637057440135546	-0.003318184084015759	-0.002611391548943471	0.0028860458205119018	0.0007393893779389084	0.3172863036756159	909.5852461272248	0.38167969276355923	620.9863055056422	21443.60423804685	33130.463554440554
0.0001435	0.0007651997732337976	-0.00300576400790787	-0.0029356988042786884	0.0028842978445411	0.0007406150902128093	0.3168945029683032	823.9442194010144	0.3811059700922634	562.8408255203233	21671.38326935564	30011.100166788674
0.000144	0.0008579229889266395	-0.002505242660929401	-0.003300369727614543	0.002882386217631694	0.0007416752089635786	0.31647382277178066	686.7406101207346	0.3804903247538257	469.4051839832007	24386.649628501284	25013.636546801365
0.0001445	0.0010413432999086085	-0.002261227928988052	-0.0033953571727228763	0.0028803605378151975	0.0007426537224195462	0.31604276456492447	619.8509516835427	0.3798598846078733	423.95154329527645	23503.690224906215	22577.267442907178
0.000145	0.0012055429930109527	-0.0021383316546185285	-0.0034655506026286397	0.0028782550272005544	0.000743566544867572	0.3156014857457094	586.1624536556584	0.3792149078397885	401.16871239358204	22565.08314408559	21350.20757043366
0.00014549999999999999	0.0012376002123406554	-0.0019658702087806896	-0.003558032833891219	0.0028760629602801987	0.0007444217381937072	0.31514237843086085	538.887081738974	0.3785443140479596	369.06092509408796	23168.397669419595	19628.263428334787
0.000146	0.001310948566790699	-0.0018792215177442066	-0.003749316605383345	0.0028738102895250247	0.000745215183826168	0.3146709478723778	515.1348217776647	0.3778561879901959	353.0368591268185	24345.925780325906	18763.118147742047
0.00014649999999999998	0.0013139431096420501	-0.0016882422867379992	-0.003754174878572837	0.0028716714377630833	0.0007459256912149135	0.31421072613636214	462.78332877980233	0.37718487940278217	317.37184300009784	24364.534226536147	16856.282875104356
0.000147	0.0009776038415674323	-0.0015063173509600484	-0.0035709121671988137	0.0028697772668735745	0.0007465571969404018	0.3137722758316533	412.91381181014617	0.37654574691351556	283.35290535615366	25892.929624259417	15039.850362071209
0.00014749999999999998	0.0005603405894355792	-0.0013330376417900552	-0.00340765141617809	0.002868110970322249	0.000747130938863437	0.3133447582305693	365.4141364083236	0.3759229442048945	250.91353218142518	28429.02177367829	13309.736256276088
0.000148	0.00012705244999460728	-0.0012466016678298125	-0.003396902555243071	0.002866537870403076	0.000747653633001581	0.31291935075354693	341.72018674844685	0.37530360027801185	234.78932777174205	32647.87214858552	12446.714852829204
0.0001485	0.00017489864042381456	-0.0011035182929553082	-0.0033740657742594386	0.0028649018659583263	0.0007481083027239072	0.31249596206963015	302.4979725925544	0.37468757610539355	207.9685776231315	31942.136858131533	11018.09654338655
0.000149	0.00044201366022489705	-0.0009407525569101826	-0.0033647705760945397	0.002863163320823551	0.0007484818064717484	0.31208726501969963	257.8804021585141	0.37409328778492434	177.39921274668316	29182.31449128016	9392.959375159111
0.0001495	0.0008697770368221947	-0.0007385825440086607	-0.0031402274103308737	0.0028613974786530203	0.000748767227020342	0.3117204453080277	202.4612764293517	0.3735601940841213	139.34995718316247	22669.349091886605	7374.389556655083
0.00015	0.0012312834054668282	-0.0005447158125596557	-0.0026982328531153467	0.0028597144750911008	0.0007489547228919538	0.3113976184843146	149.31825778539678	0.3730912695944618	102.82090791479726	14646.780884051499	5438.723988361292
0.0001505	0.001197530567764127	-0.00029829687551902553	-0.0024400176886371634	0.002858148494714246	0.0007490449814029264	0.31109333537688727	81.76955529531328	0.372649482132914	56.331591606209464	12405.63309107549	2978.350059116139
0.00015099999999999998	0.0010002774237539032	-0.00010752043289908703	-0.0024030830909121843	0.002856762201094573	0.0007491149810267543	0.31080058290049617	29.47365093254946	0.3722246200926438	20.313223042507335	14006.336252901327	1073.5395304560072
0.0001515	0.0005731554414284216	-0.00020720954243523017	-0.002256491206893273	0.0028555906627385605	0.0007492063381231893	0.310531480374323	56.800568589239056	0.37183423960663653	39.16220393911938	16807.2936327648	2068.887084008475
0.00015199999999999998	0.00041112474293859646	-0.0002035471893189321	-0.002026660313765324	0.0028546918999780334	0.0007492955501057953	0.3102938617805606	55.79663924826614	0.37148965874479734	38.483284581544844	16130.34147442527	2032.3202590913475
0.0001525	-0.0001521772921322479	-0.0001975647531413859	-0.0017553794005514618	0.0028541170701283885	0.0007494069373684122	0.31008401077757497	54.15672550471992	0.3711854435536519	37.36359084963618	19046.03116789788	1972.588526695388
0.000153	-0.0006033706983406421	-0.00030325094412782136	-0.0015846993988997344	0.002853783220956119	0.000749559433497429	0.3098987577997568	83.12757148753407	0.37091696432786714	57.366440344636786	21846.82186874091	3027.814038610391
0.0001535	-0.0008441538353417485	-0.00038239706795374927	-0.001363866654835099	0.0028536307990305707	0.0007497584465092173	0.30973367556147124	104.82321726770971	0.3706777784138218	72.3559368992033	22046.0168950996	3818.049813509518
0.000154	-0.0010980516736520288	-0.0005123986018814087	-0.0012636532350796307	0.0028536072881426154	0.0007500220003880973	0.3095638709949302	140.45941894926332	0.37043181004174625	96.97825750163072	23580.481499502606	5116.052266887338
0.0001545	-0.0014989219526510553	-0.0006725835632095205	-0.0014390292619509482	0.0028537108907462612	0.0007503666311994538	0.3093827108125629	184.36954382068942	0.3701694593158148	127.32879456216892	29334.02221684389	6715.421647511874
0.000155	-0.0018503159818779166	-0.0008769340031180757	-0.0014443940994851483	0.002853982406717044	0.0007507743953265597	0.3092084071202442	240.38637124018567	0.36991710290562174	166.05688429559217	32896.08698892442	8755.761975324782
0.00015549999999999999	-0.00214475759295422	-0.000956441473037856	-0.0013298984180467512	0.0028545313802089047	0.0007512136596366076	0.3090784167726906	262.18106971526663	0.36972894468264894	181.14655977990162	34692.760082607514	9549.605616240318
0.000156	-0.0023925009895469636	-0.0010185640756558232	-0.000739083849466146	0.002855351639531947	0.0007517049879006919	0.308997764543228	279.2102041338558	0.3696122201158333	192.934875218836	31267.360324084322	10169.86976368651
0.00015649999999999998	-0.0025792172013222436	-0.0011905296877110616	-0.000544611715118715	0.0028563687527844825	0.0007522681041497451	0.3089452406335085	326.3496574029409	0.3695362118036702	225.5254839659263	31189.921187616423	11886.863245229013
0.000157	-0.0028298866333302877	-0.0013413348207401456	-0.00029138141725867586	0.0028575859184627505	0.0007528854146143539	0.30891346115952406	367.68857066706016	0.3694902259496462	254.10462167350033	31164.352180403705	13392.579575950494
0.00015749999999999998	-0.0031485088902190902	-0.0014341959132185213	-0.00021443435585130144	0.002858868146373484	0.0007534960211078155	0.30887356247797526	393.143782770713	0.36943249435221187	271.71206202025564	33577.362144040104	14319.752680902846
0.000158	-0.0032516460730560104	-0.0013111926491331685	-0.0004206102161127671	0.0028600591336024757	0.0007540736629702115	0.3088165129226868	359.42595657279907	0.3693499520014616	248.42928601008623	36665.7033095134	13091.624567852185
0.0001585	-0.0030112562596413314	-0.001285981437842802	-0.0004874150371671862	0.002861105869668244	0.0007546556249608644	0.3087592988332212	352.5150241934958	0.36926717843603246	243.67273249533602	34932.54109868468	12839.902814124785
0.000159	-0.0026056875980588084	-0.001330616665798132	-0.000423229012826613	0.002861999364128714	0.0007552332903496139	0.30870887226058874	364.7504950949651	0.3691942302816385	252.14878109770703	30242.267711962926	13285.563981671747
0.0001595	-0.0022142234254018595	-0.001266663199584426	-0.00037938200061785163	0.0028626734372211985	0.0007557945113508085	0.3086594140365504	347.2194817955816	0.3691226881297129	240.0469200024827	25895.896027972514	12647.019546545323
0.00015999999999999999	-0.0016037199047545514	-0.0012566799586200413	-0.0004078163602132483	0.002863115188401207	0.0007563186179865865	0.3086154037079365	344.48286186738653	0.3690590307534048	238.1701443817177	20084.21691731394	12547.341712961883
0.0001605	-0.0010829543404195262	-0.0010997908269434378	-0.0002926709544472089	0.0028634180074688215	0.0007567721996443266	0.3085842628234194	301.4761944138902	0.36901399043374533	208.44538520187	13734.953378774771	10980.879597692796
0.00016099999999999998	-0.0007742223659750873	-0.0009395879031991939	-0.00020298075410758558	0.002863653720743533	0.0007571849614997851	0.30856636621121475	257.56114565991726	0.36898810675822524	178.08643886643918	9756.900622584879	9381.330871028997
0.0001615	-0.0005704339780643672	-0.0009162581925847866	-8.186942128458484e-05	0.002863848759335769	0.0007575947916202813	0.30855869610113934	251.1659728684183	0.3689770137665648	173.666527775165	6512.934017938441	9148.394991742021
