time	incid	trans	refl	U_in	U_out	eng_strain	eng_stress	true_strain	true_stress	F_in	F_out
5e-07	-0.000451864332758752	-0.0003083386160200861	0.00018942799539439648	1.5853953303982772e-07	1.2816002925803893e-07	1.3020279061171434e-05	78.41989318257043	1.3020363825706974e-05	78.41887213367725	2620.299926183768	3078.6119822855458
1e-06	-5.3719470786219245e-05	-0.00026789023552893334	1.7808364863204394e-05	9.79829337361123e-08	2.4574336330200594e-07	4.269347189541005e-06	68.13263912900247	4.2693563032447245e-06	68.13234824711108	358.55502764699764	2674.7544620974295
1.5e-06	0.00018670843945269968	-0.00026078403155508294	-0.0001570919594327791	-1.0487986037030239e-07	3.5136023566236547e-07	2.4634389250738174e-05	66.32531520780213	2.463469268226072e-05	66.32368132417012	-295.7062318023391	2603.802451658893
2e-06	0.0002653521955252724	-0.00021408702938915375	-0.0003029523383573738	-3.950343227866479e-07	4.227777903792027e-07	6.700422083565904e-05	54.44884650898734	6.700646571869241e-05	54.44519820645161	375.41924444200873	2137.555465600298
2.4999999999999998e-06	0.0003648541680425043	-0.00010701819954353252	-0.00037142412017580846	-6.969731827522141e-07	4.6896685392706323e-07	9.917527991811095e-05	27.21798484121147	9.918019811134717e-05	27.215285489946037	65.59779511793305	1068.5249732582386
3e-06	0.0004806648595942985	-0.00010065552834490631	-0.00014062428973590118	-9.569532852036326e-07	5.128166822560855e-07	0.00010605018077613712	25.599763931380377	0.00010605580449416286	25.597049071787627	-3395.1406617232537	1004.9967780413353
3.5e-06	0.0005788251327806409	-9.65006081270994e-05	3.120041147218755e-05	-1.2154649504570545e-06	5.487740198150229e-07	9.555800317676518e-05	24.5430412805876	9.556256913359594e-05	24.540695996570946	-6090.810078471257	963.5119087989192
4e-06	0.0007504844097842578	-6.516957442747602e-05	0.0001357975988357842	-1.4839604877552078e-06	5.807925398043819e-07	7.563457722613997e-05	16.57460596834009	7.563743766501592e-05	16.573352355024987	-8849.09728998725	650.6866875857276
4.5e-06	0.0007738260896677646	-7.87910278646806e-05	0.00018131221566752506	-1.709841627731181e-06	6.076343546972878e-07	5.2366089942963206e-05	20.038956095238746	5.236746109452394e-05	20.0379067334615	-9536.594116883432	786.6903134344954
4.9999999999999996e-06	0.000612124411569448	-4.189424552963973e-05	0.00018903903338104866	-1.8449857069035154e-06	6.060644841685304e-07	2.8196231309538285e-05	10.654981532331679	2.8196628830765395e-05	10.654681102007794	-7999.229591252664	418.29378344216104
5.5e-06	0.00038020375545136614	4.895264507202156e-05	0.0001956588296677546	-1.892796752733017e-06	5.838314327693544e-07	1.153245818226352e-05	12.450147331861078	1.1532524681613324e-05	12.45000375105761	-5749.709451190394	-488.7684897485548
6e-06	9.999045362186111e-05	5.1010859527240006e-05	6.956894884839515e-05	-1.9051867003820536e-06	5.64010346702471e-07	6.5098787825770315e-06	12.973613901856123	6.5098999719429706e-06	12.97352944520225	-1692.9686423710975	-509.31876582404993
6.5e-06	3.565834943403469e-05	3.810804694381273e-05	1.0372584586156972e-05	-1.8543541428828848e-06	5.717112968887544e-07	9.535191837287496e-06	9.692036013210549	9.53523729755943e-06	9.69194359778787	-459.5966177039788	-380.4904213978809
7e-06	-0.00031236218350659973	-7.273280247304047e-05	-5.8524768049542223e-05	-1.7272002480317985e-06	5.845314444868072e-07	1.7661436082127398e-05	18.498165018789837	1.7661592047171145e-05	18.49783831463072	3703.1268670535774	726.2018623840604
7.499999999999999e-06	-0.00038868371774559063	1.50912821809283e-05	-7.081602963635508e-05	-1.5010134617712518e-06	5.693636393874369e-07	1.3928634415651424e-05	3.838172305149517	1.3928731419956629e-05	3.8381188446506544	4587.882784215023	-150.67915511183216
8e-06	-0.0005688768946511887	5.310569751335682e-05	0.00013022890606470325	-1.1770241337548306e-06	5.474707066099636e-07	6.191306167293001e-06	13.506394950258347	6.191325333517595e-06	13.506311328031993	4379.688055614275	-530.2347101460742
8.5e-06	-0.0005675954964393827	4.532857707629277e-05	0.0001900087198278907	-7.682015035499454e-07	5.54457732685156e-07	4.410231026079719e-05	11.528436555638	4.4103282796231156e-05	11.527928124952203	3770.02138049744	-452.5839232473502
9e-06	-0.0006671313431828416	-7.674341081470373e-05	0.00041339912305608193	-3.9094837315306157e-07	5.936236165294361e-07	8.390418922063424e-05	19.518184767888894	8.390770937405218e-05	19.516547110420884	2533.393524485658	766.2458473259093
9.499999999999999e-06	-0.00039555778627056455	-9.935293059648761e-05	0.00022010469727663925	-1.8950317399940514e-07	5.998655768873778e-07	0.00011093254345978291	25.268473684283343	0.00011093869692941315	25.2656705882282	1751.8142523884314	991.99096940101
9.999999999999999e-06	-7.997849506152026e-05	7.128803650045546e-05	0.0002100902109859736	-1.1767682323242615e-07	5.798410688597189e-07	0.00013795394705643958	18.13071706593093	0.00013796346357739376	18.12821586194872	-1299.102567336753	-711.776572771588
1.05e-05	0.00018711952980265573	1.8745489009903596e-05	0.00021999406786196035	-1.0681166348454733e-07	5.580769626007036e-07	0.00016073712269130578	4.767548303829471	0.0001607500422870311	4.766781981832821	-4064.8324108713564	-187.16464328922012
1.1e-05	0.0001266557212809766	7.910956008167259e-05	0.00014263275230809314	-1.1966278799129094e-07	5.393690398669847e-07	0.0001752097374953741	20.11996853135246	0.00017522508851458907	20.116443316947667	-2688.7151930029063	-789.8707035933187
1.15e-05	0.00016147743680134424	5.004378516249432e-06	8.771960813782403e-05	-1.9835357011836862e-07	5.433609360019786e-07	0.0001775049875823297	1.272765746162219	0.00017752074345712217	1.2725398238942514	-2488.1119932441306	-49.96629959256948
1.2e-05	0.00022886162211387413	-2.295260885520435e-05	-5.118742079630135e-05	-3.1375373346436565e-07	5.635821323193253e-07	0.00017274813885592125	5.837546908393699	0.00017276306153426755	5.8365384830297895	-1773.9909849101134	229.17070057077217
1.2499999999999999e-05	0.00021428469587581807	-6.796525998697282e-05	-2.4524628978168063e-05	-3.910587914595669e-07	5.852446754889648e-07	0.00017596604640173578	17.285633882318635	0.00017598153024287765	17.282592197664815	-1894.6625085466292	678.6002560296128
1.3e-05	0.00018450932924636806	-2.9433144527587903e-05	7.57422291775968e-05	-3.668503550998241e-07	5.942118903155389e-07	0.00019582264840519215	7.485744340664231	0.0001958418241634508	7.484278462382157	-2598.4859649247164	293.8757155641885
1.35e-05	2.2691721966708012e-05	-1.0884947868493842e-05	0.00024030398664827622	-1.8123848672512745e-07	5.984301740765352e-07	0.00023405024111828682	2.7683734854979334	0.00023407763515048688	2.767725547016147	-2625.8849776345387	108.68094099610175
1.4e-05	-0.00024878681400425856	-8.081158968238735e-06	0.0003681428168382047	1.0835841701122242e-07	6.117643082501934e-07	0.0002770298146818744	2.055284645369784	0.00027706819452943363	2.054715270245359	-1191.711973106726	80.68646461315566
1.45e-05	-0.00036920775729030043	-5.1871330632224404e-05	0.00031593855721648745	3.9235889923930367e-07	6.26342877153912e-07	0.0003089594519264082	13.19245788906261	0.00030900718973085606	13.188381954503642	531.8672041497507	517.9101537222265
1.4999999999999999e-05	-0.00039949990809284413	-1.3676344920378159e-05	0.00019226727891152984	6.33989487812041e-07	6.369695573853613e-07	0.0003343635669363676	3.4783107014859898	0.0003344194788974673	3.477147681112928	2069.117594004414	136.5516907652056
1.55e-05	-0.0002825686716269748	-3.410298051358983e-05	0.00021207553935643613	8.740398007842358e-07	6.500056423865579e-07	0.0003593875377526352	8.673425740838052	0.00035945213293074206	8.670308619717172	703.8398384157723	340.501769761945
1.6e-05	-0.00039844526406234457	-2.4509430332624002e-05	0.00018621674046273072	1.091781857281011e-06	6.587261764775017e-07	0.00037491569141661035	6.233493986120828	0.0003749859898756142	6.23115695141308	2118.999183981482	244.71481021402036
1.6499999999999998e-05	-0.00033340654146800407	-1.4699544362607984e-05	6.093603035917401e-05	1.196995407599347e-06	6.614524139910039e-07	0.0003748527864412034	3.7385414568802524	0.0003749230613093467	3.7371400541979147	2720.4862989476064	146.76784242267888
1.7e-05	-0.00014065233899266918	2.441926128983234e-06	-6.193725299689031e-05	1.2168721837692943e-06	6.743348079770169e-07	0.00037586461929721817	0.6210561254582473	0.0003759352741081761	0.6208226924340897	2022.7591128085246	-24.38145159234358
1.75e-05	6.73878073610171e-05	-6.036331655576223e-05	7.804201982134976e-05	1.1948050857076847e-06	7.026619801563375e-07	0.0003937377279063627	15.352228331141609	0.00039381526295858015	15.346183579640204	-1452.0465010979517	602.6985268266211
1.8e-05	0.00031630562543350166	-6.700037075782567e-05	0.00020643406223849555	1.1270207782867433e-06	7.309469702101101e-07	0.0004247571718448578	17.040233188563814	0.0004248474067252327	17.03299522730706	-5219.3030080227745	668.9663036535758
1.85e-05	0.0004821827262016051	-6.0173658688945335e-05	0.00028728474584748713	1.0302901493897413e-06	7.71343589323824e-07	0.00046501119450784867	15.30399256408463	0.0004651193457423121	15.296876036221667	-7682.760628577858	600.8048847364614
1.8999999999999998e-05	0.0005934346370247099	-0.00012145627361616514	0.00035341558808642254	9.486544589899233e-07	8.169552120164417e-07	0.0005073750493824168	30.890026446483944	0.0005075038076570641	30.874353617790238	-9453.841643587737	1212.6821612707756
1.95e-05	0.0004478943636024896	-8.36211839469584e-05	0.0003208657425547966	9.244990641284736e-07	8.541388669658654e-07	0.0005471345805761042	21.267411774636013	0.0005472843133191883	21.255775638214757	-7675.697922198478	834.9170862699846
1.9999999999999998e-05	0.0002935421126708772	-8.356272598147589e-05	0.00031196405252234853	8.801992830784787e-07	8.954386153296203e-07	0.0005758766374498879	21.25254413506501	0.000576042518088206	21.240305291411254	-6045.686263929399	834.3334117522825
2.05e-05	0.00036310802251433703	-0.00010212782595335928	0.00014550688376524734	8.371078818223878e-07	9.510587956455648e-07	0.000588275395497138	25.97421401706252	0.00058844849735862	25.958934026038904	-5078.273895927994	1019.6969577248893
2.1e-05	2.798206397925164e-05	-0.0001479497747771807	5.1837080780746647e-05	8.686778914171075e-07	1.0411420730879581e-06	0.0005952547824420595	37.6281300220147	0.0005954320169066536	37.605731697664744	-796.9555634831919	1477.206959298945
2.1499999999999997e-05	-5.8839165033621104e-05	-0.00025707965448339495	5.924984297100983e-05	9.180731968367805e-07	1.1425584405628041e-06	0.0006002840978236168	65.38317938965729	0.0006004643404574952	65.34393090680453	-4.100420619462441	2566.81603786809
2.2e-05	-8.320161446565179e-05	-0.00019890523641142386	2.079890324746945e-05	9.830761068925507e-07	1.2282511685475325e-06	0.0006102276418623416	50.58765455385475	0.0006104139065295599	50.556784568709	623.0608963714293	1985.972603949349
2.2499999999999998e-05	-5.079658031915437e-05	-0.00018638355072924704	0.00013746681939681121	1.142555338144083e-06	1.2977894937206192e-06	0.000638330534254474	47.40300883436412	0.0006385343539307502	47.372750046409614	-865.3604273641988	1860.9496273363523
2.3e-05	-0.00021895090370270003	-0.0001262723489698111	0.0003098309001600959	1.4731269975950672e-06	1.3839543476797834e-06	0.0006976045483728327	32.114900968096	0.0006978479876486355	32.092497467110114	-907.3928191517243	1260.7683448396826
2.35e-05	-0.00032392367593163444	-0.000261139195239586	0.0006335997963737752	1.8433381839500583e-06	1.4732075406633504e-06	0.0007617173850732547	66.41564414084517	0.000762007639164359	66.36505419006225	-3091.9663171828297	2607.3485893074862
2.4e-05	-0.0003201600423410976	-0.00014015803594669336	0.0003868476810699184	2.140212576905431e-06	1.4978122695916574e-06	0.0008056388476912344	35.646453725090865	0.0008059635490741146	35.6177355571875	-665.8438255670944	1399.4102148106863
2.45e-05	-0.00031556382219506126	2.953107389687011e-05	0.0003122252041867736	2.4015882851997373e-06	1.4835391688206088e-06	0.0008413915368329292	7.510650759385546	0.000841745705368938	7.5043313614004905	33.33448640736961	-294.8534929622366
2.4999999999999998e-05	-0.00029056975087864487	3.4643166019893424e-05	0.0002568299698487735	2.6138421891968753e-06	1.428554686338604e-06	0.0008720597825297822	8.810811353609763	0.0008724402478703822	8.803127799376822	336.87539854393725	-345.8952608329917
2.55e-05	-0.00017563019128639018	0.00021257623129961202	0.0002312990160079866	2.789553159867844e-06	1.3443442407093113e-06	0.0009063034014524445	54.064604579346664	0.000906714342690611	54.01560564431822	-555.8262959074065	-2122.470877230172
2.6e-05	-6.935945448283495e-05	0.00016604796732396098	0.0003137371475212452	2.9077735060371506e-06	1.2463214204591347e-06	0.0009424692957265638	42.231051137233194	0.0009429136991596397	42.19124966821009	-2439.993094936701	-1657.908660407311
2.65e-05	0.00011345299931602384	0.00027467896965753947	0.0002618947770801729	2.926592102557536e-06	1.0935353622459036e-06	0.0009754179572265949	69.85922080755383	0.0009758939868992965	69.79107886910029	-3747.666046027434	-2742.5366896453284
2.7e-05	0.00032636051865451066	0.00041227261241218535	0.0002625302872787682	2.935696290448277e-06	8.737976796708743e-07	0.0010197489968590794	104.85347130622372	0.0010202692946128628	104.746547084042	-5879.789936158636	-4116.342678458534
2.7499999999999998e-05	0.0003382974243617396	0.000575704631392245	0.0004430616018589017	3.107834241525423e-06	6.089457004444012e-07	0.0010963715501444862	146.41920717303196	0.0010969730050847542	146.25867731989274	-7801.492046760471	-5748.132359606853
2.8e-05	0.00010729916372534394	0.0006151140092065111	0.0007764959039295403	3.489911369874387e-06	3.3024426534991925e-07	0.001213012452489591	156.44221122772026	0.0012137487475781966	156.25244487740602	-8824.266387022852	-6141.615940481181
2.8499999999999998e-05	3.1325145009019545e-05	0.000637974093217466	0.0010800108533831607	3.9897475124612015e-06	4.489540202352103e-08	0.0013568118733215458	162.25622625257492	0.0013577331760019592	162.03607507827508	-11096.152551883277	-6369.862825222972
2.9e-05	1.0101667609246853e-05	0.000645001954441903	0.0012087625623291803	4.635161772550574e-06	-2.4387621017645597e-07	0.0015080377996404236	164.04362522853182	0.0015091760331196085	163.79624124089716	-12169.769948060102	-6440.032621191642
2.95e-05	-0.0005050148795748377	0.0006533633426112308	0.0011982143081104037	5.46584089995789e-06	-5.244794006841225e-07	0.0016557373891705775	166.1701806874627	0.0016571096372523446	165.89504650633324	-6921.261093887978	-6523.517038871446
2.9999999999999997e-05	-0.0008790067459842642	0.0006082753691096595	0.0011526358696750316	6.490596464192059e-06	-7.604703566968869e-07	0.0017996326814382823	154.7029369427432	0.001801253965768455	154.42452848150657	-2732.0544853253614	-6073.33542597263
3.05e-05	-0.0014381657166981224	0.0004527793009497275	0.001137663477033426	7.771653644160471e-06	-9.307160473099086e-07	0.00194333815907683	115.15555487037507	0.0019452288906280939	114.9317686863658	3000.369553695836	-4520.782376294701
3.1e-05	-0.0020344026985193273	0.000312673698328184	0.0011496146984170768	9.363051444240056e-06	-1.0284787515371498e-06	0.0020904684157460273	79.5224365354813	0.0020926564947831836	79.35619739356072	8834.180337372369	-3121.89568288124
3.15e-05	-0.00277899861244787	0.0001268837136615321	0.0011921737327402404	1.130856592443979e-05	-1.0190225446701644e-06	0.0022557735664581113	32.27038961379075	0.0022583216563133793	32.197594921920654	15843.679106798907	-1266.8725256580722
3.2e-05	-0.003337290882995187	-0.00016940039576997636	0.0014388941272080995	1.3605388476887278e-05	-8.907068961125898e-07	0.002450511532471149	43.08367570963385	0.0024535189500020154	42.97809866544615	18954.573627318256	1691.3810373572855
3.25e-05	-0.0038900729121785923	-0.0004075281460863071	0.001660639077180802	1.6306894832959673e-05	-6.437422237382574e-07	0.0026833222431582714	103.64680913952503	0.0026869288054458484	103.36869135112856	22259.818788607074	4068.9714764049845
3.2999999999999996e-05	-0.004550834535880416	-0.0007028661816874233	0.0020448763027210476	1.9493264872300096e-05	-2.551648829181606e-07	0.0029751615031574333	178.76025909767418	0.0029795960940760527	178.22841845651232	25020.781189499066	7017.778949702592
3.35e-05	-0.0051305770696387885	-0.0010442423055298502	0.0026001628503073623	2.3225071823591537e-05	2.829656587477172e-07	0.0033337593563313827	265.58259589203516	0.003339328713430136	264.6972074281013	25264.962385613027	10426.254472142595
3.4e-05	-0.005940651322999327	-0.0013752822982235548	0.0031074347778861015	2.7473728816317063e-05	9.92921455210914e-07	0.003748068440752655	349.7761399939134	0.0037551100497325183	348.4651550822739	28288.29718697003	13731.528723150352
3.45e-05	-0.006567697085238184	-0.0018167972886410648	0.00348688676266919	3.222010136384672e-05	1.8941205601665706e-06	0.004201471797572516	462.0668379089266	0.0042103227803412325	460.1254771208587	30760.401329660395	18139.842405694377
3.5e-05	-0.007556222159958086	-0.002235144087090405	0.0037296760279191704	3.7532516756349435e-05	3.0072226183969784e-06	0.004696469868412146	568.465159569456	0.004707532934853862	565.7953800762959	38206.21278294899	22316.832894530962
3.5499999999999996e-05	-0.008450680702645586	-0.0027695482837232265	0.00414892611673486	4.348606088680426e-05	4.320718405729327e-06	0.005251173764802605	704.3804093594246	0.005265009635385588	700.6815854333555	42950.939405441975	27652.600384096106
3.6e-05	-0.0094885402276082	-0.003136147692087506	0.004679979620891039	5.015635939946199e-05	5.783061272044795e-06	0.005868001326268462	797.6177949837005	0.005885285695687741	792.9373727048809	48011.15245461615	31312.91820564182
3.65e-05	-0.010684540897577777	-0.003438789558677911	0.005137713083250992	5.766574430907393e-05	7.404232737083417e-06	0.006556551659576149	874.5888314271126	0.006578140260667237	868.8545445729724	55382.39352980934	34334.65089956359
3.7e-05	-0.01211964203862072	-0.0038502675433799293	0.005821550098317499	6.614574027571787e-05	9.204750867965317e-06	0.0073360839215295785	979.2402047251285	0.007363125318321104	972.0564164039291	62883.40255017048	38443.0596045823
3.75e-05	-0.01360046247994816	-0.004245162059420266	0.0065858205818059585	7.564662856324807e-05	1.1185367600822947e-05	0.008223558077350122	1079.6738972868436	0.008257558059933027	1070.7951362879064	70037.8073878882	42385.89039403306
3.7999999999999995e-05	-0.014991694464242197	-0.004660020874296473	0.007539599696120852	8.608021697282118e-05	1.329449690651427e-05	0.009209214290482963	1185.1851185810344	0.009251881259271032	1174.2704948501303	74405.56276211374	46528.05505352375
3.85e-05	-0.0162313298362058	-0.0048229760056425625	0.008148528424272924	9.749391344648906e-05	1.5490770057907572e-05	0.010296254565892579	1226.6295674102387	0.010349627673085313	1213.999877126132	80702.86361922984	48155.08324224828
3.9e-05	-0.017784751341412785	-0.00505183412854698	0.009153272026464992	0.00011006099279443915	1.7790984606586175e-05	0.011507757443152928	1284.8351525029568	0.011574484093865127	1270.0495812135164	86181.1471648983	50440.12093396258
3.95e-05	-0.019436131179482598	-0.005290313851403497	0.010129528714248015	0.00012375167628067484	2.018195084859104e-05	0.01283205121381908	1345.4878032607808	0.012915093146785853	1328.2224348617697	92921.92536134672	52821.22564862596
3.9999999999999996e-05	-0.021041434454970344	-0.005459868867024088	0.010948500385995898	0.00013848005885595347	2.2653344534891165e-05	0.014257097406311373	1388.6108035037003	0.014359706256723326	1368.8132440186916	100773.06619012199	54514.150490424414
4.0499999999999995e-05	-0.022498180364341584	-0.005651929045529022	0.011733147583574306	0.00015412957734862212	2.5183660218288154e-05	0.01577200446409578	1437.4575515282854	0.015897705988436678	1414.785964608633	107483.64683069053	56431.77850113936
4.1e-05	-0.023752750890046883	-0.005724791986304291	0.012378764558156865	0.0001706330246023347	2.773735905801924e-05	0.017380180081649918	1455.9888146776027	0.017532988559150253	1430.683466881638	113563.75357612548	57159.279731542134
4.15e-05	-0.02485308389268002	-0.0057570636136000004	0.013217650086350459	0.00018803566641189515	3.0303379812596695e-05	0.019105541558155085	1464.1964715647712	0.01929041089072183	1436.2222050279863	116174.18018417462	57481.49632498352
4.2e-05	-0.025930498957914338	-0.005780193369106035	0.014243945079140768	0.00020631907666867271	3.2870340630404195e-05	0.02096424345038047	1470.0790722572647	0.021187113574550637	1439.259976695154	116684.58938816212	57712.43574920269
4.2499999999999996e-05	-0.026690862233127638	-0.005761290294559473	0.015339953479332185	0.00022532992261111822	3.544550780266657e-05	0.02295094150005583	1465.2714451559384	0.023218414791669407	1431.6420859364623	113333.33511812921	57523.697690531204
4.2999999999999995e-05	-0.027163929159636835	-0.0058170905064609015	0.016281186959462294	0.00024498471241923673	3.8035152210073895e-05	0.02505451617048277	1479.4631371125172	0.02537372356854504	1442.3959040200984	108658.91846449545	58080.83582389631
4.35e-05	-0.027725882624341412	-0.005826382356643526	0.017200212032160805	0.00026528752795170157	4.0640600423105756e-05	0.027266325384177937	1481.8263373765487	0.027644949971415603	1441.4223782987951	105093.73112243226	58173.61045484934
4.4e-05	-0.02835485328907521	-0.005888147050516598	0.018003894490973497	0.00028620552319677116	4.327530427487558e-05	0.029587376941376302	1497.5349786051422	0.03003391333856681	1453.226846710256	103349.31834131358	58790.30105654631
4.45e-05	-0.02875308502875989	-0.005957920584349197	0.018938960145565377	0.00030755163080748707	4.5948375381571836e-05	0.032004924414117446	1515.2805115544318	0.03252827892316664	1466.7840733159471	97989.29128968118	59486.95605252466
4.4999999999999996e-05	-0.028743847352059548	-0.006060652623208323	0.01953976497599608	0.0003290728648142013	4.8660008539986906e-05	0.03448675913566415	1541.4083953003833	0.03509546321036324	1488.2502152419684	91898.31184507336	60512.68578394348
4.5499999999999995e-05	-0.028517258997394615	-0.0061313019958856	0.01996218364107173	0.0003505832972984313	5.141445534574687e-05	0.037003063782513515	1559.3766807207433	0.03770504868700965	1501.6749659430693	85418.29058354373	61218.0856072697
4.6e-05	-0.028146643753530955	-0.006253149917278719	0.020088403129180487	0.0003719556520423631	5.423375285540941e-05	0.03952940711015575	1590.3663151152368	0.04033191370255823	1527.5000775907683	80457.63603171075	62434.678182210126
4.65e-05	-0.02773665850392614	-0.006422881569082378	0.020121963601204246	0.0003930985956867613	5.711302645052421e-05	0.04204979470512279	1633.5342393147703	0.04295948013369464	1564.8444599077952	76029.04647999449	64129.36665088322
4.7e-05	-0.027209967217067792	-0.006522812393486343	0.019993609126957107	0.00041389096933603937	6.004819827743545e-05	0.044547272143500696	1658.9496889803245	0.04556999024990331	1585.048005712942	72051.84602382322	65127.12761050846
4.7499999999999996e-05	-0.02652508528117352	-0.006674209335611124	0.019757315697564278	0.0004342731189028701	6.304921995740743e-05	0.047012852246598846	1697.454538560436	0.04815386151184153	1617.6523591437756	67572.90670361507	66638.75286887825
4.8e-05	-0.025873223075870193	-0.006818884307822754	0.019485917422789774	0.00045410519721937137	6.608211561845677e-05	0.04942015549370762	1734.2497866337042	0.05068311794486239	1648.5428925133374	63774.15833251522	68083.26250810726
4.85e-05	-0.024979432760126284	-0.0068175200668652925	0.018829756198589828	0.0004732182950225996	6.911985785280241e-05	0.0517438461908005	1733.9028186426683	0.05313060878567655	1644.1840178850266	61401.54676018068	68069.64122183254
4.9e-05	-0.023971380157558224	-0.006840675309125177	0.018155104123340413	0.0004915751457518929	7.217543566162209e-05	0.05398680655789192	1739.7919013922594	0.05549876347137144	1645.8660925608085	58072.70371239115	68300.83511896465
4.95e-05	-0.022864158520881746	-0.006897711782296281	0.017544817552244494	0.0005091550263436389	7.526889351545584e-05	0.056154714916191874	1754.2980122106885	0.05779301918824329	1655.7859074569553	53111.04737799777	68870.31672330716
4.9999999999999996e-05	-0.021672552968410672	-0.0070109903048492924	0.016960544079051725	0.000525975301081069	7.83623282128457e-05	0.058245424828316704	1783.108187702648	0.06001057426231488	1679.2502937950571	47047.130244858716	70001.34799460464
5.05e-05	-0.020677567663556357	-0.0068976076670649485	0.016316093887588888	0.0005420913866208897	8.141352585527462e-05	0.06025406751174683	1754.2715325390045	0.06214572483851421	1648.5695371834638	43547.206640646466	68869.27718306775
5.1e-05	-0.019812618271906658	-0.0068210854662359	0.01565432677823896	0.0005575137411049815	8.443708148906154e-05	0.06217915798212924	1734.8096082021632	0.06419634819967972	1626.940607504845	41518.52980168884	68105.2400104814
5.15e-05	-0.01888829016547563	-0.006773324589209116	0.014986240937269826	0.0005722548419834697	8.746078773268898e-05	0.06402354621378843	1722.6625637511945	0.06616495903228027	1612.3715974901065	38960.074688276785	67628.37074837918
5.2e-05	-0.01803408005232667	-0.006821762633180483	0.014369835244757536	0.0005864000643659638	9.05245911890329e-05	0.06578866309682106	1734.9818323632055	0.06805259557438366	1620.8396971147572	36585.712539732864	68112.00119497562
5.2499999999999995e-05	-0.017470838005823653	-0.006953608340451204	0.013724524065849586	0.0006000284480407915	9.357139192799734e-05	0.06746519708254231	1768.5142079514676	0.06984880599712753	1649.2010483687457	37405.13314185796	69428.41682742469
5.3e-05	-0.017120210567127175	-0.006745315582055947	0.012959911760503474	0.0006132825925238624	9.659889968363361e-05	0.06906563053162536	1715.5390208831216	0.07156649885333555	1597.0542367042215	41538.571850908345	67348.71435584984
5.35e-05	-0.016999445090851214	-0.00686686387191071	0.012513275201485496	0.0006263276920749987	9.96430081668417e-05	0.0706174589833315	1746.4524498592498	0.07323484772755669	1623.1224156149754	44792.23703550067	68562.3152547681
5.4e-05	-0.01695392775072745	-0.0068199552200067836	0.012186293722103754	0.0006392599266330556	0.00010270251066011865	0.07213716698762761	1734.5221521912968	0.07487136637470987	1609.3986380549338	47602.52036260379	68093.95504841988
5.4499999999999997e-05	-0.017003228123904018	-0.006936077906848642	0.012002032348715061	0.00065221532519943	0.00010581529781583951	0.07364636203460534	1764.0556852133761	0.07649921878985992	1634.1394015709482	49934.521462110926	69253.38392483167
5.4999999999999995e-05	-0.017225405742041806	-0.00705953194313166	0.01201896497285287	0.0006653329295784737	0.00010896995749778343	0.07515888869773892	1795.453803500451	0.07813332778925991	1660.5094909212285	51983.793479960616	70486.01278030289
5.55e-05	-0.017679505056635555	-0.0071243437635017046	0.01205505978404605	0.0006787155671938488	0.00011214182236097222	0.07668297556674977	1811.9374217250838	0.07978263169353843	1672.9926686864596	56157.36631825372	71133.12746661891
5.6e-05	-0.018233042137163338	-0.007136889305539002	0.01220296218048441	0.0006924528351002293	0.00011533827078198224	0.07823209948536941	1815.12813484166	0.08146182191581629	1673.1268500180345	60207.43249221277	71258.38863740192
5.65e-05	-0.018875481502539208	-0.007234875536725641	0.012453560231550826	0.0007065751033111795	0.00011856361560072001	0.07981694248521363	1840.0490152756515	0.08318265317251182	1693.181928853421	64119.77853877161	72236.73377406991
5.6999999999999996e-05	-0.01939554741725059	-0.007266812325789171	0.012771482436459909	0.0007210557615906298	0.00012180627459741732	0.08143768151052469	1848.1715126108315	0.08494552851805624	1697.660709590006	66138.0857335489	72555.60716967568
5.7499999999999995e-05	-0.0199155264055734	-0.007312722966528095	0.013024896808171814	0.0007358692431338809	0.00012506373922948545	0.08308168213682515	1859.8479856688002	0.0867368860876957	1705.3286865006503	68799.60453175944	73014.00271713463
5.8e-05	-0.020521734638006047	-0.007333380930022109	0.013141724080295361	0.0007509868046694396	0.00012833979335901514	0.0847390801411598	1865.101934432923	0.08854609604084833	1707.0549121395793	73685.8367778426	73220.26249336112
5.85e-05	-0.021069482301323213	-0.0073963044453649665	0.013238135237836917	0.0007664274653882493	0.00013162727591714	0.0864152340643088	1881.1052992256648	0.09037911498332743	1718.5491444934673	78192.21354199456	73848.52336708
5.9e-05	-0.021675915146872147	-0.0073847650497241716	0.013440251349189528	0.0007822043059266913	0.00013488974688551683	0.08812410349787024	1878.170479756009	0.09225137656409828	1712.6583900113458	82229.12062357225	73733.30808153895
5.9499999999999996e-05	-0.022060288668966296	-0.0072838481692594804	0.01375884936923085	0.0007982840465361934	0.00013810859678190437	0.08986929767133942	1852.5042460272964	0.0941670608522949	1686.020990503649	82885.8572054978	72725.70182895969
5.9999999999999995e-05	-0.022459644169693416	-0.00718863743988174	0.014018411529199299	0.0008145955279267347	0.0001413162041309646	0.09164020498311727	1828.2892601652895	0.09611472884855632	1660.7444575953105	84281.62611520627	71775.06873574581
6.05e-05	-0.022692972478010883	-0.00723329980271777	0.014168110735200861	0.0008310670568212372	0.00014454937157629542	0.0934298902467919	1839.6482581658988	0.09808691062709524	1667.770123312757	85116.62226256123	72221.00083195536
6.1e-05	-0.022880366465179772	-0.007303559892730564	0.014317289486107916	0.0008477047788937313	0.00014780223571949258	0.09524283710105304	1857.5175371583232	0.10008869957714375	1680.6022969544038	85498.18291746762	72922.51385611629
6.149999999999999e-05	-0.02306996322686571	-0.007321859439107916	0.014538352213460243	0.0008644379213000862	0.00015106713509282978	0.09706915335888841	1862.1716686801044	0.10210931029047582	1681.412241392418	85184.01046581326	73105.22597785726
6.2e-05	-0.023096599013473485	-0.007357672293311314	0.014530082662237792	0.0008811307948983553	0.0001543477566396646	0.09888675874938574	1871.2799673338502	0.10412434530842084	1686.2351566515492	85532.52338539796	73462.80000959401
6.25e-05	-0.023027553864470782	-0.007392548951515915	0.014399706303235735	0.000897635747576939	0.00015764505534367044	0.10067901573705411	1880.1501628554893	0.10611526233751918	1690.8584950213367	86144.88586022914	73811.026576985
6.3e-05	-0.0226551313176536	-0.007432655571478457	0.014126626582998849	0.0009138857500258247	0.00016097143952329958	0.10243227371515776	1890.3504968064324	0.1080667004251373	1696.7175972999714	85152.99577454398	74211.47178355494
6.35e-05	-0.02250198014584996	-0.007523322097497433	0.013778981297429401	0.0009298312366150854	0.0001643415746397608	0.10413919838136591	1913.4097534685293	0.10997023341244268	1714.1487955672299	87094.92545189717	75116.73320360374
6.4e-05	-0.02202343817558888	-0.007629367075298334	0.013389165667546254	0.0009453586557364486	0.00016776828149504895	0.10579248720272369	1940.380218404238	0.1118174135207534	1735.1025689802893	86209.03584728779	76175.54102836802
6.45e-05	-0.021475970302323684	-0.007777678063886454	0.012925290127377413	0.0009604790654902502	0.0001712218581644046	0.10739827112611723	1978.1002160905614	0.11361478989226836	1765.6556727682362	85374.40682281011	77656.35453290246
6.5e-05	-0.020949564607242063	-0.007750178237648166	0.012633057284441309	0.0009752746642988555	0.000174644042682989	0.10897626994355822	1971.1061734241528	0.11538421880600186	1756.3023749816682	83036.30412958722	77381.78206559124
6.549999999999999e-05	-0.020457805851499863	-0.007636533721993769	0.012483050433440952	0.0009897799653451414	0.00017802779168129	0.11053986052884815	1942.2029147488843	0.11714058516685488	1727.5120754338202	79624.07661657728	76247.09653015419
6.599999999999999e-05	-0.01987366510334956	-0.007577365732533887	0.012403729665985236	0.001003976579846287	0.00018143225912216145	0.11209002931600498	1927.1546944735198	0.11888492549457957	1711.1398682735064	74583.6932175603	75656.33276637357
6.65e-05	-0.019283526807250973	-0.007729687292863918	0.012269423322980725	0.0010178539951163394	0.0001848642295630644	0.11362450980892734	1965.894702600511	0.12061461432913737	1742.5208806815608	70032.43158572946	77177.18989041902
6.7e-05	-0.018688193797485344	-0.007701023804509284	0.012154028028983644	0.0010315486212720156	0.00018825655404842447	0.11515543152686944	1958.6047052462268	0.12234327824267927	1733.0607352230406	65240.485570055695	76890.99881957071
6.75e-05	-0.018518319477022826	-0.007551432469083816	0.012212780330121527	0.0010451884610340949	0.00019163529322099325	0.11668031792040029	1920.5590763966143	0.12406810303890682	1696.4676327777468	62957.759306918415	75397.40167098344
6.8e-05	-0.018537925859326176	-0.007639941973980872	0.012057967210464713	0.0010588133617718608	0.00019499875716084934	0.11820602709596736	1943.0697369465636	0.12579684107368316	1713.3871829717039	64699.253692570914	76281.12627816817
6.85e-05	-0.018438055381188364	-0.007482752476935381	0.012225876082806356	0.0010724175008381257	0.00019835892260053857	0.11974495643042113	1903.0916643754447	0.127543591262079	1675.2060359417094	62025.606364073494	74711.66515993392
6.9e-05	-0.018234160190470007	-0.00762511136748078	0.012268384943973688	0.001085958503759641	0.00020177895209382845	0.12128308908802606	1939.2978623997371	0.12929249128943532	1704.0938269860912	59565.38105590265	76133.04984367848
6.95e-05	-0.018166865002999497	-0.00775191123926606	0.012213195831509194	0.0010995504645975017	0.00020523149547563733	0.12282372135934208	1971.546928472984	0.13104730493736189	1729.3941978833516	59444.50775092048	77399.08524874433
7e-05	-0.018423490548685806	-0.007771299229243699	0.01230816987063351	0.0011133973658518392	0.00020867326339436628	0.12438802370472925	1976.4778843250147	0.132832235611448	1730.6277063977216	61058.51987655005	77592.66495351185
7.049999999999999e-05	-0.018936376528500533	-0.007703462961348143	0.01258993890855713	0.0011276327395560273	0.00021210896686501684	0.1260010833517197	1959.225057056933	0.13467614286022983	1712.3605773379247	63366.110783583266	76915.35262114025
7.099999999999999e-05	-0.019394085250664665	-0.007744032459941859	0.01308421204859119	0.0011422631738461757	0.00021556377271352603	0.12767754859689054	1969.5431151297578	0.13659613970714457	1718.076678334107	63001.03275205861	77320.4194470152
7.15e-05	-0.0197034440013615	-0.0077893504359298526	0.013599129673602857	0.0011572470062826165	0.00021905702827705646	0.12941031022104305	1981.0688555060372	0.1385844925954972	1724.698120345754	60948.62679104351	77772.8975235221
7.2e-05	-0.020086984840772808	-0.007916908786963562	0.013980249423906783	0.0011725464868833062	0.00022259196742587415	0.13118109228713606	2013.5108259336296	0.14062056701802492	1749.3762764556825	60972.800195051	79046.5059771171
7.25e-05	-0.020517501053136825	-0.00797676678264561	0.01420427937631798	0.001188135801681052	0.00022615297456523813	0.1329782452807904	2028.7345357890408	0.14269121056805423	1758.9569770792752	63034.46565321944	79644.1591193701
7.3e-05	-0.020970396673870774	-0.008034114817124786	0.01439998044647218	0.0012039492934216513	0.00022972951574638123	0.1347980336803526	2043.3198861293122	0.14479231222938568	1767.884383299119	65602.42887305107	80216.7515127167
7.35e-05	-0.021165163097376868	-0.008046610423491488	0.014564554229971466	0.0012199098212495275	0.00023330664537509965	0.13663721425117095	2046.4978990852512	0.14692029877157525	1766.8701271833686	65903.88778371744	80341.51409997545
7.4e-05	-0.021322841291935443	-0.00803676057549808	0.014708634582819003	0.001236025601784046	0.00023686239562901174	0.1384848391583241	2043.9927829973678	0.1490626249778489	1760.930771203202	66039.655657898	80243.16813070438
7.45e-05	-0.021728801453722392	-0.00795048519113307	0.01469895791814082	0.0012522943515924456	0.00024041564620591176	0.14032396267612163	2022.0503272857923	0.15119966149033623	1738.3082126305012	70189.58838689272	79381.750136712
7.5e-05	-0.022145928410765597	-0.008025521611038986	0.01457332281423724	0.0012686865351579524	0.00024398346727284916	0.14214848662280477	2041.134372319714	0.15332425580295533	1750.9902103006782	75608.80511014587	80130.95250523763
7.549999999999999e-05	-0.022516153249641596	-0.008015996542756023	0.014466584866468929	0.0012851555508386434	0.0002475599989020604	0.1439663731355061	2038.7118575956488	0.1554456198917769	1745.2059055892528	80371.04789705586	80035.8493043265
7.599999999999999e-05	-0.022597022659336708	-0.008064685750782587	0.014467678560885967	0.0013015982097929974	0.00025115833104329545	0.14577311813573132	2051.095004870132	0.15755845084720316	1752.1004904175898	81167.56983816258	80521.98750256246
7.65e-05	-0.022574982118662046	-0.008114015278233213	0.014289251763048183	0.0013179093366070677	0.000254758659834605	0.1475560469728847	2063.641004859873	0.15964781623543126	1759.1382958115987	82729.01099458206	81014.51898061803
7.7e-05	-0.022384700527000246	-0.008073663022293053	0.014088610268485282	0.0013339808258157732	0.0002583518686799862	0.1493017897920944	2053.3781982048126	0.161697842907642	1746.8051580927681	82832.44961546683	80611.62121759007
7.75e-05	-0.02208940015692151	-0.00808200281468194	0.01369738311146844	0.0013497858461133084	0.00026195673071206115	0.15099451787804916	2055.499261199591	0.16368963553975152	1745.1301412560724	83790.23219716772	80694.89001184491
7.8e-05	-0.02203041718171406	-0.008126057691865736	0.01324480497766438	0.0013652890885293826	0.00026559193932709655	0.15262447416979658	2066.7037571122905	0.16561132269105727	1751.2741829182842	87720.08953085367	81134.75665756961
7.85e-05	-0.021731659374034516	-0.008218446109435954	0.012698280242993	0.0013804385281140563	0.00026927787390697435	0.154188473918984	2090.2009431951756	0.16745872660574787	1767.9160495798903	90193.92248793437	82057.21033212832
7.9e-05	-0.021489453377296568	-0.008354130084124589	0.012195012284966097	0.0013952957073612843	0.0002729798374225724	0.15570117940703052	2124.709506991078	0.16924879421282316	1793.8897308552366	92800.49993359165	83411.94920873192
7.95e-05	-0.0212340297036735	-0.008290514875923534	0.011881858726142409	0.0014098552689826296	0.00027667995710024563	0.1571714563456414	2108.5302236554194	0.17099172997685838	1777.1294576546961	93376.90492174604	82776.78211629546
7.999999999999999e-05	-0.020826625965484513	-0.008345839881508443	0.01151970124787193	0.0014240924935835812	0.0002804047322434647	0.15861165559462753	2122.6010561845865	0.17270196054185458	1785.9317884962443	92925.14289551432	83329.17554437852
8.049999999999999e-05	-0.020263478178620207	-0.008401369958261814	0.011403129284668625	0.001438010171395565	0.00028416453710623763	0.16003649904975883	2136.7240445524644	0.1743968393385235	1794.7702090268472	88466.29924022517	83883.61650891545
8.099999999999999e-05	-0.01963429976247251	-0.008503339338909047	0.011275291829886932	0.0014516700503343538	0.0002879336825465405	0.16145917104440521	2162.657961106491	0.1760920060532946	1813.4769994536532	83460.65216690695	84901.73146687569
8.15e-05	-0.019138933377061785	-0.00844336675159888	0.011368567385861785	0.0014652665714385454	0.0002916778599570378	0.16290155513276308	2147.405107112882	0.17781359908008237	1797.5894756641558	77583.34702291741	84302.93418262726
8.2e-05	-0.019035686218772434	-0.008391078915565599	0.01158903798960023	0.0014790220122545303	0.0002954341010165299	0.164379477436549	2134.106719225552	0.17958068932912408	1783.3033719254277	74351.1817044076	83780.86542387874
8.25e-05	-0.01928782136971773	-0.008497606928087492	0.011934208904046749	0.0014930895188831658	0.0002991875916482563	0.1659172957650354	2161.200034590158	0.1814227157906302	1802.619569243658	73422.26459375516	84844.4961167583
8.3e-05	-0.01948545523899495	-0.008378712533926313	0.01254236887402423	0.0015074767801706386	0.0003029450725302554	0.16751898646548588	2130.9615720502643	0.18334486395276006	1773.9850493035055	69323.35999020578	83657.39308303597
8.35e-05	-0.019708871470992755	-0.008515547758355497	0.012950829041347079	0.0015221265984214497	0.00030673962435873636	0.16916579051131678	2165.762933689153	0.18532501126473927	1799.389934951519	67475.78577490266	85023.6266316064
8.4e-05	-0.019947911701844928	-0.008545389687799724	0.01326041227783727	0.0015370026792388464	0.00031054137115981816	0.1708506807321516	2173.352644473954	0.18735502032236823	1802.033865694557	66771.44797502914	85321.58386689326
8.45e-05	-0.02011998974237101	-0.008547897554331023	0.013557024979764793	0.0015521624781109245	0.00031433426295898704	0.1725785271455811	2173.9904712503694	0.18944107308657626	1798.806397693453	65528.02960029214	85346.6237015169
8.499999999999999e-05	-0.02053984612953551	-0.008505576123365369	0.01394412151033718	0.0015676751649838915	0.000318129162213322	0.17435897814303458	2163.226843461874	0.19159519816246234	1786.0488215442795	65855.12092717241	84924.06467806379
8.549999999999999e-05	-0.020869355829737552	-0.008556923407333664	0.014394302159061359	0.0015834977237248898	0.00032195450913779686	0.17619178491792278	2176.286020336906	0.19381752484964396	1792.8423019218237	64650.279857217625	85436.74247925206
8.599999999999999e-05	-0.02109976462688097	-0.008642473922926285	0.014777438576972451	0.001599653897848386	0.0003258163544116047	0.1780645222101004	2198.0441198610024	0.19609338117965747	1806.6504438612324	63125.368416054866	86290.92300906606
8.65e-05	-0.021733794908708984	-0.008721026068992214	0.015029853442361784	0.0016162275434919524	0.0003296986622479667	0.17996617307931573	2218.0223210453473	0.19840968723239483	1818.8533321223147	66935.61381715794	87075.2282032525
8.7e-05	-0.02251658523473466	-0.008734477014597498	0.015237639501943194	0.0016331598839149305	0.0003335752412967158	0.18188722793620818	2221.4433058418226	0.20075508872297218	1817.3911409248074	72676.75337142414	87209.52939084945
8.75e-05	-0.023037704207823608	-0.008695268485086581	0.015338695653945463	0.0016502263493911287	0.00033743218108280135	0.1838194028688226	2211.47138362274	0.20311962849199347	1804.9600344237192	76870.87751650327	86818.05118316285
8.8e-05	-0.022942641921364658	-0.008646175616451743	0.01541463140876645	0.0016671966877900726	0.00034126977953531906	0.18574989835342687	2198.985573171677	0.20548770999120194	1790.5242264743858	75163.54476127848	86327.88262894539
8.85e-05	-0.022632231664000014	-0.00860830662581013	0.015311964837253679	0.001683955836821951	0.00034507174045103427	0.18766288077882817	2189.354336450898	0.20783985352563583	1778.4937946269024	73089.32451354252	85949.77906912811
8.9e-05	-0.022271844709700575	-0.008485943311398101	0.015135886027876428	0.0017004341163711606	0.0003488824673771782	0.189539613319736	2158.2336219276426	0.2101528141639896	1749.1628557738238	71249.09680961682	84728.04054411473
8.95e-05	-0.02194636440738884	-0.008647720069699374	0.014734996088205542	0.001716638006186492	0.0003527459702525526	0.19136944881801676	2199.3783746321883	0.21241313967697165	1778.4845473365608	72002.02557394188	86343.30324779492
8.999999999999999e-05	-0.021784576230743917	-0.008723232775129684	0.014389452531695138	0.0017325724410502698	0.00035666688444018564	0.1931474989922162	2218.5835535689257	0.21461440188118883	1790.0696888918242	73836.73418606863	87097.26109697137
9.049999999999999e-05	-0.021559087521811647	-0.008905850898166695	0.013910758602438	0.0017481956653301496	0.0003606374518239307	0.19485906267368952	2265.0288995544934	0.21673793946384903	1823.6674912584865	76364.86587236577	88920.61474959209
9.099999999999999e-05	-0.021443549184528756	-0.008946481820381788	0.013331224924274609	0.0017635120611946878	0.0003645679708919786	0.19650666007598988	2275.3625795234316	0.2187863826702726	1828.238678559393	80997.63498379722	89326.29486062478
9.15e-05	-0.021197650633183067	-0.00872578699607239	0.012892643797620097	0.0017784934950343682	0.0003684121250704354	0.1981025019322982	2219.2331696827855	0.22077448717938125	1779.5975263974813	82921.47732563587	87122.76375797804
9.2e-05	-0.020761267618658322	-0.008558170882632388	0.01250746139938133	0.0017931171521521126	0.0003722096374910171	0.19965178196712013	2176.6032912676005	0.22270837347672226	1742.0405655305253	82410.26393033369	85449.19791688691
9.25e-05	-0.02033012483426622	-0.008516077879039664	0.012151545825259825	0.0018073693493814726	0.0003760407442670293	0.20115901160721442	2165.897759511371	0.2245933662972446	1730.2079069657836	81659.15661227435	85028.91963029532
9.3e-05	-0.019760414214655783	-0.008709216703707442	0.011838169235225921	0.0018213355740363658	0.00037994866664424313	0.2026377856813322	2215.0188400797147	0.2264462312641508	1766.1723270835284	79099.78527855063	86957.3174013615
9.35e-05	-0.01949725550134285	-0.00886145362464225	0.011698634801284753	0.0018351694859753166	0.0003838843070255314	0.2041091331566029	2253.7373218328185	0.2282932044926176	1793.728950710838	77865.45662816019	88477.32944197344
9.4e-05	-0.01928371913234712	-0.008833841469693203	0.01171996429453788	0.0018489552829325212	0.00038780466365545557	0.20558124829101296	2246.714710556962	0.23014456165943872	1784.8322958068798	75520.43456416398	88201.63542680242
9.449999999999999e-05	-0.019268704131292697	-0.008792735331217702	0.011710853194240742	0.001862830381842055	0.00039170755162726224	0.2070684226664397	2236.2601686315784	0.232018344381938	1773.2013028412512	75461.48696996312	87791.21051120273
9.499999999999999e-05	-0.019445546238182485	-0.008755299471353773	0.011959653650033033	0.0018769117898454694	0.0003956364856123275	0.2085762381069268	2226.7390902482734	0.23392172534499905	1762.294227558648	74743.01765199	87417.43155275808
9.549999999999999e-05	-0.019867772135070873	-0.008909842547830716	0.012039385261399138	0.0018912869612339016	0.00039958646434608703	0.21011367198051692	2266.044097534932	0.23586623245695792	1789.917251332091	78162.6574781107	88960.46944130525
9.6e-05	-0.020294935660591797	-0.008849920168940545	0.012431073367226134	0.0019059339514094478	0.00040350500293074757	0.2116854833818492	2250.804013070433	0.23785813599240038	1774.3414775658123	78516.86238943852	88362.17346385194
9.65e-05	-0.020542747191186782	-0.008768482397457417	0.012586552775280865	0.00192079067144922	0.0004074126381253691	0.21329378350381614	2230.0919095293134	0.23990039568733343	1754.427168584556	79438.75398534478	87549.05669523332
9.7e-05	-0.020657145917357216	-0.008800896710093603	0.013011843534997581	0.0019359671172688982	0.0004112914414656803	0.2149640232858273	2238.3358556406583	0.24202573204076339	1757.1741746472176	76334.64736377796	87872.69793280316
9.75e-05	-0.0209944293219573	-0.008638849575168814	0.013572411038598506	0.0019515226830636753	0.00041516185451122083	0.21668862005943196	2197.122337932855	0.24422498651255234	1721.0309304244315	74105.2636053938	86254.73564927913
9.8e-05	-0.021496563260355935	-0.008763172546422362	0.01387701278670578	0.0019674151540265777	0.0004190941447156475	0.21844594263758516	2228.7414528257095	0.24647096022375048	1741.8819252677365	76077.5270077776	87496.04040025323
9.85e-05	-0.02198833313141761	-0.008917059594380905	0.014093289015889375	0.0019835159588332298	0.0004230951790075593	0.22021779699655192	2267.879612096373	0.24874062520825047	1768.4521600671148	78828.19780560628	89032.52816127005
9.9e-05	-0.02220197287206807	-0.009072257421103206	0.01410830685879995	0.0019997173394439164	0.00042710264756423884	0.22199507758326614	2307.351142295293	0.25102242780996425	1795.1305464496115	80811.34140993012	90582.10341440936
9.949999999999999e-05	-0.022354172534885815	-0.008945989121154303	0.014179655189995881	0.0020160059350067664	0.00043106958653473735	0.223782397068736	2275.2372711164303	0.25332238195964196	1766.079220685866	81618.60286010939	89321.37549708551
9.999999999999999e-05	-0.022434322403498637	-0.008890029646702222	0.014268090288121442	0.002032355348736732	0.0004350176774818608	0.22556845793642935	2261.0050738466625	0.25562601287873327	1750.9936459526284	81535.87884978874	88762.64720416434
0.00010049999999999999	-0.022647653852336	-0.008861245266722695	0.01415962248825909	0.0020486409683506896	0.00043897248519829857	0.22732048932122692	2253.6843300732844	0.2578909209222217	1741.3757053854438	84748.88874042437	88475.2490888992
0.000101	-0.022689121308017604	-0.008920229361000358	0.013726462405673885	0.002064596052809851	0.00044294565811980446	0.2290059806304149	2268.6857802076515	0.2600746624273819	1749.1431683689204	89487.81520150603	89064.17674820882
0.0001015	-0.022220593162816146	-0.00894381828957714	0.013100542032625173	0.0020800130151998196	0.00044691824881725427	0.230615919804286	2274.6851625852446	0.2621649800715172	1750.1065515504865	91059.30048876438	89299.70079350396
0.000102	-0.021472155071038248	-0.008917611584606945	0.012523942132551882	0.002094885502325622	0.000450872588932352	0.23216784816297825	2268.020000008606	0.2641841220160428	1741.45867701601	89343.57923780818	89038.03951675943
0.0001025	-0.020695866708283075	-0.008861760629558336	0.012177216953588149	0.0021093278385226513	0.00045482719046732853	0.233676083161602	2253.815402525522	0.26615033068974836	1727.1526470940687	85054.5985650698	88480.39473760682
0.000103	-0.02023356711044793	-0.00891878697195208	0.011828499825556883	0.0021234571960685286	0.00045882069904507283	0.23514170723187514	2268.318936778977	0.2680647005259192	1734.9425494383765	83920.53252744762	89049.77519103618
0.0001035	-0.019966876387924378	-0.009036693178349391	0.011499003095260654	0.002137367621633762	0.0004628622154421422	0.23657004173106275	2298.3060730987327	0.2699338962278282	1754.5957094750104	84547.62014489961	90227.01164777939
0.000104	-0.01984272928472171	-0.009134638128940576	0.011234982977643995	0.002151199252451579	0.0004669028124290967	0.2379806589756798	2323.2164546210797	0.2717833416959262	1770.3358718072127	85944.1845575299	91204.94461766322
0.00010449999999999999	-0.019894597513245623	-0.009032559357238252	0.011217007653096103	0.0021650477430337073	0.0004709135601446147	0.2393882384868329	2297.2547165928377	0.2736322201403165	1747.3189566321098	86641.53866175354	90185.73744291448
0.00010499999999999999	-0.019966883467064187	-0.00900043082968337	0.011186633105606709	0.0021789699465275844	0.00047493441680770054	0.24079807628244027	2289.0834543244655	0.2754874978150773	1737.876562073171	87666.55412531628	89864.94963118868
0.00010549999999999999	-0.02019007922351686	-0.009078010870327693	0.011252951479531925	0.002192948512719085	0.0004789912359528382	0.2422200636536315	2308.8144195177156	0.27736225693397953	1749.5732438577122	89232.89893101249	90639.5488228068
0.000106	-0.020026921680053107	-0.009162124142735002	0.01138001097491678	0.002206959181744299	0.00048306283960988864	0.2436574375823471	2330.206984362684	0.2792608805416105	1762.4347215163843	86335.22213400516	91479.37917440156
0.0001065	-0.020089519848585518	-0.009144484499973302	0.011497850545310051	0.002221014401467155	0.000487109880811793	0.24510615933359065	2325.7206864120535	0.2811781480082603	1755.6722212829131	85783.66344867974	91303.25587116319
0.000107	-0.020046612218849763	-0.009051687250655903	0.011560627797835402	0.002235172060561607	0.000491133092020972	0.24656501443125195	2302.119521974601	0.28311254789135537	1734.4973888164668	84728.45100375432	90376.72020930152
0.0001075	-0.020388817637586692	-0.00903734088101454	0.011659137244233831	0.002249612931244082	0.0004951597604598274	0.24804258512360078	2298.47080359688	0.28507558578951275	1728.3521636415899	87161.63744715185	90233.47864569107
0.000108	-0.021022093267779013	-0.009067231531485764	0.011858513250588086	0.002264499884455908	0.0004992021380620055	0.24955355249109207	2306.0729056214877	0.28708698620551865	1730.5842197201905	91493.91537684864	90531.92233687318
0.0001085	-0.021862923194498698	-0.009107971897507524	0.012190693086371232	0.002279830265010735	0.0005032734257752871	0.2511071380079609	2316.4344204809727	0.28915934709546093	1734.761202770866	96572.54057456259	90938.69519139334
0.00010899999999999999	-0.02233748771517365	-0.009197216209359076	0.012536842041886096	0.0022954592528200753	0.0005073738205556268	0.2526980946938659	2339.131964800543	0.291286018462452	1748.0377740579265	97854.7078966993	91829.75649069918
0.00010949999999999999	-0.022610695582683506	-0.009238842122178318	0.012785508682352714	0.002311252438050754	0.0005115030797517483	0.2543172145900066	2349.718701158921	0.2934549898403405	1752.1447860101362	98099.74018169334	92245.37110178162
0.00010999999999999999	-0.022627488923454297	-0.009326995433450372	0.012985099806178263	0.0023270990125847007	0.0005156308338726919	0.25596688556636377	2372.138770830616	0.29566973649216505	1764.9497975298812	96274.59271067093	93125.53928785992
0.00011049999999999999	-0.022364478658706374	-0.009232075053332059	0.013271772812041728	0.002342819053371838	0.0005197416181705541	0.2576267110141436	2347.997629620972	0.2979030774329326	1743.0907228327158	90786.27105570224	92177.80519160161
0.000111	-0.021896949175254168	-0.009250696280572367	0.013146722739763556	0.002358350159746532	0.0005238773859016933	0.2592883744050293	2352.7335743753524	0.30014389866960695	1742.6971104674333	87366.77974275619	92363.72914120881
0.0001115	-0.02148574455850302	-0.009344404733250992	0.013301026304831154	0.002373747882812608	0.0005280022460247396	0.2609549705749837	2376.5664855566206	0.302396426974145	1756.3896482487005	81720.45400159668	93299.3627280154
0.000112	-0.021218723356405355	-0.009201653856652487	0.013225234972515902	0.0023889644240176608	0.0005321090281749459	0.26259743072381303	2340.260593550399	0.30462130895140266	1725.7141744598784	79811.11622197622	91874.0642530774
0.0001125	-0.021055280005081684	-0.009263123154366714	0.012916867014116073	0.002403972910447716	0.0005362345932837402	0.26419954084937924	2355.894106546524	0.30679631229613624	1733.467965307174	81258.11834461539	92487.80546696858
0.000113	-0.020925502732984384	-0.009286105168957283	0.012583006651749622	0.0024188024912488375	0.0005403773415054761	0.265758395590288	2361.7391322282742	0.3089171432081907	1734.0871296444889	83295.7893155571	92717.26976958769
0.0001135	-0.020939361781815883	-0.009340381294004364	0.012228395712093418	0.00243346645877557	0.0005445372207566126	0.2672778542303808	2375.5432025179284	0.3109887133929225	1740.6131127173694	86974.78397510684	93259.19063269194
0.00011399999999999999	-0.020807923130030076	-0.009363129132314203	0.011955961370838562	0.002447898646240975	0.0005487181352463965	0.268769031201374	2381.328670045212	0.31302590634927047	1741.3012704251041	88382.55775528672	93486.31679838504
0.00011449999999999999	-0.020347383202582326	-0.00943495923283561	0.01177825250558699	0.0024620802738131416	0.0005529215107935932	0.27024427286604347	2399.5972504873557	0.3150454212020299	1751.1198363580431	85558.62636362808	94203.50561828808
0.00011499999999999999	-0.019934997277680583	-0.009464117789952434	0.011702328183208145	0.0024760229868427894	0.0005571414075605224	0.2716983580641897	2407.0131588934255	0.31703997328351885	1753.0316357831834	82199.2199601223	94494.6397113339
0.00011549999999999999	-0.019609919018790545	-0.009509241390288747	0.011441517087122221	0.0024897655409285326	0.0005613704600849294	0.27312023432000204	2418.489463626389	0.3189941993351753	1757.9510546202935	81557.54341623018	94945.17704095009
0.000116	-0.019547700682091614	-0.009505283601532289	0.01118967680717659	0.0025034262748660253	0.0005655906003352464	0.27451544262398847	2417.4828775051733	0.3209154923758031	1753.8464953509274	83450.82682691244	94905.66043402533
0.0001165	-0.019666500584047248	-0.009469170320601475	0.0110170584986425	0.0025171330463689225	0.0005698016994162457	0.2759003261513587	2408.298171192286	0.32282622501055225	1743.847920290614	86360.4967419238	94545.08678668819
0.000117	-0.01991902683335397	-0.009464632997418268	0.011025343222898824	0.002531019728361274	0.0005740204177830657	0.27729103463138566	2407.1441918303926	0.32474867538947216	1739.6646883708122	88799.13026534488	94499.78380874913
0.0001175	-0.0203826956785013	-0.009503427899532294	0.01110977094985696	0.0025451205451051295	0.0005782543316269007	0.27869091327278883	2417.0109160152483	0.3266875418432634	1743.4119364406588	92585.66944653058	94887.13214688934
0.000118	-0.02073585613360934	-0.009532954394656986	0.011171299454531738	0.00255942554088766	0.000582499494471372	0.2801072157009663	2424.5204022535304	0.32865298875612103	1745.3947429681073	95497.47345152311	95181.93992302545
0.0001185	-0.021039310613694052	-0.009554005281227218	0.011371179002384825	0.0025739585672760867	0.0005867209480100662	0.28156119146198205	2429.874283313075	0.3306747426597628	1745.715985000616	96531.61906568104	95392.12284616807
0.00011899999999999999	-0.02116149477783442	-0.009426353404331268	0.011770924419518715	0.0025887103690211844	0.0005909223453788285	0.2830617639781857	2397.4085264126065	0.33276558432196146	1718.7938399499112	93760.30417066842	94117.5805820635
0.00011949999999999999	-0.021281307087668774	-0.009463829398518999	0.012112832994561099	0.002603638015851288	0.0005951523780019538	0.2846045460975103	2406.9398121757918	0.3349198068007124	1721.9137994474738	91542.78035832255	94491.76026232417
0.00011999999999999999	-0.02128029739413362	-0.009555102280489633	0.012442750612920089	0.002618640301971323	0.0005994153801613048	0.28618132586903566	2430.153283608563	0.3371263066950652	1734.6887948404737	88238.63117061104	95403.07585334382
0.00012049999999999999	-0.021075776523664692	-0.00961206592831241	0.012653954245979858	0.0026336565672440923	0.0006036958742357735	0.2877775426988048	2444.640872724747	0.3393649763396145	1741.128129590958	84087.82302853328	95971.83033179837
0.000121	-0.02103378141774175	-0.009633748846177627	0.012752119189861709	0.0026485830009801083	0.0006079779343388203	0.2893774738184836	2450.155498576106	0.34161389567035605	1741.1356899356851	82688.39270632327	96188.32378179951
0.0001215	-0.020612760727152457	-0.009619107053804737	0.012713072481328044	0.0026632755386662445	0.000612264632169719	0.2909577685101798	2446.4316452076764	0.34384018935817096	1734.623352905363	78874.56720092123	96042.1325650679
0.000122	-0.02029468762624369	-0.009654600843554417	0.012439577358425538	0.002677715647746595	0.000616552884780379	0.29250659878893615	2455.4587960613117	0.34602697641839736	1737.2208951590414	78429.47764643222	96396.52089251946
0.0001225	-0.01997860077015177	-0.009626097602741444	0.012212271355280345	0.0026918504210086736	0.00062082273065937	0.29401789722937743	2448.2095545334037	0.34816539199347046	1728.3921293326214	77543.04376018321	96111.92981588613
0.00012299999999999998	-0.01951921977530728	-0.00957184111018228	0.011842204481113337	0.0027056117015853715	0.0006250909069664075	0.29548096241003396	2434.4104773828676	0.35023992516966784	1715.0885266247076	76651.2854535069	95570.20497368035
0.0001235	-0.019067016710930643	-0.009618590928975577	0.01144457005224272	0.0027190579328296733	0.0006293643905064632	0.2969026432441301	2446.300378957298	0.3522599091982968	1719.987330275759	76106.44401491502	96036.97930822347
0.000124	-0.018761396523755955	-0.009595703314370931	0.011183513425990183	0.0027322566071113948	0.0006336289746755102	0.29828978700666076	2440.479362064678	0.3542347621863185	1712.5092929602538	75661.4984080394	95808.45754381623
0.0001245	-0.018503666229655998	-0.009578577873693279	0.010894863170266047	0.002745206147523919	0.000637845096427231	0.2996433337184855	2436.123841351831	0.35616555044232556	1706.1555721780853	75970.21927335522	95637.46829974209
0.000125	-0.018175994231297853	-0.00937780820900141	0.010648768320222383	0.0027578426956616194	0.0006420603400245934	0.3009567111044612	2385.0620059493813	0.35804260891548145	1667.2615888586465	75155.71089447192	93632.88028096608
0.0001255	-0.017735753059694874	-0.00957462954534023	0.010255510907243644	0.0027702467122219156	0.0006463157344850233	0.3022478163657046	2435.1196612990952	0.35989127703381213	1699.1100610822498	74686.6007838396	95598.04615037078
0.000126	-0.017484986218278615	-0.009558333181162367	0.01029427560596743	0.0027825886588798035	0.0006505936157796622	0.30353484028540473	2430.9749999699766	0.36173750895943857	1693.089391616278	71795.76835996096	95435.33483424295
0.00012649999999999998	-0.017521636820462864	-0.009675734099750274	0.010190550520266446	0.002794933636013557	0.0006548238531975096	0.304799421856035	2460.833626223263	0.36355487340879633	1710.7729596665222	73197.3517241313	96607.52623654371
0.000127	-0.01785581382085335	-0.009344118370461105	0.009937073527959637	0.002807309108565836	0.0006589609282066195	0.3060298771513461	2376.493654784775	0.365326370052393	1649.215593560037	79064.79267819582	93296.50353403053
0.00012749999999999998	-0.018201917777004882	-0.00925686038299894	0.009647382047990205	0.0028196867799457357	0.0006631787067432626	0.3072258265803692	2354.3012932037554	0.36705120098011523	1630.9991323799998	85412.90266581073	92425.27472325569
0.000128	-0.01841491032166744	-0.009706974880837207	0.009387863322595084	0.0028320295583663655	0.0006674270920709813	0.30840201135946166	2468.779107549604	0.36875043344712893	1707.4026651790894	90130.69921215628	96919.45032906129
0.0001285	-0.01835961588372959	-0.009394473616806962	0.009332799380895032	0.002844313835024246	0.0006716098970114323	0.3095787276244368	2389.300526303479	0.3704533280196234	1649.6239094580505	90128.39781867947	93799.2763192635
0.000129	-0.018143417288208116	-0.009412114529617955	0.009396322680443735	0.002856575796930519	0.0006757760739185047	0.31076516552390737	2393.7871472662937	0.37217323225668997	1649.8814882170818	87335.5099573207	93975.41230332991
0.0001295	-0.018104551326441627	-0.009319711207396367	0.00948753309582652	0.002868824801656953	0.0006799213838046894	0.3119581031090801	2370.2861704769984	0.37390554625913985	1630.8561929093082	86036.76023056585	93052.80981303452
0.00013	-0.017981707855623228	-0.009318292925871986	0.009499774472944887	0.002880970383070033	0.0006840489841920759	0.313147882366809	2369.9254583252728	0.37563626810700423	1627.7883196835244	84688.00334486894	93038.64895783066
0.0001305	-0.017689812170057613	-0.009240086349214761	0.009437263798148654	0.0028928838519734932	0.0006881607590587475	0.31432932824372567	2350.0351459576686	0.377357836853035	1611.3501771796489	82397.70493260224	92257.79410708832
0.00013099999999999999	-0.01707072899932056	-0.009247138747152817	0.009367136800584161	0.0029044886971419776	0.0006922730010218535	0.31549855872193255	2351.828785366582	0.3790645286633485	1609.830193222672	76916.64299396862	92328.20889027763
0.0001315	-0.016496613958798985	-0.009242186492631603	0.009242838259661618	0.0029157753556062777	0.0006964026501477945	0.31665170197022946	2350.569276338556	0.38075059620182294	1606.2575143870215	72425.44275648323	92278.76302357067
0.00013199999999999998	-0.01589615981494956	-0.00932540425245404	0.009111085531828874	0.00292670332551643	0.0007005453101837821	0.3177698917365051	2371.734085081626	0.3823882759000919	1618.0684016374587	67745.68576046312	93109.65211503505
0.0001325	-0.015440225087769294	-0.009300685712685258	0.008686503609813368	0.0029372345767863235	0.0007046836531114452	0.318832144014926	2365.44740820243	0.38394651864537294	1611.2667394906994	67432.64316169823	92862.8494482169
0.000133	-0.015002771798389531	-0.009305993813909159	0.008220760422013026	0.002947325780689958	0.0007088168725796147	0.31983772601980204	2366.797419875809	0.3854238710753786	1609.8063151531956	67715.10411770632	92915.84827217876
0.0001335	-0.014363687229800222	-0.009277649784892561	0.007784515167856865	0.0029568535055087184	0.0007129706434874304	0.32077326145039364	2359.5886707527325	0.38680027704845293	1602.6957171539793	65689.85164705309	92632.84684834456
0.000134	-0.01358416731595092	-0.009398396511797765	0.007105869025673942	0.002965675639918751	0.0007171577212119045	0.3216378429116614	2390.2982378782276	0.388073978654191	1621.487868731529	64682.675814979484	93838.44452881125
0.0001345	-0.012320569039724335	-0.009427402783726004	0.0066551812818926165	0.002973696369341458	0.0007213405807157117	0.32243423884559935	2397.6754155266117	0.3892486665041889	1624.5827679224824	56566.15723545433	94128.0581278873
0.000135	-0.011066187098195457	-0.009379430688641454	0.0060205988529148675	0.002981012998618292	0.0007255010117802862	0.32315743634580163	2385.474651895924	0.39031658310760325	1614.5907789213438	50377.75880977566	93649.07995561382
0.0001355	-0.010319875180519671	-0.009326560782863437	0.005490123535230066	0.002987754012768677	0.0007296314116821622	0.32380494713258984	2372.0282259593987	0.39127370481406987	1603.9537516556047	48222.73472772966	93121.19951192682
0.000136	-0.009682787829809525	-0.009244405575954368	0.004815936576929354	0.0029940352521657	0.0007337192608369995	0.32437288120258007	2351.133656757008	0.39211395453819614	1588.489658422379	48593.156369821256	92300.91949749968
0.00013649999999999998	-0.009519228502824136	-0.00913524553238717	0.004223546292685539	0.0029999842063455056	0.0007377581751895011	0.32486603389818935	2323.370935801593	0.39284413950285585	1568.5866346134048	52874.82611469929	91211.00924736449
0.000137	-0.009379030622966772	-0.0090243865488514	0.0036256840662912235	0.0030055774662591053	0.0007417459605871733	0.32528262743516384	2295.1761227113084	0.3934613831033438	1548.5952030893218	57444.38330899428	90104.13590317401
0.00013749999999999998	-0.009138516288857186	-0.008905361229983094	0.0030049978034161263	0.0030106857261876655	0.0007456800359011203	0.32562487114565136	2264.9043620341904	0.3939687518975061	1527.3951709895837	61240.21618368638	88915.72564956032
0.000138	-0.008381773665689003	-0.00878289706074086	0.002442300257498536	0.003015137660674401	0.000749523553891028	0.32589613323438255	2233.757997058476	0.39437107494928714	1505.7849032357394	59302.769918803744	87692.9801378362
0.0001385	-0.00731734172880886	-0.00849820040821548	0.001875223789445279	0.0030190503973902983	0.0007532512057953473	0.3260983342005455	2161.3509746470454	0.39467107515372934	1456.5380221919186	54336.91606128384	84850.42172885597
0.000139	-0.007056657144787448	-0.008261943828921911	0.0013430937344198297	0.0030225582398086884	0.0007568795596176083	0.3262384874943787	2101.2637369503113	0.3948790696980557	1415.7506335808557	57047.16783044833	82491.51402765649
0.0001395	-0.006484446918131763	-0.008051739681600553	0.0008876463561454937	0.003025522553014094	0.0007604317795292258	0.3263052729825996	2047.8024255121084	0.39497819794625655	1379.5936960409504	55881.34725061803	80392.72726191614
0.00014	-0.005780612757289058	-0.007919633077683895	0.00017534019213737395	0.0030279725336881873	0.0007638921099724479	0.3263147879539705	2014.2036959673746	0.394992321611149	1356.939244021677	55965.93610554532	79073.70670261527
0.0001405	-0.005083464307770053	-0.007638589316782999	-2.3895816360333518e-05	0.0030299558612513345	0.0007671756261244959	0.326291152989316	1942.7257150580988	0.39495723912804304	1308.8315015497983	50994.52114999089	76267.62065013155
0.00014099999999999998	-0.0042100912312105325	-0.0071246465555175244	-0.00035228844411549576	0.0030313359501638088	0.0007702810694507395	0.32622125554143633	1812.0144309490454	0.39485349427965283	1220.8968082256465	45553.154896692424	71136.15069848028
0.0001415	-0.0031075363704465993	-0.006837944213160814	-0.0007602293922397435	0.003032030943679085	0.0007732283386419362	0.3260953311216356	1739.097300577865	0.3946666189068152	1171.9857904931837	38617.77086300565	68273.56644639555
0.00014199999999999998	-0.002021537519539272	-0.006413469281991775	-0.0012440378208099226	0.003032075707315976	0.0007760087602285168	0.32591804141565517	1631.1404082799945	0.39440357518903535	1099.5223211394466	32605.190688150196	64035.38951564191
0.0001425	-0.0010015464474870085	-0.006087769574872233	-0.0015777813741480304	0.0030315721662957968	0.0007786379098585493	0.3257024507818936	1548.3050613111764	0.3940837978053666	1044.0183082841163	25753.34105219835	60783.43543377044
0.000143	-0.00016588243320525266	-0.005733325353358902	-0.0018536518567742165	0.003030643342908391	0.0007810840631835365	0.32545178847393186	1458.1591096005932	0.39371212845940834	983.5986195015241	20164.073329570594	57244.481275230246
0.0001435	0.000352378108568595	-0.005264987688004463	-0.0021359972215370163	0.0030293822227723715	0.0007833144854734714	0.3251622381521565	1339.046589201666	0.39328296981698463	903.6392032668409	17808.574365075292	52568.356153679175
0.000144	0.0007092207816493765	-0.004763362664591431	-0.0024726102064776706	0.003027772760786677	0.0007853529742075841	0.3248253690866308	1211.4680806726146	0.3927839091056551	817.9525142314604	17606.590711162677	47559.87285818099
0.0001445	0.001165435649092932	-0.00440202243210185	-0.0028891426941275245	0.0030257709147395624	0.0007872448261823947	0.3244396300582485	1119.5682635165563	0.3922127548250238	756.335950276289	17210.381337535153	43952.06536464344
0.000145	0.0016956095762276557	-0.004104059355309146	-0.003250445549386793	0.003023468511692781	0.0007890075560687965	0.32401726638241624	1043.7871857001085	0.3915877452511979	705.5821151045639	15524.28534330745	40977.048124399575
0.00014549999999999999	0.001933856375015907	-0.0038214680022676476	-0.0034720763315405963	0.00302107673387563	0.0007906332894797116	0.323569885383703	971.9156050143187	0.39092614104414464	657.4329840972032	15358.382451970174	38155.510112737844
0.000146	0.0016992669711818574	-0.0034881003687749863	-0.0036486320178084506	0.0030187480412083786	0.0007921294360750943	0.32309888958424937	887.1300710242532	0.39023008702609213	600.4993301595207	19463.467365379583	34826.99549389482
0.00014649999999999998	0.001274351703927313	-0.003238824081831372	-0.003847939654489826	0.0030165810339539394	0.000793513588897544	0.3226064474299707	823.7315254661693	0.3895028565504201	557.990424399458	25696.031215082447	32338.092307554165
0.000147	0.0006309530022822268	-0.0029845577000399094	-0.003989981423135756	0.003014678783740937	0.0007947862948760607	0.32210544759459286	759.0638469334672	0.3887635305630388	514.5652467640892	33538.27450728298	29799.36543714298
0.00014749999999999998	-5.22478127227223e-05	-0.0027377404970342304	-0.003984147386667069	0.0030130422138802872	0.0007959515266949273	0.3216126398914008	696.2907212537915	0.3880368265934103	472.35482425947214	40301.45424688476	27335.01501482031
0.000148	-0.0004332006434689354	-0.002501335965893437	-0.0038595919246499216	0.0030115756978702337	0.0007970321316811495	0.32113175577435715	636.1658548999483	0.38732821410268975	431.87279695223293	42861.457991418545	24974.63008596913
0.0001485	-0.0006270573430313875	-0.00235724415299253	-0.0037943664623869807	0.003010166915661945	0.0007980232302576539	0.3206628074285396	599.5189219856618	0.386637672963997	407.2755013552079	44145.77869557807	23535.94301046808
0.000149	-0.0005028065712890016	-0.0020989002300671735	-0.003669617057434417	0.003008739251822605	0.0007989184738629327	0.3202067355132228	533.8142006579482	0.3859665498498522	362.88329809466615	41659.63233655585	20956.50386355031
0.0001495	-0.00033721557817120896	-0.0019262642265340765	-0.0035894196576705217	0.003007270912768411	0.000799738894088072	0.3197633906084614	489.9076114305728	0.3853145863467256	333.25309251464023	39205.554085834956	19232.81684727253
0.00015	-0.00011735545348929576	-0.0017624818423960906	-0.0034670484848221875	0.003005778916113715	0.0008004683750935722	0.3193319055050656	448.25276704205515	0.3846804712369432	305.1113567945974	35788.54006764557	17597.528939443135
0.0001505	-4.208136513024623e-05	-0.001517386338500912	-0.003400653959419036	0.003004334211404614	0.0008010910127971043	0.3189127502326889	385.91752183963104	0.38406486096982695	262.8435035867705	34374.04746379447	15150.368850202622
0.00015099999999999998	-0.00013374103054915345	-0.0012820965495298966	-0.003270801592496617	0.0030030089113338852	0.000801637238974394	0.3185130098354021	326.0761683425569	0.38347811802835613	222.21666652817385	33992.71180755313	12801.114082877537
0.0001515	-0.0002699290196973186	-0.001173827381260843	-0.0030916384590911113	0.003001800276541799	0.0008021404249101	0.31813240541813254	298.5400240859068	0.3829197828286725	203.56476810987004	33563.625772988846	11720.098791807133
0.00015199999999999998	-0.0003537110811116981	-0.0010885804499960704	-0.002966225106071094	0.003000663109664938	0.00080258022226384	0.3177759421396463	276.859135294832	0.3823971445060025	188.879962736549	33147.95745732516	10868.949404706995
0.0001525	-0.00020701993230653738	-0.0008888217519784048	-0.0027073977135261846	0.0029996365976362326	0.0008029358535889382	0.3174496799041303	226.0544194826089	0.3819190255626798	154.2935163769407	29099.050912457114	8874.455399314938
0.000153	-0.00037054093452811737	-0.0007101559575504433	-0.002485532319706699	0.002998776850086225	0.000803233469184494	0.3171568512269935	180.61427093661192	0.38149009619059354	123.33121747969699	28516.51037507346	7090.563836687385
0.0001535	-0.0004246779310183721	-0.0006279733626676595	-0.00217525482193399	0.002998079169822692	0.0008035150511207147	0.31689996741061455	159.712736139055	0.3811139695362604	109.09977526152839	25959.071327784557	6270.01036658627
0.000154	-0.0005271086056231737	-0.0006380659529037424	-0.0019134184595938917	0.0029975412845644625	0.0008038257711336519	0.3166658147239202	162.2795889661998	0.38077124877308743	110.89119071315525	24367.48261716265	6370.779999771232
0.0001545	-0.0007813444729154356	-0.0007589830119305393	-0.0018134563874891711	0.002997255190831734	0.0008041266467023168	0.31646449382025754	193.03247673363498	0.38047667657446915	131.94455169325454	25907.83186224744	7578.07836410707
0.000155	-0.0011366404931307309	-0.0005938036907147657	-0.0013908536831941825	0.00299730733439008	0.0008044010378740204	0.316306592608996	151.0223487356983	0.3802456966553112	103.25298419930205	25235.80716819435	5928.842715051854
0.00015549999999999999	-0.001611029211746147	-0.0006399047491265192	-0.001122369892765088	0.002997685759580446	0.0008046980406872321	0.3161774247691004	162.7472508025145	0.38005678794503467	111.29024415552455	27291.6683097802	6389.139490896578
0.000156	-0.0021463243969540168	-0.0006954693995420002	-0.0009335209891851954	0.002998418675114094	0.0008050343807914684	0.3160766238032246	176.87903230478676	0.3799093907387728	120.97170495230826	30750.766906008845	6943.925656731427
0.00015649999999999998	-0.0027533775122115267	-0.0008167717657887444	-0.0006708705281094684	0.002999532844713709	0.0008054486444591804	0.31601191477601975	207.72991542363374	0.3798147807744905	142.08478709435062	34189.46087039348	8155.071127341211
0.000157	-0.0032860514044646184	-0.0010458267281888648	-0.0003590661737641009	0.0030010364851842867	0.0008059289528155013	0.31599169250763465	265.9855627901802	0.37978521597666764	181.9363346215154	36394.7364038359	10442.074166237378
0.00015749999999999998	-0.003796433077189777	-0.0011137196932227134	3.7199854571083745e-05	0.003002892200104611	0.0008064523784770691	0.3160210392612968	283.2528098658938	0.3798281209866017	193.73896251839156	37534.12593188101	11119.952592118632
0.000158	-0.004080074940015203	-0.0012396893187961034	0.0004298956958204531	0.0030049773919246306	0.0008070084228085427	0.3160983446243524	315.29071906202944	0.379941150387307	215.6278446911002	36445.274690912905	12377.698390228457
0.0001585	-0.004064869615065069	-0.0012603786695649585	0.0008005297038776575	0.003007110095970589	0.0008076147015089167	0.316213872230681	320.552650565298	0.3801100889535896	219.18945567623672	32592.855525367722	12584.271553216762
0.000159	-0.003685336167042363	-0.001465551413766381	0.0010382573553187793	0.003009149475887246	0.0008082932990614387	0.31635763877260065	372.7343230782287	0.38032036180311146	254.81697273969664	26429.801926903434	14632.82219176461
0.0001595	-0.003195805734092274	-0.0015855362819643566	0.0012499927454878873	0.0030110516620232516	0.0008090257720946748	0.3165229750673541	403.250126350165	0.3805622372343772	275.6121966615243	19428.001783643216	15830.813081440188
0.00015999999999999999	-0.0027251766025098204	-0.0017077845543040197	0.0013815708164153888	0.0030127382062234407	0.0008098152525950375	0.31669907506388234	434.3415821735434	0.3808199235652395	296.786004837399	13415.25406687642	17051.40296699016
0.0001605	-0.0020549239444990213	-0.0018418513554104329	0.0014213124513263516	0.003014203122874471	0.0008106491356066034	0.3168793118940623	468.43884951487746	0.3810837320845208	320.0002692161569	6326.304373332683	18389.995147367623
0.00016099999999999998	-0.0016628585803275797	-0.0019074256450918154	0.0014474144396556742	0.0030155203691191	0.0008115102384174264	0.3170583804585897	485.11638688827605	0.3813458995779808	331.30617092755665	2151.1055655206474	19044.72272106153
0.0001615	-0.0014095678040651127	-0.0019642361095037098	0.0014027178328449577	0.0030167065435980386	0.0008123681193510663	0.317242240192219	499.5650168015099	0.38161515317437295	341.08189174973535	68.39365029551519	19611.947737230996
0.00016199999999999998	-0.0009972797688593141	-0.001892939548296996	0.0015236727472847822	0.0030177625883995437	0.0008132122226522724	0.31743510436454847	481.4321316433601	0.3818976712631827	328.60867269070303	-5255.779349629224	18900.086049389585
0.0001625	-0.0006811645677855548	-0.001902289577809152	0.0015460363511048392	0.0030186833456194353	0.0008140607154858044	0.3176259904807179	483.81012868136133	0.3821773704009141	330.1394573543403	-8635.32654338037	18993.441572815078
0.000163	-0.00042048784640176095	-0.0019126756172230571	0.0014921891548770054	0.0030195256956216635	0.0008148924634289307	0.3178152809389864	486.4516145644507	0.382454808748591	331.84985801842623	-10700.419338614585	19097.14115414178
0.0001635	-0.0003540298265834545	-0.001827001759729882	0.0015206391738223004	0.003020322343777499	0.0008156967642812695	0.3180038699598652	464.6621454415956	0.3827312955827294	316.89778496731446	-11648.03021241383	18241.72911509335
0.000164	-0.00022616910715916202	-0.0017892689225277101	0.00148102477576326	0.0030210577587296136	0.0008164567517016166	0.31818953676441425	455.0655366837847	0.38300357290799175	310.2684443689217	-12529.12705929722	17864.984981531208
0.0001645	-0.00012522638877907738	-0.0016277611839227541	0.001474127922166007	0.003021729852203439	0.0008171323459526732	0.31836455397527547	413.9892038746172	0.3832603006749443	282.1897156324953	-13468.129542807006	16252.40830943293
0.000165	-0.00011096869965067405	-0.0014098231678696285	0.0013115212633017673	0.003022336966811505	0.0008177483860725904	0.31851428414719146	358.56093426665456	0.3834799879290281	244.35415496556288	-11986.9368148786	14076.402604156676
0.00016549999999999998	-0.000235549963793637	-0.0013599958846316452	0.0010716485368871004	0.003022908996001317	0.000818338215489089	0.3186338341886798	345.8883398328591	0.3836554289192097	235.67661191075814	-8348.039952704803	13578.901275256638
0.000166	-0.00043357874495273687	-0.0012919754768483966	0.000831161329958629	0.0030234009700774484	0.000818917724699267	0.3187149116066428	328.58868018773126	0.38377442843256043	223.86256802675507	-3969.6698582426857	12899.750395148203
0.00016649999999999998	-0.00048795564942489715	-0.0013135945169804398	0.0004593017176302545	0.003023891331196821	0.0008194759917461985	0.31876354184907263	334.08705998766555	0.383845811145845	227.5922854600537	286.09565321793224	13115.606056872015
0.000167	-0.000942769820611125	-0.0011964671705311865	0.0003147181318870345	0.0030244788535085023	0.0008199841610319715	0.31879537457186563	304.2980114543803	0.3838925400990196	207.28921291130726	6270.792414384779	11946.146140088542
0.0001675	-0.0011921651090472103	-0.0010883466331850235	0.00019194517215746922	0.0030250924407152196	0.0008204652180478995	0.3188184323149711	276.7996685644456	0.38392638915477806	188.55083216742545	9986.712408506937	10866.614856911978
0.000168	-0.0011996282827925642	-0.001074565886597286	0.0001750517819381315	0.003025604326454669	0.000820969520612498	0.31882376445495064	273.29480534187724	0.3839342169661899	186.16192669679697	10229.900921956447	10729.020765982137
0.0001685	-0.0010170266833274579	-0.0011928624942651879	-9.018314920341724e-05	0.0030259246428439965	0.0008215146327320603	0.31880977978734887	303.38123258514213	0.3839136870015196	206.66032863305853	11054.95478098622	11910.155190631725
0.000169	-0.0006457551721109773	-0.0012580524473067047	-0.00013240283375384152	0.003026138240417885	0.000822045831143895	0.31880595927518485	319.9610214551793	0.38390807843384384	217.9555410794929	7769.531406376935	12561.045348824468
0.0001695	-0.00037542403411020106	-0.0011303041453706228	7.159391933064753e-05	0.0030263454286756785	0.0008225903465144803	0.31882429436417403	287.47074073267106	0.38393499489912686	195.8180846682308	3033.5967775070803	11285.540327320989
0.00016999999999999999	-0.00026429974386503165	-0.0013179277133428707	0.00022023524110984652	0.003026560087558426	0.0008231734209733385	0.31885292018848727	335.18912368720163	0.3839770199237734	228.31309278411732	439.96275240053035	13158.870927212183
0.0001705	-0.0002452214405740109	-0.0013036722327601981	0.0002353856877643597	0.0030267405310750862	0.0008237788154247122	0.3188750604505474	331.56352116297364	0.38400952482991174	225.83618330893404	98.20523567705987	13016.536846902905
0.00017099999999999998	-0.0002136887529873986	-0.0014182821196910911	0.00011700824349740937	0.0030269015390944113	0.0008244409597152453	0.3188871064906289	360.71230313130684	0.3840272104935887	245.6858005101938	965.3081369151733	14160.861147725653
0.0001715	-0.0003185001828332985	-0.0015588289679274372	7.472171023650176e-05	0.0030271832936521674	0.0008251463755890047	0.3188999617925516	396.45764365369934	0.3840460846381865	270.02731624016957	2434.010168583222	15564.1534652364
0.00017199999999999998	-0.000743704754749284	-0.0016128383698074237	0.00012988880294446286	0.003027726902453067	0.0008258580447210053	0.3189242955293721	410.19387812524263	0.38408181238764	279.3730845136885	6128.655465007434	16103.41122649252
0.0001725	-0.0013131447968189854	-0.0015869446591893254	0.00025741741579819353	0.003028537032780211	0.0008265732374649493	0.31896115860801466	403.60831953715007	0.3841359386412118	274.8729423137469	10540.927397254134	15844.875047003674
0.000173	-0.001742607564943995	-0.0016286811163735912	0.00032931119499977706	0.0030295497957406694	0.0008272978463734575	0.31900513151965715	414.223170691557	0.3842005081321709	282.08385364660745	14111.080847387271	16261.593390116617
0.0001735	-0.002111051729050723	-0.0016292813044308367	0.0003705805750538995	0.003030727771686015	0.0008280226076283492	0.3190572201727162	414.37581677898567	0.38427700011129956	282.1662205706837	17377.762859154565	16267.585977644285
0.000174	-0.0023562590503382703	-0.0016293660911049395	0.0004584848251548001	0.003032036312075167	0.0008287565483519643	0.31912500439513986	414.3973806103743	0.3843765497334333	282.15281470175415	18948.357960268917	16268.432531586182
0.00017449999999999999	-0.0024482737980433046	-0.0016705537257223008	0.000620398006155871	0.0030334051725018005	0.000829507630587059	0.3192101381640508	424.8726494846622	0.38450159337916845	289.2489923405368	18250.45590354389	16679.671146754474
0.000175	-0.0023513251499978653	-0.0017064371836359926	0.0007346276673511714	0.003034765530834899	0.0008302474935214835	0.31930256961280296	433.9989048104942	0.38463737349172916	295.42193929536114	16141.942602099381	17037.950122397713
0.00017549999999999998	-0.0022938939581402893	-0.0016201098800260544	0.0007365510165111323	0.0030360607602116095	0.0008309608445007385	0.31938582136984506	412.0432444549658	0.3847596845872851	280.4424743848207	15549.3162112235	16176.01373985053
0.000176	-0.0022046024277745406	-0.0015872350145340122	0.0005885197468266219	0.003037308390314217	0.0008316548112394068	0.3194573678678702	403.68216573717916	0.3848648106058678	274.72292361557857	16135.804104427536	15847.774104717595
0.00017649999999999998	-0.0022661856243374207	-0.0015329551036421477	0.0005502450807355527	0.0030384869539475602	0.0008323429036920824	0.31952094609011594	389.87713259198875	0.3849582378053665	265.3032223272949	17132.836576259884	15305.815441783858
0.000177	-0.0020208945745460324	-0.0015608232456629065	0.00046169324316334693	0.0030394887274058755	0.0008330414236534239	0.3195738621762957	396.964849170188	0.38503600381952796	270.10525917264033	15567.87133427885	15584.06536408212
0.0001775	-0.0016410106747287512	-0.0015798389205218494	0.0003805419383908424	0.003040314482997017	0.0008337407061253314	0.3196274169670304	401.8011139575206	0.3851147146383162	273.3744617688029	12585.170826392436	15773.927682424284
0.000178	-0.0012193230110820416	-0.0015642516202528523	0.0004718591395025384	0.0030409792290897676	0.0008344366227351869	0.3196845978690521	397.8367891581261	0.3851987616831625	270.6544951985957	7463.065317839719	15618.296026555105
0.0001785	-0.0008593703885734827	-0.001564705443758877	0.0004382566848634388	0.003041469024485649	0.0008351339072375732	0.31972848210583027	397.9522102861235	0.38526326948659273	270.71555414068104	4204.616699913876	15622.827234814142
0.000179	-0.0006443509610925198	-0.001570401893053913	0.00026022369791920736	0.0030417575299390262	0.0008358208209664117	0.31974486982449146	399.40099069190813	0.3852873597441195	271.69457291535105	3835.3249761323327	15679.70352647862
0.0001795	-0.0003919836646036061	-0.0015180767174256904	6.102790112912601e-07	0.0030418874264270916	0.0008364908198288389	0.3197329165298123	386.0931062092939	0.3852697881167552	262.64643130894177	3907.6740045874494	15157.261949930362
0.00017999999999999998	-0.0003823063731831933	-0.0014943498345238856	-0.00019086405704216391	0.0030418919798380936	0.0008371709542923635	0.3196979676471957	380.05863784872474	0.3852184141994469	258.55466374172585	5722.829586381087	14920.36049740836
0.0001805	-0.00019442796532805068	-0.0015636480692263238	-0.0003653973867023613	0.0030418418127502777	0.0008378775640751686	0.31963912664178534	397.6832877652693	0.3851319254663446	270.56814898394487	5589.585433683653	15612.269861405324
0.00018099999999999998	-0.0005165511904148196	-0.0016133872825627679	-0.0005711413570417048	0.0030419141572583215	0.0008385694932938604	0.3195680649726844	410.3334833430264	0.38502748389562563	279.2040060775942	10860.084127199329	16108.891854925132
0.0001815	-0.000939769857095911	-0.0014976418062117747	-0.0005599067248862122	0.0030421591530363687	0.0008392179205303531	0.3194990350515402	380.8958864277593	0.3849260388924155	259.20001825898913	14973.545495003573	14953.22924286261
0.00018199999999999998	-0.0012604819014307115	-0.0014177951202657593	-0.000538803182910927	0.0030425704380984664	0.0008398426798902339	0.31944007507300404	360.58844435744504	0.38483940062514665	245.40204462144507	17964.991513878304	14155.998693954714
0.0001825	-0.0015271566564424412	-0.0013912270883180988	-0.0003996291882614864	0.0030430262491881956	0.0008404806522404771	0.31937539671067555	353.8313853348057	0.3847443681574153	240.8263462748142	19238.024952467425	13890.72974206163
0.000183	-0.0015516945980108058	-0.0014772029271003361	-0.0006298194382547811	0.003043438136720621	0.0008411319157203627	0.31929470549005995	375.69765748913665	0.38462582052125355	255.73938458783738	21781.3627701236	14749.15691825679
0.0001835	-0.0015845365602386024	-0.0014509862223785989	-0.0006544967262883653	0.003043906984489748	0.0008417448510680257	0.3192171675918602	369.0299516713753	0.38451191883272545	251.2292557422778	22355.664670263264	14487.395798828516
0.000184	-0.001757607680093627	-0.00130487325660535	-0.0005796298027546826	0.0030444781314034972	0.0008423288598671101	0.3191432629942843	331.86897807544943	0.384403366467902	225.9552295258719	23336.18608340313	13028.52848923568
0.00018449999999999999	-0.0019866613892696385	-0.0013209276388781329	-0.0005966675512398905	0.0030451080639654956	0.0008428870258961023	0.31906560413026647	335.95209604229456	0.38428931246618725	228.76133755973055	25793.290289399152	13188.823733052828
0.000185	-0.0020816722712535527	-0.001188679855142406	-0.0006393843217791155	0.003045746917823388	0.0008434289159471884	0.31898492249319044	302.31746017329334	0.3841708328327683	205.88274857157717	27168.434300949666	11868.39356152675
0.00018549999999999998	-0.0020748847782792305	-0.0012477481295495635	-0.0006447793070266244	0.003046372423794019	0.0008439784225392236	0.3189095779876336	317.3403198762969	0.38406020336146784	216.1374523860864	27154.530784651495	12458.161718723639
0.000186	-0.0019367098652535721	-0.0012229250926720843	-0.000554436241553695	0.0030469821284145686	0.0008445082005562201	0.318847852136901	311.02706620238115	0.38396957948560323	211.85675418731023	24872.889270350886	12210.315698805247
0.00018649999999999998	-0.0017870789085506012	-0.0011590451680802965	-0.00042801894082274605	0.0030475574311155705	0.000845008757880739	0.3187990898059981	294.78045743290954	0.38389799403183944	200.80471591070224	22116.68090438433	11572.505541212258
0.000187	-0.0015757001453911884	-0.001091543989177431	-0.00034810328563029264	0.0030480243254548942	0.0008454996813888753	0.31874906310261464	277.61285349284566	0.38382455774341184	189.1240165367577	19208.2469940092	10898.538910398736
0.0001875	-0.0013197811424640988	-0.0011157299239881826	-0.00044814323690331285	0.0030483233246748963	0.0008460018799227398	0.3186798308188115	283.7640727233821	0.3837229376759469	193.3341860354378	17651.870039335885	11140.023774254732
0.000188	-0.0011264999827606732	-0.0011422383840221483	-0.0006537875619889631	0.003048443526310135	0.0008465264004698411	0.31858518835163846	290.5059807955213	0.3835840369085099	197.95507818650267	17775.310267407145	11404.697929395872
0.0001885	-0.0009203168066658347	-0.0012160934158366068	-0.0008525826417980263	0.003048446474079574	0.0008470719520752644	0.31847639989008725	309.2895628866722	0.38342439879009804	210.78813637494608	17701.543698544472	12142.104709094398
0.00018899999999999999	-0.0008244607891147372	-0.0012367975274138444	-0.0008789412912898003	0.0030484909360538803	0.0008476372983564112	0.3183739237696643	314.5552485127024	0.3832740468186387	214.40905980137146	17007.64608427093	12348.825251616741
0.0001895	-0.001006501655079954	-0.001305093577002848	-0.0007521127060941269	0.003048639621702804	0.0008482252122529212	0.31828637763446616	331.9250122571576	0.38314561787989565	226.2778024595511	17558.914009581196	13030.72828186767
0.00018999999999999998	-0.001055435736073215	-0.0013382652873553838	-0.0006413092265576992	0.0030488692021079632	0.0008488165756809024	0.3182141502487058	340.36158765632706	0.3830396737452553	232.05371426296855	16941.177982383793	13361.931769391818
0.0001905	-0.001126398158460926	-0.0013206032454197711	-0.0005082929029799336	0.0030491652561861404	0.0008494048039189663	0.3181599543892854	335.86959291413564	0.382960185874523	229.00933855182637	16321.599785474391	13185.58482123316
0.00019099999999999998	-0.001067314922124553	-0.0013241689509552682	-0.00035431169977434535	0.0030494990314830126	0.0008500204679022551	0.31811788338981883	336.7764603406793	0.38289848562406814	229.64184560158714	14194.25438501989	13221.186666790409
0.0001915	-0.0011030145598684034	-0.0014439589285747797	-0.0003153084182649335	0.0030499034780321955	0.0008506606812390387	0.3180817771406873	367.24269700774875	0.38284553615911343	250.42948730158506	14161.269099514175	14417.231668280334
0.000192	-0.0012901271198811144	-0.0014345469358273588	-0.0002593741685993495	0.003050396183520953	0.0008513149725822909	0.31805578513883664	364.8489408334011	0.3828074208754382	248.8066244995608	15471.021096404273	14323.257471913355
0.0001925	-0.0013388587531713723	-0.0015072559919914043	-0.0001543257094165774	0.003050914183531712	0.0008519919150476705	0.3180372011667916	383.34106644318376	0.38278016979180923	261.4243465793005	14908.724822149452	15049.222238884746
0.000193	-0.0012859461187130006	-0.0015363901560993454	-0.00014146478075991494	0.003051398876088069	0.0008526577211196005	0.3180216067761344	390.75077096478475	0.382757303130477	266.4835829335506	14252.007599580194	15340.112779532234
0.0001935	-0.0011415194240499366	-0.0014571849109766802	-0.00010674224652826228	0.0030517953937319545	0.000853298611528266	0.3180059874184049	370.6064668156927	0.3827344003830847	252.75139139232203	12463.289177569239	14549.286707073583
0.000194	-0.0008898944030776388	-0.001424365181451677	-0.0001418621674176262	0.0030520632689131936	0.0008539312705959184	0.3179923165002336	362.25941085218034	0.3827143550734476	247.06370162128565	10301.590445361686	14221.597577910261
