time	incid	trans	refl	U_in	U_out	eng_strain	eng_stress	true_strain	true_stress	F_in	F_out
5e-07	-0.007380777079014147	-0.005105255546385188	-0.0022290359275205273	2.2906651713571154e-06	2.122962954107647e-06	0.00026623749470100017	1302.102698583647	0.0002662729421945714	1301.7560300233326	95949.33599725922	50973.507958884155
1e-06	-0.007197882441938047	-0.004439939722441811	-0.0020504112054815153	4.50392771370321e-06	4.005841051531365e-06	0.0005317647665207652	1132.4129500693984	0.0005319062035472231	1131.8107727613997	92339.7400109833	44330.651173593156
1.5e-06	-0.007021345980953289	-0.00402579401659146	-0.0022176199499313897	6.259305795015307e-06	5.576998741497311e-06	0.0009120931594666745	1026.784497919457	0.0009125093695333086	1025.8479748026582	92246.60727184631	40195.60656289821
2e-06	-0.0069844473734717765	-0.0030383928171104344	-0.003895700987900933	6.832614796345935e-06	6.564768676311174e-06	0.001573352800848115	774.9464156241798	0.0015745918201463	773.7271515106503	108633.02023832286	30336.883048852917
2.4999999999999998e-06	-0.006222197916399448	-0.0014027854381351613	-0.006733251480487563	6.055187414971171e-06	7.005306320950124e-06	0.0024996353583721966	357.78242400088135	0.0025027646626687196	356.88809840324467	129353.89755577092	14006.13427588732
3e-06	-0.005171235719329302	-0.0005779452351023284	-0.008155625233132357	4.6537640285876e-06	7.372555696884943e-06	0.0034716214072925884	147.4057553873373	0.003477661468145162	146.8940184113765	133062.26234027438	5770.503704196942
3.5e-06	-0.004151236468120493	-0.0010732691673299415	-0.007467880070062373	3.505243039361981e-06	8.009409050531144e-06	0.004294354757728445	273.7388297979432	0.00430360198252604	272.5632981518254	116011.2601520262	10716.073651132767
4e-06	-0.003909269644336509	-0.0017901296528889863	-0.005756567830117885	2.696368051583691e-06	8.806424076081653e-06	0.004991472610304459	456.57511767296137	0.005003971619368501	454.29613547855024	96508.71321852684	17873.578957978094
4.5e-06	-0.003659223632192945	-0.0017933827378236917	-0.005448762203960725	1.699705350850482e-06	9.543530324026486e-06	0.005693272337285799	457.40482161896676	0.005709540788773476	454.80069140110237	90938.83436203502	17906.05943800569
4.9999999999999996e-06	-0.0031402002822475713	-0.001520769803977603	-0.005831823323426426	3.355988741212415e-07	1.0281592770753181e-05	0.006407422789281351	387.87450455557587	0.006428038431956338	385.3892286157053	89581.31723590988	15184.15111689578
5.5e-06	-0.002205658206957515	-0.001797681966913412	-0.005647285236232777	-8.057450629683028e-07	1.1173071480136744e-05	0.0069912217414002074	458.50134612174463	0.007015774836461436	455.295861542277	78407.84295030187	17948.985161552886
6e-06	-0.0020465343919708256	-0.0022105548902599803	-0.003736579927839667	-1.1505221666092596e-06	1.2144648592506621e-05	0.007378066677657831	563.8051732812567	0.007405419233977774	559.6453811195792	57741.60002954642	22071.32165440789
6.5e-06	-0.0026213568117727164	-0.0021578177364737256	-0.0024814865967242258	-1.0372542101631588e-06	1.2847655981302446e-05	0.007722190854963027	550.3544870938973	0.007752161362449508	546.104544706673	50949.42392847131	21544.766675165774
7e-06	-0.0034192965657192107	-0.001003020651450435	-0.003049895170593291	-1.5555276672132972e-06	1.3076012595591687e-05	0.00826957892846939	255.82184576705205	0.008303961580874774	253.7063068218547	64591.75127716377	10014.676189095975
7.499999999999999e-06	-0.003049063727616802	-2.3708745829709564e-05	-0.0057487089645496545	-3.5337189898734886e-06	1.2936560777665251e-05	0.009124160339790823	6.0469493925249616	0.009166040432508864	5.991776056700963	87841.50612443505	236.72036262740292
8e-06	-0.0017930255156917735	0.0006507073611966173	-0.007987658163992913	-6.991566213769797e-06	1.264559240769573e-05	0.010225854645826947	165.96383928367447	0.010278497886364351	164.26671718669624	97655.3970432962	-6496.998348759584
8.5e-06	-0.0003683264037702707	0.0006575349249146763	-0.00972075118197757	-1.1590692834006482e-05	1.2230805149836539e-05	0.011524592908033216	167.70521913454817	0.01159151569767887	165.77248475547	100734.56106992601	-6565.168270981928
9e-06	0.00017111254181607121	0.0012074177176298936	-0.011154902485664126	-1.7262737356999303e-05	1.1538061150186918e-05	0.013078426362253509	307.9536086213718	0.013164702039305766	303.92606002802694	109667.83132293526	-12055.482057677487
9.499999999999999e-06	0.0003553432721733943	0.0019072747621280885	-0.013821099216476028	-2.4075622758727622e-05	1.0690576536915625e-05	0.014916044183159982	486.4531446356106	0.015028407110470127	479.19718803718877	134449.06167044077	-19043.216227628927
9.999999999999999e-06	0.0007390313019518666	0.001903157306575183	-0.015716394456469503	-3.166363940907388e-05	1.0123213851867902e-05	0.016884785615593808	485.40298173229957	0.01702895880142705	477.2070564485797	149541.72871923487	-19002.105424949325
1.05e-05	0.0017328083938810987	0.0006477998858468884	-0.015928753377095994	-3.9085183166658655e-05	1.0038506404789128e-05	0.018699871846518334	165.22228355457332	0.018876925174077908	162.13264802591368	141739.64613742952	-6467.9686133167415
1.1e-05	0.0024603637684042774	-0.00026694108587287584	-0.013246572118679372	-4.5465493099392236e-05	1.022491797449084e-05	0.02016973103739619	68.08370415934036	0.020375917253612905	66.71047415841682	107695.07465267387	2665.277661747744
1.15e-05	0.002600356536235487	-0.000571196400100977	-0.010379644419239812	-5.063331528456278e-05	1.0442503683453177e-05	0.02131693893784608	145.6844554077941	0.021547426289643717	142.5789087676728	77672.42779835835	5703.119850141259
1.2e-05	0.0021950477417703096	-0.0004071052116785179	-0.008060341150978695	-5.505445550594306e-05	1.0914496596386135e-05	0.02228662806341848	103.83276408355324	0.022538727631871043	101.51868188962641	58562.118499076	4064.748680855251
1.2499999999999999e-05	0.002096550524004687	-0.001715053590353549	-0.007526243875275668	-5.92302057800882e-05	1.1928632796216067e-05	0.02318130629400172	437.4268609915412	0.023454218668112148	427.2867349456726	54212.86255715074	17123.980776966087
1.3e-05	0.002297443452007957	-0.002844671786781796	-0.006854631339647233	-6.332593562029684e-05	1.3236580800122299e-05	0.024026845495874024	725.5375909196206	0.024320198578349786	708.1052113211463	45501.31740715502	28402.672235791484
1.35e-05	0.0025266160312350594	-0.003036080430114607	-0.006736393160327796	-6.729421336697434e-05	1.3909330533622323e-05	0.024843595052259956	774.3566380273329	0.025157405518437845	755.1188352861524	42032.588975272156	30313.794982865842
1.4e-05	0.0021871564811384446	1.1285503342919375e-05	-0.006391872455985229	-7.119608985300987e-05	1.3721281625908039e-05	0.025696780182022858	2.8783837016924454	0.02603270980624861	2.8044185084305373	41982.05579747269	-112.68029371764406
1.45e-05	0.0016424069289800655	0.0008342137272251235	-0.007322051127859668	-7.52881211721187e-05	1.4990545384712864e-05	0.026657427019192163	212.76739930961335	0.027019179644474336	207.09556789045402	56708.50090554432	-8329.220678136046
1.4999999999999999e-05	0.001314806758356252	-0.006541035130771433	-0.008119190000737216	-7.987667203036833e-05	1.5942466631762812e-05	0.027758468071911308	1668.3003265798345	0.02815101575218316	1621.990865230109	67938.47638173348	65309.07283060463
1.55e-05	0.001618173573284475	0.002261038550493699	-0.009578719084788682	-8.512880664018211e-05	1.549775722362519e-05	0.02900261734108437	576.6811027283632	0.029431506205345487	559.955841378098	79482.19757089973	-22575.376590215976
1.6e-05	0.001998097649327902	-0.0002615509332722608	-0.010419482254090081	-9.096487424354592e-05	1.5919419845593954e-05	0.03038850986330499	66.70893806129301	0.030859813348796766	64.68175283904681	84083.45307603951	2611.4595944657653
1.6499999999999998e-05	0.001965281524212019	-0.0016343144922029687	-0.011857071195027593	-9.703566582338239e-05	1.666833241229166e-05	0.03189280145872136	416.8342390105478	0.03241245554232589	403.5402273845872	98764.73663888218	16317.839923725984
1.7e-05	0.0011503332388073922	-0.0017329212264310173	-0.012322604783494288	-0.00010282275292205225	1.7148521618718497e-05	0.03343532279632194	441.9840270221928	0.034007063582889616	427.20614840788744	111549.72896609332	17302.380483215104
1.75e-05	7.520182217677795e-05	-0.000426089477198451	-0.012471568265657778	-0.00010791233886038571	1.7319540662302128e-05	0.034895794937432424	108.67472804393445	0.03551919895226441	104.88243701923207	123771.72461336137	4254.297392135544
1.8e-05	-0.0006669061955875298	-0.0003428406459274791	-0.01100376275082319	-0.00011225343176137426	1.7570987563976904e-05	0.03618878699625375	87.4419950559414	0.03685984068323002	84.27757532233447	116525.9860197573	3423.0980672822916
1.85e-05	-0.0005981069736997123	-0.0007877065318192614	-0.009779527616792148	-0.00011618646556286966	1.8007170677647948e-05	0.03732874745151245	200.90567288057923	0.03804330392122318	193.4061157560439	103615.66322911679	7864.868820794714
1.8999999999999998e-05	-4.1809165045536664e-05	-0.00117344544443137	-0.00854396399911004	-0.00012014126326012565	1.8340320187713664e-05	0.038410441850768945	299.2889319549629	0.039167574089986	287.79311183752804	85724.7933506751	11716.285337252304
1.95e-05	0.0004363038171490207	-0.00032445027774242926	-0.008842970928598945	-0.00012435586183455293	1.8217359106665613e-05	0.03954304031859357	82.75150545671745	0.040346108104028305	79.47925934001816	83936.50602203391	3239.4791337087913
1.9999999999999998e-05	0.0003080772736125046	0.0008773037916479779	-0.009362185604360326	-0.00012866568299434132	1.757583759352029e-05	0.040745431816672	223.7575816143697	0.041598787621611	214.64048232923798	90400.89352329395	-8759.454134982767
2.05e-05	-0.0002573984875258605	0.002007083851705585	-0.009964809847488133	-0.00013259130997418997	1.6509340465907275e-05	0.04191336097427095	511.9095950916618	0.042817067704114475	490.4537434463921	102063.80722531101	-20039.76172387736
2.1e-05	-0.0008653831669539265	0.0027880649835638153	-0.008808244979554522	-0.0001367022340292602	1.5033796896459892e-05	0.04318884866876113	711.0999451331103	0.044149241034248055	680.388357214392	96586.49931176828	-27837.480678161857
2.1499999999999997e-05	-0.0011531459166053257	0.0038462248285998815	-0.01169368380960973	-0.00014110259955848618	1.3074227806977426e-05	0.04457313189139932	980.9851207596075	0.045597056055571836	937.2595415884892	128269.38266769474	-38402.6950523784
2.2e-05	-0.0013127631659348034	0.0049643243925614955	-0.010557002086585115	-0.00014514246867555034	1.0670520220285689e-05	0.04588246815233284	1266.1580070709426	0.04696841612047679	1208.063552635689	118513.86636224623	-49566.37853591663
2.2499999999999998e-05	-0.001569315707650805	0.005843145535135701	-0.01048900164884046	-0.00014882752733592208	7.966570004221069e-06	0.047134195448198114	1490.302591200228	0.048281198934822	1420.0583775896405	120396.4679450902	-58340.98268617517
2.3e-05	-0.0019820553716232846	0.006314265294660128	-0.009631007343908277	-0.0001522419337059537	5.084868850297219e-06	0.04834610733304026	1610.4623568885866	0.04955386841698961	1532.60277092663	115950.81566020906	-63044.88567271807
2.35e-05	-0.0021462287259291168	0.006642343376907193	-0.00984901686103463	-0.00015552342039551725	2.1100434985185745e-06	0.04950381052553119	1694.139139051338	0.05077112603121172	1610.272796107854	119766.72682502655	-66320.5866801627
2.4e-05	-0.0017083449550423097	0.00673296720891484	-0.008759667890662657	-0.00015885454988726424	-8.511390720374487e-07	0.05058921587060008	1717.2528764815238	0.051913714040237965	1630.378400008791	104518.04640456375	-67225.42182115327
2.45e-05	-0.0007609255748606094	0.006581003158733505	-0.008686916022383397	-0.0001625662797765041	-3.652184605761697e-06	0.051663462204291626	1678.4942290385131	0.053045842049083254	1591.7774058764603	94332.12979757438	-65708.13426306672
2.4999999999999998e-05	0.00018226553606638687	0.006012964401813039	-0.008580300220081463	-0.00016699703732418153	-6.184760079398471e-06	0.05285207081244676	1533.6151350213786	0.05429998977189991	1452.5603993061886	83850.31540835027	-60036.541953188775
2.55e-05	0.0006337067646545748	0.005373917023570126	-0.010525151873146558	-0.0001722196382001092	-8.428569466858944e-06	0.05424157746101378	1370.625190997503	0.0557681098369791	1296.2803185299952	98761.29635069596	-53655.962895979035
2.6e-05	0.000513331028869878	0.00471462395068343	-0.01180949430497912	-0.00017793335381502	-1.0372936993742937e-05	0.05579927737228604	1202.4715537185393	0.05741650553693077	1135.3745099603148	112786.72799588104	-47073.2403676577
2.65e-05	0.00013833631831323018	0.004027576511441448	-0.01322865603841242	-0.00018378456290431	-1.198220464037517e-05	0.05743174764738815	1027.2391257697757	0.059146945992660745	968.2429875250424	130700.51251582733	-40213.403912041074
2.7e-05	-7.031895732721079e-05	0.003207959039091527	-0.013011337867564459	-0.00018974933742582807	-1.3172679184218627e-05	0.05909892925665338	818.1945220557077	0.0609172769709716	769.8401018785561	130614.01769616641	-32029.919780742108
2.7499999999999998e-05	9.1002530741822e-05	0.0021446129224526453	-0.013786598936853089	-0.0001961156986411717	-1.389880189083293e-05	0.06083867815692253	546.9865804700421	0.06276801278028847	513.7086399446696	136743.90754109877	-21412.92299241894
2.8e-05	0.0005688499294531817	0.0011201557869363547	-0.014177769687339355	-0.00020301110758136923	-1.4141493960202774e-05	0.06266497303899012	285.6973289097464	0.06471450786391615	267.7941134963056	135878.4831214966	-11184.213875644136
2.8499999999999998e-05	0.00107856683468237	-2.897179437131028e-05	-0.015177721378476575	-0.00021007378662657824	-1.3926170522174508e-05	0.06448843735810833	7.389297419284828	0.06666177349200553	6.912773175540847	140773.24040331345	289.2693573419246
2.9e-05	0.0013664220908771712	-0.0009391582702434441	-0.014132271796397625	-0.0002166516262195469	-1.3172886979212253e-05	0.06616540667701525	239.53365448023607	0.06845595137972663	223.6848128187196	127460.83631935187	9377.041193716994
2.95e-05	0.0012533785748350566	-0.0024477300861720256	-0.012822990654476157	-0.00022231913683820335	-1.1682137730335748e-05	0.06762092059152397	624.297044810165	0.070015809429103	582.0815039175337	115516.9820716144	24439.40129834123
2.9999999999999997e-05	0.0008330602573584443	-0.004254926994984901	-0.010572642839912978	-0.00022710213735202761	-9.356415826231844e-06	0.0688867074506083	1085.225190415616	0.07137432001149659	1010.4676002054248	97245.02246309206	42483.38855376266
3.05e-05	0.00032610767810972615	-0.006201906306183562	-0.009773356701524932	-0.00023125850193197762	-6.1774279410738096e-06	0.07002780449094008	1581.8050368433526	0.07260059058385473	1471.034702980502	94326.21323443584	61923.0355045286
3.1e-05	1.9839348461601785e-05	-0.008091353056801103	-0.008568404150788925	-0.00023495210817942315	-2.1341500551941726e-06	0.07106041034110465	2063.7111217505426	0.07371156956049427	1917.0629626134476	85353.28585010886	80788.24765804855
3.15e-05	-1.0665670756124812e-05	-0.010087898197761444	-0.008029491461062056	-0.00023823219227513728	2.812054467016533e-06	0.071967802232085	2572.9328036562147	0.0746888509272262	2387.7644844862402	80277.08110313886	100722.78545118078
3.2e-05	0.00017323844932887346	-0.012151061701518322	-0.006555740535378517	-0.00024120444758245292	8.703442056896166e-06	0.07276711705594191	3099.145593878495	0.0755505228054101	2873.629703675332	63726.197038501705	121322.47538319496
3.25e-05	0.0003424935030139641	-0.01433759880051223	-0.00629228274985435	-0.00024411710403652323	1.5516317278100695e-05	0.07353562741387747	3656.824995288505	0.07637968776174049	3387.918074917215	59405.76857944798	143153.9910057338
3.2999999999999996e-05	0.0004004167679704166	-0.016294223673226967	-0.00606059583940379	-0.0002472132177354327	2.3136472572638224e-05	0.07435900699769141	4155.864955919208	0.07726881605147563	3846.8389645805514	56514.151020453144	162689.9442240784
3.35e-05	0.0002853911177160208	-0.017967264556895818	-0.007174239484156394	-0.00025059236846100373	3.1400124467745786e-05	0.07527589451767502	4582.576416231604	0.07825985030280028	4237.618877304169	68781.81980193483	179394.44844025158
3.4e-05	0.0001699709378908168	-0.01918749163882373	-0.007563623314191748	-0.00025419771201115333	4.016127368721559e-05	0.07626846703780132	4893.797071461721	0.0793337983001256	4520.554670827254	73822.04373989682	191577.82580641285
3.45e-05	8.584651588612602e-05	-0.02020409544344918	-0.00839078472409555	-0.0002579397137917097	4.9304165266573946e-05	0.07730440750876251	5153.083319792711	0.08045590116070198	4754.727266912849	82920.79211469584	201728.12321175987
3.5e-05	8.732153074162506e-05	-0.020903868912609324	-0.008260710901621714	-0.0002617961083128601	5.868421109580056e-05	0.07837737280573692	5331.561539797943	0.08161943726479913	4913.687753356471	81607.34058505857	208715.02292237416
3.5499999999999996e-05	5.045848952207625e-06	-0.02127038047656518	-0.008985914218196866	-0.0002658627279135845	6.817946459465187e-05	0.07952218293816105	5425.040836211802	0.08286237739152091	4993.6297463875735	89669.6279232334	212374.4636599794
3.6e-05	-0.00012229069067832768	-0.021421861796519674	-0.009415530118319537	-0.00027026953983618645	7.774788729322541e-05	0.080780568412753	5463.676362622896	0.08423041299822075	5022.317480426896	95230.52871704022	213886.9313901775
3.65e-05	-0.0002909796348728945	-0.021599361393383514	-0.010811501079903842	-0.00027498637455811186	8.732121365990535e-05	0.08214359089060845	5508.947887617872	0.08571431768824177	5056.423126099708	110852.90127714413	215659.17903404793
3.7e-05	-0.0004102903415227956	-0.02144390950560402	-0.011097443945388991	-0.00027971589733804907	9.677673791946677e-05	0.08352018699530457	5469.299662227682	0.08721523812641345	5012.50273170507	114899.16223252738	214107.06710410505
3.75e-05	-0.0004521117179303308	-0.02106970348609418	-0.011029680786458579	-0.00028409061810706214	0.00010604700317635552	0.08479863576631817	5373.857883965473	0.08861116771776507	4918.162066603128	114640.14607831472	210370.80094848567
3.7999999999999995e-05	-0.0004279391131072887	-0.02061095415308726	-0.009519843742189933	-0.00028806887457057763	0.00011515318241761586	0.08596449801966495	5256.853213179756	0.08988586585308411	4804.950465545695	99323.80151014793	205790.41068893863
3.85e-05	-0.000424988614269408	-0.020331945412159	-0.009219988087895994	-0.00029212646174268925	0.00012414089300477615	0.08715244465008894	5185.69163641043	0.09118638346760044	4733.745933095741	96300.42849455171	203004.64332683766
3.9e-05	-0.0004262347937196422	-0.020078299339478307	-0.009874823510435551	-0.00029689414276072503	0.00013300478320124235	0.08854064387317863	5120.998844302007	0.09270827595432736	4667.582309353704	102851.08603889021	200472.10994294396
3.95e-05	-0.00045110762362424444	-0.019775228298866607	-0.01243880737750022	-0.0003024965768183734	0.00014173907464741145	0.09016622577021277	5043.7001437261915	0.0944933618382013	4588.928737849721	128699.5683035657	197446.0921539488
3.9999999999999996e-05	-0.0004886866374686167	-0.019495601758350793	-0.01369046414578939	-0.000308335484117826	0.00015034956411976992	0.09186520496529038	4972.380996292121	0.09636245871745439	4515.592196902231	141571.9641717791	194654.15636170615
4.0499999999999995e-05	-0.0005676576997344739	-0.019218593990951743	-0.013618580560969191	-0.0003135415985267818	0.00015886916806171142	0.0933995413465081	4901.729770671432	0.09805343457049526	4443.9104582861955	141642.72920688894	191888.3677527136
4.1e-05	-0.0006873939632145895	-0.019086965266007186	-0.011044029170379804	-0.0003178636067984984	0.00016736518921345065	0.0947054746202571	4868.157676893914	0.09949494581854923	4407.116493577428	117132.58720079619	190574.11858386837
4.15e-05	-0.0008714413266336073	-0.01911256183573778	-0.009947275643818176	-0.00032199461913333545	0.00017589200274718622	0.09598608369855534	4874.686118461211	0.10091052456968286	4406.784088690407	108019.65750543275	190829.68795527946
4.2e-05	-0.001139087580762634	-0.01922541294752641	-0.010636973223061088	-0.00032563178310944616	0.00018447590140070782	0.09716670487201562	4903.468955258123	0.1022173548694611	4427.015034433466	117578.27275326806	191956.45173677118
4.2499999999999996e-05	-0.0014846806873584995	-0.019369226048482457	-0.008340090475649863	-0.000328991469883194	0.00019307728269821127	0.09831378568831328	4940.148691491728	0.10348869714622833	4454.463971768008	98095.58924556074	193392.35600827538
4.2999999999999995e-05	-0.001847550475577494	-0.01930401782864281	-0.010097852369852058	-0.0003329108107575887	0.00020172583033135593	0.09966171844563564	4923.517242144758	0.1049847178849173	4432.831052995894	119269.07115251379	192741.28346493628
4.35e-05	-0.0021968356679263126	-0.019581293754580724	-0.011568543568409247	-0.00033703086864532536	0.00021051123223254703	0.10110879556853189	4994.236861982726	0.10659327026379546	4489.275588083688	137440.65535705286	195509.74950727
4.4e-05	-0.0025387196210165178	-0.01991933742682481	-0.011691478660112511	-0.0003406006007773229	0.00021943121272952206	0.10244593695803664	5080.4553820683295	0.10808192306123963	4559.98337027884	142081.64875374918	198884.95211192415
4.45e-05	-0.00290410745336616	-0.020186381550991162	-0.009801459035086425	-0.0003428623948928176	0.00022845750762925514	0.10346579207192719	5148.56536629118	0.10921882946684344	4615.864972633771	126858.93754717935	201551.2585612076
4.4999999999999996e-05	-0.0033194321179414827	-0.020397344700692124	-0.006591483845171272	-0.0003435920315430321	0.00023757279162885787	0.10410943307317834	5202.371818099812	0.10993700859262356	4660.755837481561	98955.70341885554	203657.6235986889
4.5499999999999995e-05	-0.003745753940658919	-0.02058649137552173	-0.0037542701989020325	-0.0003432399990572546	0.00024677390745426466	0.10450224179376548	5250.613946919032	0.11037556088346047	4701.913018672382	74884.11435945168	205546.16168404487
4.6e-05	-0.004150969963748332	-0.020783258894811075	-0.0025596569773685546	-0.00034257951836960486	0.00025604702497007106	0.10485796498606872	5300.799782972172	0.110772874958943	4744.968704931115	67002.36504993857	207510.79021623405
4.65e-05	-0.004536483254303474	-0.020910222975840703	-0.003158164988895455	-0.00034215103985031024	0.00026534786797836185	0.10532473935230467	5333.1821526752765	0.11129446381379401	4771.46613252639	76827.34192282126	208778.4651712005
4.7e-05	-0.004892863444641894	-0.020907917329936153	-0.004344670874214726	-0.00034202857660178934	0.0002745938075305609	0.10592121054205426	5332.594094403361	0.11196137630723847	4767.759272594747	92232.3133180093	208755.44441175016
4.7499999999999996e-05	-0.005245307855749791	-0.020663367886676318	-0.00524288525028563	-0.0003421214489760241	0.0002837061009441917	0.10661392903851218	5270.221410585168	0.11273646122943937	4708.3423990997935	104719.53654569785	206313.7364739032
4.8e-05	-0.005471738152999886	-0.020307022016576096	-0.005891730431752384	-0.0003423547285561845	0.00029264902250303933	0.10741658761848122	5179.334888868312	0.11363531044438512	4622.988408972733	113458.73895686412	202755.79527377454
4.85e-05	-0.006381168112964621	-0.019901843798929356	-0.007010039706543407	-0.00034301424939150055	0.0003014397686707275	0.10838818653814995	5075.993607357205	0.11472442782530425	4525.815865376516	133704.73469248402	198710.28669651903
4.9e-05	-0.006270798957957943	-0.019622816095358174	-0.008607242960099171	-0.00034425513702223656	0.00031010152007806646	0.10952834092040645	5004.827194138794	0.11600400260997595	4456.656774971439	148550.0542004556	195924.33000159796
4.95e-05	-0.006476572198518922	-0.01932186185727237	-0.009719365798772018	-0.0003454962370538192	0.00031869973067516694	0.110721575313537	4928.068387062197	0.11734490387785904	4382.424891993829	161708.6092763858	192919.44746223345
4.9999999999999996e-05	-0.007123041225972243	-0.019337126022391106	-0.009460440217720082	-0.00034610389878600136	0.0003272940509739715	0.11179980109868735	4931.961534116668	0.11855811218663194	4380.569215576048	165578.043190138	193071.85276988088
5.05e-05	-0.0074759914819236255	-0.019304370427750316	-0.00787074091502203	-0.00034587428901385997	0.00033581734743972795	0.11268215236061488	4923.607173049339	0.11955202079407505	4368.804519411977	153229.70199453994	192744.80399652367
5.1e-05	-0.007739106359426665	-0.019017791031701606	-0.006311993122485131	-0.000345198440097918	0.00034419647082879794	0.1134594541691487	4850.514689908566	0.12042841753594252	4300.177940752103	140293.43384768238	189883.44730387302
5.15e-05	-0.007793813579387678	-0.01865614424612202	-0.006182197448768324	-0.000344912372851984	0.00035247392370659083	0.11436734133010173	4758.27616214854	0.12145302081746509	4214.084768169211	139543.71194632692	186272.57902596705
5.2e-05	-0.008085585301069778	-0.018560663467914584	-0.008410995416095513	-0.00034580005233770156	0.00036075960584693435	0.11563573393580227	4733.923653672289	0.12288623553676034	4186.512917583839	164710.38145704512	185319.24962577212
5.2499999999999995e-05	-0.008311143565103417	-0.018693144382093407	-0.011976888364444773	-0.00034807643572417517	0.00036915576339282825	0.11732548282334027	4767.713099527789	0.12479875655058166	4208.338858162527	202566.18843755216	186642.00749204113
5.3e-05	-0.008614535959967612	-0.019057379303836143	-0.015183790263442694	-0.00035116464161941103	0.0003777074481714894	0.11926504177843779	4860.611735102541	0.12699854028123717	4280.910673446772	237614.77954145882	190278.71705803002
5.35e-05	-0.008676450285020424	-0.019392420741821063	-0.015992284387508313	-0.0003541187492456853	0.0003864263606211793	0.12118025781037636	4946.064531064225	0.12917547378361474	4346.699156043104	246305.38701556137	193623.94380535174
5.4e-05	-0.008826180950086785	-0.01980926278405963	-0.014792507086599174	-0.00035641713843731715	0.0003953026188409841	0.1229184673848928	5052.380687650407	0.13115532329707494	4431.349796879388	235821.17911195706	197785.91003105615
5.4499999999999997e-05	-0.008779503995793652	-0.020099873548552912	-0.013147118729723415	-0.0003584019867004879	0.00040432824744831436	0.12456588226704371	5126.501377054896	0.13303538110662674	4487.914210078839	218926.72518655274	200687.51798823752
5.4999999999999995e-05	-0.008776497873435452	-0.020480856941438537	-0.01333309173876526	-0.0003607889430957067	0.0004134438994257569	0.12630847266178627	5223.671734049694	0.13502790917478966	4563.877735635333	220753.56107553872	204491.45293978145
5.55e-05	-0.008501390573814323	-0.020504633624472322	-0.014676950487453915	-0.000363768912636735	0.0004225917797612772	0.12818909039586515	5229.736010922882	0.1371827253720698	4559.340908672178	231424.52749438642	204728.85162254015
5.6e-05	-0.008328835206262045	-0.020625761010749623	-0.015551715010675954	-0.00036673801911052336	0.00043172026964741374	0.13003705452302203	5260.62972331613	0.1393046596463198	4576.5529291598405	238435.74635701085	205938.2500027675
5.65e-05	-0.00802536532375016	-0.020417450932301445	-0.014152083076567748	-0.0003690439278799629	0.00044075085419263764	0.13167167567884172	5207.499941109321	0.14118538201551167	4521.819697765987	221431.0982614336	203858.3745988394
5.6999999999999996e-05	-0.007881451254214697	-0.02018556228044956	-0.012122483646925577	-0.0003707654166540609	0.00044972964515964246	0.1331123367018051	5148.356410172648	0.14284588003335463	4463.04665824085	199729.61698543362	201543.07854101204
5.7499999999999995e-05	-0.007535339450799878	-0.020184578372365446	-0.011034407501229285	-0.00037252491318684987	0.0004587455220409947	0.1345305831377411	5148.105463014402	0.14448324079347996	4455.527833020484	185409.94382229217	201533.2546945658
5.8e-05	-0.007350274540946265	-0.020352306732340487	-0.01176219615135812	-0.00037451763311368533	0.0004677406091364735	0.13599222029224708	5190.884820123596	0.14617350592723916	4484.964868153666	190828.77793216985	203207.9412630319
5.85e-05	-0.007184181751957395	-0.02009110403011492	-0.011731861052585491	-0.00037611065815788353	0.00047655663719993506	0.13734359294310466	5124.264698886752	0.14773880500176625	4420.479773950129	188867.54045655573	200599.95858717852
5.9e-05	-0.007375000229788585	-0.01954722748121895	-0.009989827032049625	-0.00037648837993928947	0.0004850604023192777	0.1383686422382862	4985.548210440795	0.14892775899987246	4295.704673748584	173379.40336065888	195169.61424066903
5.9499999999999996e-05	-0.007403132777230646	-0.018687117789532182	-0.006486606057800942	-0.00037539699236990094	0.0004932556223049363	0.13899162893553949	4766.176008511299	0.14965105211100677	4103.717441294826	138682.32581532875	186581.83487950618
5.9999999999999995e-05	-0.007517688611200133	-0.018159957135986293	-0.0035271549207308616	-0.00037294659086423105	0.0005012571110913877	0.13923889825405658	4631.722932983034	0.14993827908781382	3986.806934776429	110277.4218771765	181318.39066501267
6.05e-05	-0.007474281500233637	-0.01781607002936316	-0.00044740162096017916	-0.000368903857986014	0.0005091745769528768	0.13905924708370213	4544.01403663618	0.14972958886596155	3912.126865963779	79094.17539575306	177884.8441937056
6.1e-05	-0.00781484307554627	-0.017782176061535725	0.00333507785445716	-0.0003627250789448077	0.0005170552337702895	0.13832114048094282	4535.369331866197	0.1488726304955799	3908.0318733801732	44728.28951976803	177546.42931454573
6.149999999999999e-05	-0.008101802454236227	-0.01765057043235526	0.008529096981531209	-0.00035457004909918014	0.0005249106698995021	0.13706918967141596	4501.803128696208	0.14742076454430697	3884.744621785573	-4266.329234641424	176232.41074573694
6.2e-05	-0.008440969197634816	-0.01766877964393908	0.011594504724179442	-0.0003458633099778228	0.0005327781385839483	0.1356735065553858	4506.447414046265	0.14580469562772153	3895.041891275158	-31486.52732472214	176414.22091824634
6.25e-05	-0.008272055560075285	-0.01770467080611147	0.010839420730920096	-0.00033831158780962996	0.000540756291649476	0.1345814944245748	4515.601506078556	0.1445420675796495	3907.885107164643	-25633.89976865736	176772.57681718725
6.3e-05	-0.008128965890301435	-0.018166435068679265	0.006713359307259529	-0.0003322576345301583	0.0005489546185105833	0.13388361037393462	4633.375138942975	0.14373598034414156	4013.042147124459	14134.14720805263	181383.06969051535
6.35e-05	-0.007872971301086572	-0.018694608886669378	0.004504286438070287	-0.00032636886818141885	0.0005574993181022317	0.1332210705356062	4768.086623505802	0.14297131803209964	4132.877019115856	33634.68941285734	186656.6298620637
6.4e-05	-0.007954373571163388	-0.019723784593980612	0.006145243654670484	-0.0003191395958500648	0.0005664905016725165	0.13217752300087307	5030.579353523118	0.14176810482502875	4365.649835315099	18063.28740239102	196932.4516365221
6.45e-05	-0.007775869693647762	-0.020702075268615037	0.010628526361008328	-0.000310487564552596	0.0005758045294583513	0.1307200297898846	5280.093783480038	0.14009003044853244	4589.879766810142	-28482.397407241693	206700.2109654138
6.5e-05	-0.007697656723089939	-0.021175345994462844	0.012798921940890086	-0.00030165888051648417	0.0005851317284878693	0.12919047462785677	5400.802156192822	0.13833201103648246	4703.069962263119	-50933.66645750579	211425.59031058516
6.549999999999999e-05	-0.0074118207603518565	-0.02076129537542236	0.011786835449366337	-0.0002937158451590052	0.0005941954979651801	0.12789711158277664	5295.197956069169	0.13684787072942858	4617.9574322289	-43682.406109644864	207291.495095707
6.599999999999999e-05	-0.007512136521103807	-0.019990922822813218	0.009002418075629978	-0.0002864232368032564	0.0006029466922690463	0.12679495971441607	5098.71333927513	0.13558488212238431	4452.222186826384	-14879.740688868254	199599.69767539328
6.65e-05	-0.007560881971713568	-0.01935590529975205	0.008713346033724208	-0.0002786735115110185	0.0006116527830014966	0.1255875711274769	4936.751215555131	0.1342031280482267	4316.756621132943	-11506.796379433388	193259.35477351668
6.7e-05	-0.007875856925113214	-0.019788129648466907	0.010693971604232785	-0.00026963396375916034	0.0006207209720421869	0.12404323505239656	5046.990651317298	0.13243854434639227	4420.945603648699	-28137.512357605974	197574.90589119587
6.75e-05	-0.00794411358964022	-0.020983959643317233	0.01412937116466009	-0.00025923507764097033	0.0006303929396388715	0.12214152562868792	5351.988794739205	0.13026988926073002	4698.288718202116	-61756.80597443611	209514.69014022048
6.8e-05	-0.008243322534409679	-0.022502818665976435	0.016438317846358727	-0.00024775730324708145	0.0006404716920803693	0.11996060835191776	5739.375951797973	0.1277886092752716	5050.876921059921	-81823.0654589716	224679.76302961988
6.85e-05	-0.008307045066720677	-0.022812932103071726	0.018617301189834345	-0.00023533296530593766	0.0006503682868136358	0.1175335867669543	5818.470825627501	0.12503454955837262	5134.605079992619	-102942.92181353939	227776.09574211776
6.9e-05	-0.008543399599856337	-0.02168380725014977	0.020394148249961438	-0.0002219342235610981	0.0006594026535205917	0.11484222577114173	5530.485923663376	0.12198937389866725	4895.352610593905	-118323.99478270719	216502.33007964396
6.95e-05	-0.008439189248078476	-0.01893621119210879	0.02286623891052669	-0.00020755128991978755	0.0006673205838739355	0.11187822186234848	4829.707635625252	0.11864640785005984	4289.368533236491	-144047.11460775437	189068.9120538769
7e-05	-0.008586083879716145	-0.01666412333158407	0.024776554768617953	-0.0001922491810012945	0.0006744228203590813	0.10866376259283343	4250.208390635808	0.11503355187044235	3788.3647551056906	-161654.02284276785	166383.21344595012
7.049999999999999e-05	-0.008546186156564328	-0.015268715611712202	0.026892007244133046	-0.00017619923694095154	0.0006813424137727796	0.10525434891820114	3894.307664186155	0.11121578983197296	3484.4148465050803	-183174.15234612275	152450.74211938935
7.099999999999999e-05	-0.008814818012000113	-0.015842929641844673	0.027910212073281353	-0.00015985678982306952	0.0006887009039846377	0.10177803743319895	4040.761770431529	0.10733806687192644	3629.5009677019098	-190658.27602889383	158183.99154620504
7.15e-05	-0.008786026908186424	-0.017242068765703476	0.027967308989714206	-0.00014386825030017058	0.0006965370027581725	0.09841418177533914	4397.614196782735	0.10360004594476578	3964.826593842747	-191515.82637947515	172153.71913723636
7.2e-05	-0.009031182486112644	-0.0179903373365713	0.026102620067527716	-0.00012844205572295922	0.0007043847616920525	0.0952293883810027	4588.461161550679	0.10007383523492142	4151.5048115262225	-170450.04927167651	179624.81898835363
7.25e-05	-0.00913584057354645	-0.017294494789975627	0.025089098724385146	-0.00011280574981368253	0.0007119124181422745	0.09201527181189403	4410.985528944377	0.09652771969838247	4005.1074965402286	-159285.5683586098	172677.1676387284
7.3e-05	-0.009504543329159877	-0.016551103219630818	0.02657395479200162	-9.56400847828457e-05	0.0007193001276803347	0.08839280869554297	4221.3824501062	0.09254609297952815	3848.24259876324	-170429.81945746156	165254.76227953553
7.35e-05	-0.009448415047647075	-0.01666527014841118	0.03165277775400584	-7.638533003636897e-05	0.0007270027869126868	0.08417913573925476	4250.500887900988	0.08793449646707129	3892.6973966985483	-221699.82459270462	166394.66385741983
7.4e-05	-0.00939445261048863	-0.017967169536783022	0.036076941053809174	-5.6018267192582856e-05	0.0007351186525581322	0.07962518137397645	4582.552181216497	0.08297428035857661	4217.665632631422	-266411.74465624196	179393.49971037277
7.45e-05	-0.008979923743847045	-0.018523115049413768	0.03712239164799174	-3.6155335910696694e-05	0.0007431945073241716	0.0751797309571828	4724.346876052983	0.07815586408662356	4369.171748962913	-280988.9335922241	184944.34682376645
7.5e-05	-0.00887186340131252	-0.01778727395449351	0.03433287073875612	-1.7339180741607087e-05	0.0007508227020277308	0.07099907190940237	4536.669556726072	0.07364554114770214	4214.570228638881	-254215.84646733923	177597.32931061767
7.549999999999999e-05	-0.008529646281975391	-0.016510360798492947	0.0328661892440446	1.5245930049684782e-06	0.000758295007429682	0.0667713520290224	4210.991037565056	0.06910504066591688	3929.8174726047414	-242988.61341958074	164847.96890567476
7.599999999999999e-05	-0.008329518247167442	-0.017086369672913267	0.03508931695370763	2.1856039922872763e-05	0.0007664880844063525	0.06208919854243302	4357.902921402464	0.06410042889258892	4087.3242216868575	-267183.65025072696	170599.1389847987
7.65e-05	-0.007824076466448596	-0.01975106992702618	0.0401706622500581	4.382057130599761e-05	0.0007759822904489725	0.056913890069846325	5037.538516579225	0.058597685639417564	4750.832603224018	-322965.0176965198	197204.88249302327
7.7e-05	-0.007745265624432549	-0.02293646280826704	0.043016189512820886	6.636781542275469e-05	0.0007864465476841827	0.05156648780406769	5849.977507933864	0.052943589907018	5548.314714116922	-352163.11959446635	229009.49009960462
7.75e-05	-0.00767784953969688	-0.02411258176411052	0.04293686274600928	8.875246315161533e-05	0.0007971308697106014	0.04628004478609368	6149.948322782401	0.04738519862130536	5865.32843897187	-352044.19719340786	240752.46915551706
7.8e-05	-0.007994051668417379	-0.023925910787006018	0.04203634300945569	0.00011145360291764511	0.0008077193350362845	0.04093186295469164	6102.337624194135	0.041793156523254535	5852.557576857362	-339895.8177205701	238888.64971481022
7.85e-05	-0.008108473405447614	-0.023681594061485962	0.043929239828043816	0.00013527377532775154	0.0008184454833880187	0.035311643685298585	6040.024295366937	0.035950176625850296	5826.7411095983925	-357653.0314194332	236449.2653510632
7.9e-05	-0.008652734704336305	-0.02454495661930354	0.046409017246746155	0.00015977317728959082	0.0008295453022726396	0.029568180475833823	6260.226145436191	0.030014131778415123	6075.1226489484	-376978.22394730314	245069.52300760246
7.95e-05	-0.009181404744555456	-0.025361679055766174	0.04591023775845208	0.00018324268111272695	0.0008407129595055193	0.024195405685129602	6468.532366123772	0.024492923356851493	6312.023601338016	-366719.63723344053	253224.10160547594
7.999999999999999e-05	-0.00998051098397525	-0.024849969139466133	0.04045064728580809	0.00020430760755703496	0.0008514108781347822	0.019552973369750454	6338.020023136735	0.01974666169942843	6214.092886407398	-304229.5769874818	248114.9255311012
8.049999999999999e-05	-0.010109399923234357	-0.023249656004138346	0.0341708619216655	0.0002231620449072604	0.000861549673813584	0.0155287960331366	5929.857878625752	0.015650630729547126	5837.774325123085	-240242.06301442604	232136.5727142483
8.099999999999999e-05	-0.00997948790374614	-0.022336059167034898	0.030512942984192885	0.00024083907142898576	0.0008715712088681705	0.011793482485111906	5696.843704075335	0.01186357725233768	5629.658077630903	-205016.61992368608	223014.75007007574
8.15e-05	-0.0094587021645847	-0.022722432694227156	0.02952772436023854	0.00025755421507689256	0.0008818494023780023	0.008289897464406039	5795.388822502275	0.008324449753517739	5747.345643397366	-200379.4821478658	226872.50290624503
8.2e-05	-0.00937945922612781	-0.023490038358228212	0.02678818594731268	0.0002723460329903058	0.000892157869133695	0.005305178942261995	5991.167740415908	0.005319301374230477	5959.383523479894	-173817.7182344328	234536.67428174985
8.25e-05	-0.009151263270652051	-0.022858546253158966	0.02118757019759923	0.0002845782086177976	0.0009019995097556656	0.0030082994696448177	5830.104779576045	0.0030128334979208815	5812.566078459672	-120176.70444934546	228231.53097378917
8.3e-05	-0.00892706534986601	-0.0213911102566581	0.015732001499023728	0.00029530351854176624	0.0009112479262970812	0.0010794197099519382	5455.833138581406	0.0010800027029742713	5449.944004757413	-67943.99688853855	213579.89213472008
8.35e-05	-0.0082912961755987	-0.020191311916302912	0.015272417945328768	0.0003066523256178525	0.0009202609078958997	0.0010740820759783188	5149.8228629863215	0.001074659315503438	5144.291530554724	-69703.12511451825	201600.48587474268
8.4e-05	-0.008119883872569572	-0.020332555515585337	0.019342530088432987	0.00031977868660062835	0.0009292107981997941	0.003731528292042433	5185.847244158295	0.003738507812000369	5166.4961084485085	-112052.69569886746	203010.7349145311
8.45e-05	-0.008183174917742462	-0.019907642939107902	0.023372717826645933	0.000333815715578265	0.0009376619540919688	0.006615997971448712	5077.472686319529	0.006637980698123747	5043.880137326752	-151660.24096619934	198768.18830699867
8.499999999999999e-05	-0.008565270156324467	-0.018090162478091677	0.022991658887571185	0.00034721696574441956	0.0009450409866855703	0.009309782602818874	4613.9217060776255	0.009353389486970044	4570.967098047616	-144040.51552930404	180621.52475548975
8.549999999999999e-05	-0.008389639948785825	-0.015087197901506148	0.020307685296044008	0.00035939583802236546	0.0009511972188537793	0.011682119908143978	3848.0113136601994	0.011750891998140304	3803.0583840861264	-118995.91976212732	150638.37555677566
8.599999999999999e-05	-0.008236134131309492	-0.012592247965456048	0.01782478019755199	0.0003706871161294497	0.0009564807103230295	0.013825106910374292	3211.6707788828203	0.013921563750181212	3167.26908700384	-95737.99433382135	125727.50689079567
8.65e-05	-0.008085398570488456	-0.01116321026220396	0.01662115534978429	0.00038127639980245704	0.0009612334707864066	0.015755448721605947	2847.1926772724432	0.01588088508583684	2802.3338790451453	-85225.40393352286	111459.25644212951
8.7e-05	-0.008497865541680161	-0.010205992907883746	0.014406764812500302	0.00039048371967291643	0.0009655132614653967	0.01726985776111381	2603.0530276766526	0.017420721204453916	2558.0986721440404	-58997.50194143759	101901.90402646612
8.75e-05	-0.008557477440013303	-0.009036659283302507	0.009935536896703583	0.0003974833806476884	0.0009693715466320256	0.01817669505297042	2304.8128212309807	0.018343920680206006	2262.9189414252887	-13759.257307531783	90226.6732221264
8.8e-05	-0.008337847429367842	-0.008310833873388681	0.004640780586652527	0.0004023407342773458	0.0009730590012578448	0.018540025401541496	2119.690016630424	0.01871404592550742	2080.390909878702	36913.42468940873	82979.65748063244
8.85e-05	-0.007661526205524772	-0.008268576700065621	0.0011993172563328105	0.0004059883720247213	0.0009767472842295954	0.018616468129962593	2108.9122643869673	0.0187919357095964	2069.65176642812	64522.031524326696	82557.74003866852
8.9e-05	-0.007510136236716321	-0.008314558254754068	2.940755325086281e-05	0.0004092223294625728	0.0009803006889212863	0.018585373338175736	2120.6399254023477	0.0187602515635173	2081.227040672904	74691.45856075217	83016.84362762264
8.95e-05	-0.007530086731432439	-0.007662141473203307	-0.0005292188879128445	0.00041216784342713197	0.0009834185461984834	0.01846094477648625	1954.240096022601	0.018633474693533665	1918.1629775299325	80468.26949175035	76502.77754322567
