time	incid	trans	refl	U_in	U_out	eng_strain	eng_stress	true_strain	true_stress	F_in	F_out
5e-07	-0.0008312785118740118	-0.00017511666018783805	0.00033212365168253745	4.6276037555600786e-07	6.879932907003568e-08	3.149062488869653e-05	44.53749570415195	3.149112072885674e-05	44.53609319058125	4983.819910190666	1748.4551734414763
1e-06	-0.0007354080978435273	-0.00013421658986588743	0.0001818375138289942	8.052864377240502e-07	1.1975222303907444e-07	4.5932262449022516e-05	34.135363181127175	4.593331736764791e-05	34.13379526666675	5527.13459956936	1340.087748709713
1.5e-06	-0.0005689429711797459	-9.48761135679056e-05	5.3865680332278794e-05	1.0629379636672248e-06	1.5873204814435984e-07	5.647033934004592e-05	24.129882878789022	5.647193384972792e-05	24.12852025611462	5142.797680920027	947.2921161578122
2e-06	-0.00041750838270682925	-8.038367674297513e-05	0.00011812716834264994	1.2954911513283594e-06	1.9369584018890666e-07	7.484851951583939e-05	20.444015171280846	7.485132080611035e-05	20.442484967012316	2989.176658147545	802.5921423509608
2.4999999999999998e-06	-0.00032813766708780296	-7.681935958798145e-05	0.00018182467245179027	1.5302358684477938e-06	2.228130311376231e-07	0.00010022564869922596	19.537500852149314	0.00010023067162521904	19.535542693452445	1460.86450106258	767.0041591016793
3e-06	-0.00031313142274266094	-5.4096383782605784e-05	0.00023235761000624247	1.7759419983530144e-06	2.4036706654943096e-07	0.00012997024069636746	13.75835661634717	0.00012997868756002172	13.756568439426156	806.4874615932881	540.1262334932405
3.5e-06	-0.0003061402740571965	-2.4829485101450934e-05	0.0002531064042694239	2.033961770348206e-06	2.4717397659069757e-07	0.00016377385447548175	6.314893653499322	0.00016378726687764946	6.3138594390250855	529.5175450387709	247.91040231667816
4e-06	-0.0003022479703324221	-5.77551692909051e-06	0.00029860524952667153	2.242579430231879e-06	2.45524546967378e-07	0.000201719013855393	1.468889711251414	0.0002017393618720597	1.4685934082673981	36.37080578961286	57.66574375696355
4.5e-06	-1.6425626536473662e-05	1.319162742047255e-05	0.000320700922051407	2.302957188984684e-06	2.2992250134071128e-07	0.0002412614047137542	3.355032290701905	0.00024129051292828845	3.3542228508985903	-3038.0416918804835	-131.71202091621174
4.9999999999999996e-06	0.0003903318825266053	5.6957770057958775e-05	0.00032467380025112956	2.21690046424231e-06	2.085365494659185e-07	0.0002809336247521131	14.486094221722675	0.00028097309399521174	14.482024590764466	-7138.985997973079	-568.6957918150412
5.5e-06	0.000644087170087324	3.919703389642198e-05	0.00032281987513362866	2.0466047383490234e-06	1.8880932695324969e-07	0.0003135767350316284	9.968998534490295	0.0003136259104964618	9.965872488478315	-9654.099293808933	-391.36342953461417
6e-06	0.0006543617736862176	4.9499846390955805e-05	0.00020995110240271437	1.8460805315595106e-06	1.6083737494081575e-07	0.0003329869591936988	12.589317279284694	0.00033304241166150797	12.58512520080554	-8629.746124947678	-494.2320303161875
6.5e-06	0.0005640243991587698	7.626671184894942e-05	0.00010684481601549047	1.6671401932628306e-06	1.254485322500461e-07	0.00034585345840879	19.39694571435348	0.0003459132795093964	19.3902372135956	-6698.30471136134	-761.486238663014
7e-06	0.0004505164125547555	8.28474230291993e-05	0.00010315041132644641	1.5491726728143143e-06	8.969956091489398e-08	0.0003620120702686579	21.070620826740072	0.0003620776124566764	21.062993007672738	-5528.09550810078	-827.1914576621095
7.499999999999999e-06	0.00034361129828209446	7.788591025553405e-05	0.0001605756663204655	1.5246223451063937e-06	5.40237685429106e-08	0.0003891856045548125	19.80875714337502	0.0003892613569273317	19.801047860250694	-5034.063039436179	-777.6531517812995
8e-06	0.00021027262964874507	8.251839821429849e-05	0.0002829258965142783	1.5715319007938319e-06	9.74239230965996e-09	0.0004268211082876387	20.98693980367529	0.00042691222234405343	20.97798213476872	-4924.348795131597	-823.9063039869143
8.5e-06	0.00019306644516252556	0.0001165780495597685	0.0003313263589269949	1.6482770989039185e-06	-3.574790370030007e-08	0.0004678463142754553	29.64934561849985	0.00046795578850839935	29.635474281431556	-5235.808576079059	-1163.9754529572183
9e-06	0.0001314502273378356	8.795390301701337e-05	0.0003382495151426678	1.7420858094616182e-06	-7.158582878692185e-08	0.0005059276423365908	22.369354084196296	0.000506055666908831	22.358036809623886	-4689.724803015638	-878.177191076576
9.499999999999999e-06	6.829876740833234e-05	7.317938115995303e-05	0.00028327907705601245	1.8552918957056597e-06	-1.0284069872970097e-07	0.0005359111609271772	18.61174356881814	0.0005360548126387489	18.601769327715296	-3510.334769756984	-730.6607346275317
9.999999999999999e-06	-8.792864332654278e-05	6.734772324777221e-05	0.0002060844784600279	1.966620210365579e-06	-1.3573894946455657e-07	0.0005543586726083632	17.12857549712672	0.0005545123861882121	17.119080122750464	-1179.7288789646984	-672.4344503016637
1.05e-05	-0.00011153860791643406	8.05682950979276e-05	9.499892772710243e-05	2.0438665076855302e-06	-1.7311217505796347e-07	0.000566213434577198	20.49096923711207	0.0005663737939385444	20.479366975042506	165.14070884566132	-804.4354673520353
1.1e-05	-4.229104146883255e-05	8.746795604096195e-05	9.848365002101764e-05	2.1045666422605376e-06	-2.0131024506826502e-07	0.000582727330315604	22.245762980213843	0.0005828971818743306	22.23279976614155	-561.0560241775516	-873.3252455027858
1.15e-05	3.889781575816601e-05	3.9315266403688794e-05	0.00017104104600664425	2.121429769462029e-06	-2.2648902720546158e-07	0.0006079417432083609	9.999068659050907	0.0006081266147211003	9.992989807819864	-2096.1380177383635	-392.54392394775493
1.2e-05	0.00029680932987051083	7.389273454883647e-05	0.00024048553004113823	2.07246963306804e-06	-2.6077968392323563e-07	0.0006339273179295845	18.793171043844556	0.0006341283348096427	18.78125753932934	-5364.6293646095955	-737.7832232699452
1.2499999999999999e-05	0.00034743637717853923	8.028377316372914e-05	0.00018362724375780404	2.0413034397840803e-06	-2.8830049373923344e-07	0.0006583884785377944	20.41860665088807	0.0006586053114108997	20.40516327552133	-5302.413456587839	-801.5946534210634
1.3e-05	0.00019192470367693706	4.3454374570633e-05	0.00021560543772744192	2.1143737020648185e-06	-3.0790557827715057e-07	0.0006936066653708681	11.051769824128867	0.0006938473217610249	11.044104242914706	-4068.991398691087	-433.870917508303
1.35e-05	5.433823958029274e-05	4.469335302593197e-05	0.0003591935831210341	2.269357310271762e-06	-3.3310586554317807e-07	0.0007451504394046652	11.36687974897111	0.0007454282019852238	11.358409713531504	-4128.915284298198	-446.2415182702541
1.4e-05	9.007994454631494e-05	6.861133857000524e-05	0.00048205673410535904	2.423519613005523e-06	-3.6603988317537734e-07	0.0008047845414504354	17.44995132696089	0.0008051085543815285	17.43590787588389	-5712.508076793588	-685.0510382666716
1.45e-05	0.0001900738970332617	7.946549370730133e-05	0.0004912365142823295	2.5320630595846385e-06	-4.013655304990603e-07	0.0008558780231836187	20.210493283854014	0.0008562444958978203	20.193195566814662	-6802.555005940081	-793.4245287317425
1.4999999999999999e-05	0.00015579773488583873	7.936450426786503e-05	0.0003426645440309052	2.5920103279808178e-06	-4.372939763519021e-07	0.0008853441467653205	20.184808596170768	0.0008857362953691701	20.16693809402657	-4976.90482106361	-792.4161980129181
1.55e-05	5.5588462790998513e-05	8.217577636081988e-05	0.00013825456356655302	2.6166904742208e-06	-4.755942708928283e-07	0.0008985096184938157	20.899800639925342	0.0008989135202189138	20.881021968025767	-1935.428884418343	-820.4853904564358
1.6e-05	4.832026950220061e-05	9.002873127760813e-05	7.662021957931313e-05	2.6090564876160114e-06	-5.132577992297901e-07	0.0009083975425274187	22.897046050477357	0.0009088103856111381	22.876246430113966	-1247.4703678825224	-898.8933479650652
1.6499999999999998e-05	0.0001473850552300094	7.931276938009566e-05	8.476142904666667e-05	2.578592687623201e-06	-5.497799256021007e-07	0.0009244841640442532	20.171650839853854	0.0009249117630883532	20.15300246808978	-2317.8703899127613	-791.8996501752038
1.7e-05	0.00025213638397674686	8.489679781087405e-05	0.00017778968809241657	2.5323472231743806e-06	-5.876925467114068e-07	0.0009442678199614501	21.591839198750655	0.0009447139216678265	21.57145071982149	-4292.603936715031	-847.6534738717388
1.75e-05	0.0002786816615978847	8.556466546675163e-05	0.00014510104174290868	2.5165521582466925e-06	-6.28377346461145e-07	0.0009652748345558296	21.761698267686096	0.0009657410123262555	21.7406922479911	-4231.265370618832	-854.3218094649418
1.8e-05	0.00013519285361892776	9.736097500802893e-05	0.00019775622904819816	2.5715218391109397e-06	-6.717532498043628e-07	0.0009924716101059954	24.761858760445264	0.0009929644361586205	24.737283318612068	-3324.3355912423945	-972.1022560703058
1.85e-05	6.153518508211801e-05	9.766431574030274e-05	0.00024612465643198203	2.673625631589545e-06	-7.230459635038765e-07	0.0010324464956901168	24.83900753969932	0.001032979835701637	24.813362593408538	-3071.8347470680715	-975.1309666001364
1.8999999999999998e-05	0.00013182265211904436	0.0001329562738383278	0.00040630884905173894	2.7877529862386788e-06	-7.734180617550972e-07	0.0010818976679169174	33.8148264623301	0.001082483341662956	33.77824228043949	-5372.982823019999	-1327.5041026066285
1.95e-05	0.00016213852541592573	9.352507524886847e-05	0.0004007879362115088	2.869456672363528e-06	-8.101401823843921e-07	0.001119856761012916	23.786272720476738	0.0011204842691186956	23.759635502151415	-5620.548513452916	-933.8026518435412
1.9999999999999998e-05	9.004166942843768e-05	7.158369945387997e-05	0.00021874564873119944	2.9178323661118813e-06	-8.453437497736576e-07	0.0011382446162340489	18.20591315237922	0.0011388929086274537	18.1851903697499	-3083.092056176806	-714.7286243922366
2.05e-05	-7.437103104852327e-06	8.669740678948892e-05	8.136409930060516e-05	2.930723826950371e-06	-8.806934605062561e-07	0.0011424013479077735	22.04978885678946	0.0011430543857291926	22.02459914827838	-738.1253092470149	-865.6316838297597
2.1e-05	1.7317317567247357e-05	7.224078428272997e-05	-1.3521728331553991e-05	2.889151223619018e-06	-9.080990264796049e-07	0.001138042276013745	18.373029820266673	0.0011386903378526082	18.352120535592746	-37.897123142300266	-721.2892986716589
2.1499999999999997e-05	9.845525287418702e-05	5.097920792777527e-05	-5.7623054571996946e-05	2.836221458345519e-06	-9.282701799285583e-07	0.001134462922176019	12.965563936914593	0.001135106912338282	12.950854985363062	-407.6897554343079	-509.00273990868334
2.2e-05	8.110685519240846e-05	3.971365983762712e-05	-7.958836586050345e-07	2.80781746650138e-06	-9.501276659588034e-07	0.0011410233255155923	10.100392232910517	0.0011416747882335165	10.08886744977591	-801.8662159943477	-396.52168974049795
2.2499999999999998e-05	0.00015367512667693794	5.8561240268693434e-05	0.00010786878419806242	2.8111719717107622e-06	-9.694971239502056e-07	0.001165347862591918	14.893905491910948	0.001166027408401822	14.876548910980302	-2611.389479224835	-584.7056665032121
2.3e-05	0.00022824529602583917	2.8527071103649627e-05	0.00028913405301029887	2.8422872940118226e-06	-9.785682603540755e-07	0.001208855099873705	7.255302296012331	0.0012095863545799781	7.246531686830671	-5165.782618762191	-284.82901056248625
2.35e-05	0.0003419403468127617	1.2258270024216669e-05	0.0004209512647809194	2.924003547290599e-06	-9.851824850110176e-07	0.001266205722155953	3.1176511016043307	0.0012670080379574605	3.1137035139397935	-7617.1038417206855	-122.39289864421903
2.4e-05	0.00022667414014177384	1.7480386404170822e-05	0.0005150731162905402	3.1040130129241744e-06	-9.93935715740912e-07	0.001332105273941876	4.445794212541427	0.0013329933149026356	4.439871946624041	-7405.987679892791	-174.5332055176506
2.45e-05	3.952548695201973e-05	2.1875597829223134e-05	0.0005604790698694158	3.387626276726299e-06	-1.0133356278038773e-06	0.0013972524996635194	5.5636302296978455	0.0013982295671834774	5.555856433452197	-5990.755364667231	-218.4172662704008
2.4999999999999998e-05	-0.00025142458136654246	6.534964012454598e-05	0.0005027943386477171	3.745585238827539e-06	-1.0416601999057072e-06	0.0014506738372820646	16.620402154728733	0.0014517270833073258	16.59629137215776	-2509.805475353179	-652.4845564993057
2.55e-05	-0.000486124379981673	6.200235680729713e-05	0.00036909985343825384	4.05638492988533e-06	-1.0776493074164464e-06	0.0014896364607184694	15.769086145146089	0.0014907470721862229	15.74559593947207	1168.4333097427987	-619.0635511721119
2.6e-05	-0.0002753705420341133	9.98106687455723e-05	0.0002668124354903016	4.21777214270208e-06	-1.1342200265545439e-06	0.001514525826788913	25.38489042513837	0.0015156738803465027	25.34644435297929	85.44855552487327	-996.5612634780565
2.65e-05	-4.403180542696724e-05	0.00015454071295250315	0.00013940902374152194	4.28988556353937e-06	-1.2059948307352482e-06	0.0015318395143850837	39.30440617046845	0.0015330139800825262	39.244198128007085	-952.2954047414049	-1543.0142898985255
2.7e-05	2.376013359584207e-06	0.0001681707691113076	0.0001431691431790266	4.4205213701105315e-06	-1.2924462976019027e-06	0.0015583882220720332	42.7709442312615	0.0015596037720273018	42.7042904955246	-1453.198008951962	-1679.103809762579
2.7499999999999998e-05	-0.00015643265753910053	0.0002205294344989834	0.0002901345716198316	4.685042756875359e-06	-1.398133137802495e-06	0.0016065462845213348	56.08734617883984	0.0016078381638314396	55.99723926122756	-1334.9489598689686	-2201.879765364837
2.8e-05	-0.00024690775358299807	0.0002546562135162442	0.000495857259050525	5.056757877064464e-06	-1.5220126609331277e-06	0.0016787763407266315	64.76682460337958	0.001680187064808973	64.65809559057143	-2485.6404313187372	-2542.619151678052
2.8499999999999998e-05	-0.00024551249242582476	0.00030232676906627085	0.0006830156278309034	5.493664007798765e-06	-1.6641790695021771e-06	0.0017685476658713842	76.89089755421409	0.0017701133926085546	76.75491233681782	-4368.257250197393	-3018.5865975102674
2.9e-05	-0.0002537248607939007	0.00033687709826160086	0.0007821498004192351	6.031039551468296e-06	-1.8191983266106396e-06	0.0018642796398157598	85.67809767819702	0.001866019571919728	85.51836974511741	-5276.06749964492	-3363.5549275417034
2.95e-05	-0.0005999554621709852	0.0003601153182408996	0.0007802998835447092	6.772753398652547e-06	-1.975451803696535e-06	0.001964688968590938	91.58828418695066	0.0019666215015949457	91.40834169535638	-1800.6518409725638	-3595.577317077875
2.9999999999999997e-05	-0.0010961244240113132	0.00034242635698346867	0.0008584893061879234	7.746178309009573e-06	-2.1237938493792115e-06	0.002074594709306818	87.08944304203226	0.002076749661862046	86.90876774426079	2372.671741820583	-3418.961592507832
3.05e-05	-0.00148677527422709	0.00032454420408012434	0.0009352916300239088	8.901714265874943e-06	-2.2562619684571352e-06	0.0021983002486126307	82.54146738249533	0.002200720057565697	82.36001645422753	5506.29751470316	-3240.4169427721276
3.1e-05	-0.001689698355184735	0.00027105453731406554	0.0010837169919570926	1.0205680424060341e-05	-2.3608367056979526e-06	0.002332423593852821	68.9374173666116	0.0023351479307929354	68.77662610784644	6050.430886518672	-2706.3484853080704
3.15e-05	-0.0019841123015603692	0.00019913091044352482	0.0011053215261923994	1.174360518852398e-05	-2.4252006557294724e-06	0.0024758492205693827	50.64505032776029	0.0024789192035076864	50.519660819380604	8774.300948388494	-1988.2258500340736
3.2e-05	-0.002589791915442961	9.026013622319512e-05	0.0012355403186268832	1.3656774400125884e-05	-2.4343770602301445e-06	0.002639496727626302	22.955899370081244	0.0026429863410152013	22.895307348814196	13521.547339097213	-901.2038144497363
3.25e-05	-0.0033412308487404006	-4.9001492187422784e-05	0.0014353645540872053	1.603474014951936e-05	-2.374366583874298e-06	0.002842943422388916	12.462570639786257	0.0028469922616083227	12.42714025655982	19029.153360963584	489.2562045755699
3.2999999999999996e-05	-0.004030028689967904	-0.00022081561125452285	0.0018851062441024864	1.8892808254440435e-05	-2.225701852847959e-06	0.003100237123005173	56.160129636489124	0.003105052813879431	55.9860199177573	21416.01343402388	2204.7371018867016
3.35e-05	-0.004621009496718818	-0.000447605796895062	0.0023142061136199525	2.2153974243074716e-05	-1.9542029643939356e-06	0.003400946764615502	113.83977535309256	0.0034067431298812913	113.4526123374209	23032.31631396559	4469.127439982544
3.4e-05	-0.005133828694803995	-0.0007730984554089722	0.0025937015074217807	2.5829143376525787e-05	-1.5470033359775767e-06	0.0037421157246868893	196.62246356075104	0.003749134956391888	195.8866795480337	25361.941674846017	7719.014241646155
3.45e-05	-0.0058220966606942455	-0.0010577389405557185	0.0029745460892649555	3.005499109153049e-05	-9.965406102226628e-07	0.00412831882718095	269.01520089855103	0.004136863861208824	267.9046203798837	28431.415508446036	10561.011846510735
3.5e-05	-0.006874765310850169	-0.0014172332182260082	0.003328707573804337	3.492925558017777e-05	-2.8098249518044064e-07	0.0045577374860361515	360.4455355693565	0.004568155639055428	358.80271944021763	35405.671790504835	14150.388373798334
3.5499999999999996e-05	-0.008032161775761102	-0.0018000353266896718	0.0036798708579574234	4.045332009238767e-05	6.110080375768264e-07	0.005030201222538481	457.8037608972788	0.005042895271681407	455.50091585953055	43455.52024229787	17972.48232093999
3.6e-05	-0.009093832145680969	-0.0022105027736757502	0.004031249944914616	4.656349684094963e-05	1.6867353061435906e-06	0.005549201417119148	562.198123702208	0.0055646554334524935	559.078373077458	50547.4352377891	22070.801295515586
3.65e-05	-0.009907894587877488	-0.0026261463136785304	0.004439396345853011	5.3237456806975126e-05	2.9476245155373904e-06	0.006124060606211782	667.9089244762511	0.006142889577901844	663.8186097433288	54600.31062702601	26220.801055937365
3.7e-05	-0.01071701605782226	-0.003043021719957576	0.004942929342358966	6.0527701712563474e-05	4.399236582008803e-06	0.006765175479680679	773.9330263315755	0.006788163014448107	768.6972335989221	57651.46376548274	30383.100405452577
3.75e-05	-0.011597449733870495	-0.003483668066242325	0.005520761002291175	6.854150900176853e-05	6.03779313128838e-06	0.007478707569374494	886.0028016097032	0.0075068133203059625	879.3766457508176	60672.798571687716	34782.74109636818
3.7999999999999995e-05	-0.01278834558682335	-0.003883555272076887	0.006124856883829243	7.740875821465995e-05	7.851669222121155e-06	0.008272901298966571	987.7062871198673	0.00830731166068646	979.535090494156	66531.71253621267	38775.42147917425
3.85e-05	-0.014118181382065722	-0.004271933944988984	0.0068372464833099285	8.718314089241504e-05	9.812105562932477e-06	0.009158053167152262	1086.4828024888377	0.009200245936032875	1076.5327352184484	72696.61423170684	42653.19472575797
3.9e-05	-0.015382433322333387	-0.004542514582688883	0.007609392395257575	9.78709570184747e-05	1.1898347906843127e-05	0.01013965679798872	1155.2996927622105	0.010191413277169048	1143.5853503787798	77610.0549641588	45354.81155257511
3.95e-05	-0.016650932987928215	-0.004837578702590743	0.008411443899932923	0.00010943616074110821	1.4111337595705117e-05	0.011217353590246025	1230.3434776224424	0.011280742584664265	1216.5422797964986	82267.31429760614	48300.884110068946
3.9999999999999996e-05	-0.01775896953232707	-0.005112391770147601	0.009177737050725944	0.00012186415424879662	1.6416775977496035e-05	0.012386141484096539	1300.2368036065593	0.012463489090426702	1284.131886594259	85679.45683103862	51044.75970239526
4.0499999999999995e-05	-0.019043474047986238	-0.005253243434114699	0.009898149511779315	0.00013523686873137831	1.8788541588437763e-05	0.013651739319096308	1336.0596680452052	0.013745781183175123	1317.8201297422936	91311.64322675217	52451.09545758241
4.1e-05	-0.020426549210600543	-0.005410610046947682	0.010757780329067684	0.0001496286951435439	2.1217444783305226e-05	0.015029353403219547	1376.0827865509375	0.015143438663449128	1355.4011520397764	96537.98190070881	54022.32499130954
4.15e-05	-0.021797344412058817	-0.005510143534375599	0.011726376235104915	0.00016499949657670782	2.3687002808609863e-05	0.016525028740504953	1401.397181332023	0.01666309011996191	1378.2390526336485	100553.74738001346	55016.11873336322
4.2e-05	-0.022901296319446377	-0.005593400940398297	0.01268466807713396	0.0001812171369274254	2.61769565050366e-05	0.01813887429038063	1422.5720733103033	0.01830540047603882	1396.7682173035216	102008.09269796741	55847.40367296609
4.2499999999999996e-05	-0.023676207241045754	-0.005601845871019086	0.01365504231925878	0.00019815216107846878	2.8676775535931936e-05	0.019866493774538148	1424.7198761569418	0.020066485753790008	1396.4156876068091	100056.485959784	55931.72222162637
4.2999999999999995e-05	-0.02426985939747961	-0.005637757128391517	0.014541582129332301	0.00021575014164027106	3.1187299608595554e-05	0.02169964426500769	1433.8532017311036	0.021938543893150697	1402.7390973252964	97132.14436547707	56290.27876142256
4.35e-05	-0.02493458923239814	-0.0056499775229827635	0.015377422843412451	0.00023401707321936332	3.37131847795845e-05	0.023630687424237254	1436.9612199575067	0.023914370109468067	1403.0048385279404	95423.68497856698	56412.29349218341
4.4e-05	-0.025679860095343045	-0.005706823186645375	0.016139296697041887	0.00025290652444787007	3.6260611521119436e-05	0.025649903558739185	1451.4188021113553	0.025984597991898124	1414.1900498138582	95257.91214504084	56979.869955850525
4.45e-05	-0.026294462705317507	-0.00574683201441932	0.016816501467535654	0.0002723018848022388	3.8827814699589454e-05	0.027751884003807067	1461.5942645328	0.02814424372528003	1421.0322700428562	94632.85984384245	57379.33875470523
4.4999999999999996e-05	-0.02660370849569285	-0.005795741343178323	0.017490100044755152	0.00029201445596761214	4.142144280172005e-05	0.02992265857429651	1474.0333952080907	0.03037947723468914	1429.926397196168	90994.9734518101	57867.67475201411
4.5499999999999995e-05	-0.026597900611556622	-0.005865642875351226	0.017939296236041645	0.0003118501225878612	4.405054237828199e-05	0.03213929551218849	1491.8114820304693	0.03266710238271362	1443.8657119610161	86451.97777820335	58565.60774952617
4.6e-05	-0.026408642580044606	-0.005955227004133888	0.01823862364143272	0.00033164572561871733	4.671919641005896e-05	0.03437930013530949	1514.5954521366732	0.03498417212050229	1462.5247205040919	81573.6884486499	59460.06195656895
4.65e-05	-0.026036382059505703	-0.006043486298407368	0.01832068221291809	0.00035127871256075693	4.9427014549517325e-05	0.03663109042890893	1537.042476510826	0.037318856875063894	1480.738934560684	77037.53200304949	60341.28833166788
4.7e-05	-0.02548513861238354	-0.006131315359620723	0.018430978571093378	0.0003706821276126627	5.2174487279800574e-05	0.038883457067039315	1559.3800795252603	0.03965960480185302	1498.7459911518433	70432.37693802544	61218.21903770281
4.7499999999999996e-05	-0.024994782011403066	-0.006221779947854519	0.018330088780997074	0.0003897949101661953	5.4972672850962746e-05	0.04111449390992459	1582.387977263367	0.041983600079008455	1517.3288964090343	66543.7391599651	62121.464206614604
4.8e-05	-0.02452653186217572	-0.006359328744352321	0.01808285316986475	0.00040854146137538137	5.7817525503927576e-05	0.043307083644519746	1617.3708219941939	0.044272820573905886	1547.3272085218857	64337.0158697681	63494.822427238854
4.85e-05	-0.023975643371071526	-0.006431602925486422	0.0177025902585904	0.0004268038241500427	6.069429487796989e-05	0.04544387287323965	1635.7523456500717	0.04650883489793436	1561.4174240022462	62633.40196201688	64216.445177322224
4.9e-05	-0.023260264761913035	-0.006502831641770177	0.01717212837043169	0.0004444509082623796	6.359522074833915e-05	0.04750685132279728	1653.8679757797076	0.04867236499696414	1575.2979157468053	60787.09792023641	64927.629466414655
4.95e-05	-0.02241391995944069	-0.006540214559055169	0.016497918257966624	0.0004614432129049843	6.651106776165008e-05	0.04949861013401654	1663.3755892540803	0.05076565480750143	1581.0408094551524	59068.41627710127	65300.87981880928
4.9999999999999996e-05	-0.021478648907075477	-0.006569919587293024	0.016009746599441942	0.0004777229175360137	6.943812765421341e-05	0.051411472822889354	1670.9304818960256	0.05278016009091046	1585.0254848370907	54604.345026744515	65597.47016174975
5.05e-05	-0.02049762185971593	-0.006590629532986979	0.015210247938979448	0.0004932603588059048	7.236268721011127e-05	0.05322987228604501	1676.1976513154766	0.05469895262800952	1586.9738644097852	52791.87186253395	65804.2489551064
5.1e-05	-0.019683051461141656	-0.006558677656922515	0.014468004263138452	0.0005081728114808353	7.528139165385418e-05	0.054969504544553786	1668.0713168968427	0.05653808168584642	1576.378263062042	52069.724509989515	65485.22492309171
5.15e-05	-0.018973135214261323	-0.006564303972886251	0.013924681696725262	0.0005224915845097104	7.820038824001127e-05	0.05663097627116573	1669.502260262233	0.058297743387143684	1574.956717376665	50406.367167729855	65541.40096735647
5.2e-05	-0.018289433510602523	-0.006559991177907068	0.013192339578405033	0.000536219140562017	8.111826722137864e-05	0.05821167574039147	1668.4053852552963	0.05997473851051002	1571.2847119652922	50892.018187809204	65498.33979496284
5.2499999999999995e-05	-0.017633216029888266	-0.0065592790354842626	0.012606390818283218	0.0005494153947745565	8.402756850152496e-05	0.059721575436903936	1668.2242657657948	0.0615792512318452	1568.5952844321891	50190.41899148386	65491.22939723115
5.3e-05	-0.01705614099713685	-0.006521424403600126	0.012036810469970665	0.0005621931704067831	8.692285136528967e-05	0.06117545102862154	1658.5966809139961	0.06312666603806075	1557.1312808845078	50115.58819145383	65113.26920266402
5.35e-05	-0.016666040762777765	-0.0064962498990300335	0.011692016641877696	0.0005746054556445293	8.982765082740237e-05	0.06258241282355344	1652.1940383102483	0.06462643201340937	1548.7957489401024	49663.225633025264	64861.91394778883
5.4e-05	-0.016178519333499702	-0.006564212615872336	0.011271126404958452	0.0005867284708899488	9.275036777966235e-05	0.06395318198053929	1669.4790253934866	0.0660897845039054	1562.7105294698038	48997.94539716773	65540.48881174867
5.4499999999999997e-05	-0.015956137785902963	-0.006576809920980608	0.01110131352158589	0.0005987051597649663	9.568574530777122e-05	0.06530367380785823	1672.6829034342265	0.06753358726870169	1563.4505647243766	48473.072704729	65666.26681176508
5.4999999999999995e-05	-0.015851559605510233	-0.006621136674984934	0.010940178383892005	0.0006106383740743046	9.86430855688628e-05	0.06664422276774068	1683.956545895938	0.06896882474151314	1571.7305707200542	49037.76657498237	66108.84801607538
5.55e-05	-0.015922947277422706	-0.00667555802892617	0.010939035137010772	0.0006226760914252904	0.00010163152780688156	0.0679946232020422	1697.7975523128719	0.07041669521666578	1582.3564474700086	49761.95272645012	66652.21891946161
5.6e-05	-0.016160635946562307	-0.006760976346912578	0.011100965135261515	0.0006349349925352304	0.00010464612516934891	0.06937221162391846	1719.52202996277	0.07189587930810357	1600.2349838082027	50518.36642179236	67505.07952010236
5.65e-05	-0.016473688865454892	-0.006793155827634406	0.011382772593196715	0.0006474370167870769	0.00010767813107783718	0.07077859201881141	1727.7062511720653	0.07340823919804237	1605.4216352920075	50830.33724055343	67826.37607456147
5.6999999999999996e-05	-0.016783841874174008	-0.006839248071246927	0.011570881374184805	0.0006601758725941212	0.00011072976440077316	0.07220670581420395	1739.4289113671916	0.07494631434118885	1613.8304796793798	52048.889839352945	68286.58483889831
5.7499999999999995e-05	-0.0171838103326577	-0.006881403954227126	0.011737485270089455	0.0006731991466188712	0.00011380602075213973	0.07365755761734666	1750.150435265154	0.07651130450954186	1621.2386287405868	54378.922152107014	68707.49094576821
5.8e-05	-0.0176915246267932	-0.00694995731090869	0.011941990331405715	0.0006865855231533984	0.0001169037069793804	0.07513975012526923	1767.5856400334235	0.07811263410013572	1634.769696716298	57406.31972347092	69391.96306291623
5.85e-05	-0.018304865427029353	-0.006977756247803244	0.012248999576761878	0.0007003551474081337	0.00012001134085354175	0.07665687253467764	1774.6557556420303	0.07975436116195526	1638.616195588847	60464.89217079704	69669.52200549381
5.9e-05	-0.018844576360277036	-0.0069946835894052475	0.012512084222597643	0.0007144710637985453	0.00012311975385436924	0.0782045358178551	1778.9608937315381	0.08143191931735495	1639.8380827991464	63226.87188658461	69838.53332608941
5.9499999999999996e-05	-0.0193633923876267	-0.0069812593311486875	0.01274745977352088	0.0007289129621092545	0.00012623006835467862	0.07977625788890878	1775.5466963399724	0.08313844056003962	1633.9002251989548	66056.88798464702	69704.49859876467
5.9999999999999995e-05	-0.019917579882330567	-0.007003233047992381	0.012904749744522584	0.000743668348878886	0.00012934361225326547	0.08136995318132856	1781.135281220934	0.08487179826475702	1636.204386778374	70019.71783703679	69923.89553594861
6.05e-05	-0.020414261933377514	-0.006995779244037083	0.01310608658716016	0.0007586883064551756	0.0001324572426626717	0.0829868051289885	1779.2395520465502	0.0866334176568818	1631.5861460630745	72968.59692735632	69849.47290777901
6.1e-05	-0.020729192585709547	-0.007003622015054888	0.013282691483013278	0.0007739261289097534	0.00013557070497163974	0.08462966490260775	1781.2342073816824	0.08842655777951232	1630.4889532979087	74349.71271768914	69927.77918398078
6.149999999999999e-05	-0.020969342798828394	-0.006995023436450526	0.013530562525307715	0.0007893271039631081	0.00013869798099410926	0.08628954518350453	1779.0473271771216	0.09024154675726835	1625.5341424550784	74272.62397181631	69841.92653450178
6.2e-05	-0.021184960715888757	-0.007065730773242487	0.01356048462903191	0.0008048092918615205	0.00014184557790758193	0.08794824734567504	1797.030354635766	0.0920585441863212	1638.9846845185734	76126.70687384164	70547.90510148428
6.25e-05	-0.02135371746155457	-0.00708638954921626	0.013511334349436787	0.0008203069689027462	0.00014500624420285977	0.08959862687065664	1802.284510038216	0.09386970734083969	1640.8022927085376	78302.40315104363	70754.1729899283
6.3e-05	-0.021390436952485388	-0.0071244928920688394	0.013424650160047655	0.0008357407687248701	0.00014818512108769362	0.0912335417493021	1811.9753496578746	0.09566713943106475	1646.6624209461568	79534.52922657348	71134.61644324989
6.35e-05	-0.02131891464561727	-0.007168267394958248	0.013258934542089406	0.0008510014226764407	0.0001513870372642543	0.09283838646587685	1823.1085378553719	0.09743466002763684	1653.8540828487153	80475.00389016324	71571.68368722152
6.4e-05	-0.021102721931952367	-0.007228081387554691	0.01293387248892816	0.000865979327144499	0.00015461496315598178	0.09440152539967236	1838.321056387046	0.09915925594240263	1664.7807444897717	81562.01160072233	72168.8974799427
6.45e-05	-0.020728309468563324	-0.007285211409300761	0.012578250916357949	0.0008806443582179883	0.00015786134517333235	0.09592612788133413	1852.8509594548887	0.10084420498318143	1675.1141413731664	81374.39364232523	72739.31312157035
6.5e-05	-0.020324947715277698	-0.00731106320437705	0.012304915778054665	0.0008950260826812396	0.0001611229857650132	0.09742198420923748	1859.4258576451568	0.10250014842168845	1678.2769011034027	80076.14076674447	72997.4307946427
6.549999999999999e-05	-0.019923684150078686	-0.007353816502585355	0.012109082497443873	0.0009091588389982062	0.00016440185335000988	0.09889439347620146	1870.2993224157176	0.1041328178941172	1685.3372053064647	78025.01871196942	73424.30180368213
6.599999999999999e-05	-0.019588226909482448	-0.007388518637490638	0.011922234303463173	0.0009230634422953286	0.0001676977951627147	0.10034963921155404	1879.1251313513787	0.1057490791516818	1690.5556023869037	76541.22924215863	73770.78584032104
6.65e-05	-0.0191779976056851	-0.00743058507606525	0.011828955039113291	0.0009367212609662268	0.00017100055358210372	0.1017896155232398	1889.823906815096	0.10735095696496016	1697.4594579337604	73376.63636104745	74190.79888805245
6.7e-05	-0.01872785566077519	-0.007419167237244459	0.011673020741896393	0.0009501543804660688	0.00017429439323439605	0.10321656633916923	1886.9200029438925	0.10894088011912868	1692.1585992833288	70439.11526440753	74076.79728857974
6.75e-05	-0.01838030290616114	-0.0073904848127372795	0.01161636481570735	0.0009633562122869207	0.00017759142036990927	0.1046324504593094	1879.6251895497649	0.11052097513120998	1682.9554000221292	67534.65109719553	73790.41714940492
6.8e-05	-0.017868568190734898	-0.007433498693052813	0.011492400259250616	0.0009763422140375256	0.00018089238681088537	0.10603616814951672	1890.564928280032	0.11208996117009457	1690.0966676473515	63662.95356807857	74219.88994477924
6.85e-05	-0.0176084642757325	-0.007408196586649219	0.011417795478626749	0.0009892059840117626	0.00018418817485495612	0.10743173807506161	1884.1298326469423	0.1136522843035802	1681.7144899666064	61810.83441034019	73967.26064729906
6.9e-05	-0.017451974111837576	-0.007410215757500248	0.011359419899635074	0.0010019983008717995	0.0001874879502170342	0.1088222498840182	1884.6433692402463	0.11521137632815974	1679.5522375705261	60831.20772387797	73987.42109186645
6.95e-05	-0.01736975311621385	-0.00742612423296321	0.011335241527849331	0.0010147684509374368	0.0001907975537278172	0.110220489303802	1888.6893786652274	0.11678158773955936	1680.5171112058522	60251.6801916558	74146.25952674149
7e-05	-0.017226185516593502	-0.007454404752102279	0.011485542892792876	0.001027593262646008	0.00019411383649185654	0.11164578786177086	1895.8819752937636	0.1183847279814026	1684.2147384691611	57317.540682288265	74428.62683515908
7.049999999999999e-05	-0.017173886478774072	-0.0074561552688127055	0.011776876022194429	0.001040564711666144	0.00019743086350506873	0.11310904614375451	1896.327184963632	0.12003324238537581	1681.8354258959243	53886.53965763438	74446.10489804161
7.099999999999999e-05	-0.017265947426718737	-0.007457751020424934	0.012105086775014855	0.0010537619417877839	0.00020075687817429455	0.11461089721908585	1896.733033159333	0.12172806643894854	1679.3467584438638	51528.69804736541	74462.03770625604
7.15e-05	-0.017559159680702898	-0.007496565268192267	0.012406752282808593	0.0010672207140511132	0.00020410476410236781	0.11614664794926806	1906.604677532537	0.12346412145131071	1685.1589352727376	51444.29639568981	74849.57920138986
7.2e-05	-0.017888605337820676	-0.007556087845413104	0.012658365923307399	0.001080954240144849	0.00020747332142258593	0.11771618312427436	1921.7430802660606	0.12524148689699016	1695.5228199116539	52221.41144557057	75443.88335250095
7.25e-05	-0.018243099898863704	-0.007589507292507633	0.012958151078460236	0.0010949698824867082	0.00021086070851499705	0.11932188423169009	1930.2426626576569	0.12706308215856443	1699.9224711249508	52767.65840837816	75777.56037159957
7.3e-05	-0.018566779751799246	-0.007640749639488184	0.013248633180265992	0.0011092387442440221	0.00021426302175206615	0.12095816900318476	1943.275150863342	0.1289227931268886	1708.2201467455245	53099.12190047101	76289.19042770802
7.35e-05	-0.018882458012940077	-0.007656617726580662	0.013457309659504178	0.0011237095479592898	0.0002176720267132964	0.12260847279401067	1947.3108882966408	0.13080194700283923	1708.5540742274413	54167.48295152381	76447.62560423378
7.4e-05	-0.019245938845631173	-0.007670836746604151	0.013477438786387703	0.0011383555734769421	0.00022108772023120553	0.12425816173745757	1950.9272177911282	0.13268393665959696	1708.50858802483	57595.683704583265	76589.59564349029
7.45e-05	-0.01968031941642973	-0.007686690592168332	0.013447274683169409	0.001153165676515879	0.00022451153149965548	0.12590319302937536	1954.9593331703938	0.13456414633609903	1708.823710881663	62233.937641748365	76747.88862524259
7.5e-05	-0.02005967665408696	-0.007707335505994076	0.013401420859880615	0.0011681368764532394	0.00022793664183640594	0.1275441378113514	1960.2099630067578	0.1364432139345581	1710.1966733458398	66479.464472366	76954.01810684163
7.549999999999999e-05	-0.02047133419733763	-0.007692531419758865	0.01338057840705679	0.0011832378928738718	0.0002313690180668591	0.12917793839873082	1956.444833370335	0.13831761507671705	1703.7153232047067	70797.76779564048	76806.20646437275
7.599999999999999e-05	-0.02075995420622685	-0.007740004175063697	0.01328481985261284	0.0011983898863764182	0.00023481365247069163	0.1307929513644029	1968.5185996995083	0.14017392129588474	1711.050242229088	74635.60188235153	77280.19897040399
7.65e-05	-0.021007170024635473	-0.007747646210300894	0.013073944036222392	0.001213527276873139	0.0002382630956572549	0.1323833722918159	1970.4622018169916	0.14200533503535412	1709.6057705669014	79209.42534332644	77356.50099690318
7.7e-05	-0.021095665404951305	-0.007761625263685363	0.012883451105864203	0.0012285806010478317	0.00024171536462424246	0.1339482692901301	1974.0175004926919	0.14381063697298316	1709.601272753267	81994.988719218	77496.07508530613
7.75e-05	-0.02104577204609793	-0.007760351390051888	0.012657365819866791	0.001243469336841173	0.00024517594853842666	0.1354817003161243	1973.6935156621353	0.14558280614312366	1706.29416225732	83754.17991326639	77483.35607306383
7.8e-05	-0.020869207419841728	-0.00779901065210608	0.012369892297021887	0.0012581310775309665	0.00024865768217943246	0.13697755241872328	1983.5257424520792	0.1473145771347015	1711.8272410914624	84861.55161515473	77869.35011079605
7.85e-05	-0.020638493030971	-0.007855444086796259	0.012044037016924773	0.001272527461899496	0.00025215244047398016	0.13842972838809267	1997.8784822335958	0.14899865743542498	1721.3127065855845	85811.48740819794	78432.81066750878
7.9e-05	-0.020388963056296998	-0.007857571665206045	0.011657050414110392	0.00128667216350853	0.00025565436915941974	0.1398411041757139	1998.4195901680691	0.15063814421470903	1718.9583880725886	87183.92537234176	78454.05350912934
7.95e-05	-0.02017278863148075	-0.007887683359311325	0.011378133782597872	0.0013005925565370692	0.0002591720973927712	0.14121732706131085	2006.0779103154507	0.15223938907917353	1722.7849499439626	87810.37596689716	78754.70421411077
7.999999999999999e-05	-0.019954167795563343	-0.007928609065875822	0.011083316912175123	0.0013142896963667806	0.0002627142847077129	0.14256618062404522	2016.4865629150977	0.15381128149077633	1729.0037753605836	88571.15652646063	79163.32760432782
8.049999999999999e-05	-0.019615702085517085	-0.007997655466654532	0.01093143673776563	0.001327768242064226	0.00026627272691531013	0.14389992310217664	2034.0471638012177	0.15536799741028878	1741.3479333440218	86708.19017749354	79852.7225283719
8.099999999999999e-05	-0.01921796144078752	-0.008001693772403841	0.010836687615928027	0.0013411034147170647	0.0002698343885585015	0.145238626803291	2035.0742278439477	0.15693294467618707	1739.502841549125	83682.96633447877	79893.04305853587
8.15e-05	-0.018890100439447523	-0.008012130585658084	0.011012409279773391	0.0013543360841699183	0.00027341540875759456	0.14660001956916427	2037.7286270597463	0.1585269311590606	1738.9975704561414	78654.93693251135	79997.2495921064
8.2e-05	-0.018386779815288624	-0.008088733066164127	0.011206997770429484	0.0013674807042654748	0.0002770122363912912	0.14798384403279227	2057.2109689614576	0.16014978992977946	1752.7769817881158	71686.65189851556	80762.08831844789
8.25e-05	-0.018128106208397644	-0.008083203446208246	0.011378518925522626	0.0013806572011850068	0.00028061104539089314	0.1493955193787005	2055.8046183334454	0.1618080285756082	1748.6766196363894	67391.36522292605	80706.87773706373
8.3e-05	-0.018075546711664975	-0.008097641617502076	0.011661554387450118	0.0013940078614308286	0.000284215482212124	0.1508439785826435	2059.476684665027	0.16351233874496934	1748.8170277519619	64040.6118393197	80851.0358957829
8.35e-05	-0.01831082107700524	-0.008108507070222246	0.01197887139913607	0.0014076319988888834	0.00028783230086937414	0.1523379349373794	2062.2400999410443	0.16527323079659292	1748.0827017709705	63221.455687688685	80959.52218714997
8.4e-05	-0.018562582972050767	-0.008153312415883901	0.012404117252798927	0.001421523208528488	0.00029146289849449125	0.1538832902797567	2073.6354628253553	0.16709797413873484	1754.5376149650035	61489.30224992776	81406.88189773331
8.45e-05	-0.018672734871073467	-0.008170459606246919	0.01281775864534515	0.0014356162405500812	0.00029509963433236414	0.1554744613297699	2077.9965151450606	0.1689803020189735	1754.9211263077434	58459.10641095299	81578.08830189866
8.499999999999999e-05	-0.0187222479798755	-0.008180910843469358	0.013151879311459499	0.0014498855502375588	0.0002987411924492596	0.15709713998788905	2080.654582814911	0.17090355892227774	1753.789698551994	55617.43757459283	81682.43885181686
8.549999999999999e-05	-0.018951070286456453	-0.0081921413764455	0.013331996995389533	0.0014643528891415702	0.0003023931248091528	0.1587413464583718	2083.510849109869	0.17285611154816702	1752.7715315615428	56103.72968039911	81794.5702930034
8.599999999999999e-05	-0.019261263086830464	-0.008227555169027742	0.01350323656690957	0.0014790543425886268	0.00030606053722575545	0.1604082560262036	2092.517654249412	0.1748395243691462	1756.8605466272213	57491.11047897949	82148.15988742115
8.65e-05	-0.019633149109479775	-0.008261742291420194	0.013702536176986116	0.0014940073635479338	0.00030974544985454033	0.1621007294959934	2101.2124798305867	0.1768573879874469	1760.6044040239633	59214.30235349831	82489.5017731563
8.7e-05	-0.01997512193303977	-0.008306239039701433	0.013920467183698541	0.001509206478545569	0.00031344710806360327	0.16381488296518235	2112.5293570100553	0.17890525855002146	1766.4656076309411	60452.79991368233	82933.78028812
8.75e-05	-0.020385787808483533	-0.008337033211280338	0.014056377289979069	0.0015246122789260108	0.0003171591502219931	0.16553416471256552	2120.3612519476196	0.18096347705693044	1769.3690232175807	63196.10340925526	83241.24520066017
8.8e-05	-0.02082071479739076	-0.008352927006533437	0.014004166248010461	0.0015401390767562676	0.00032087887225858673	0.16724312892726195	2124.403527748496	0.18301355087935814	1769.1116346637239	68059.94108952701	83399.93706073843
8.85e-05	-0.021098205837063243	-0.008371563223664369	0.013887983962008361	0.0015556583157089138	0.0003246048847811217	0.1689346595165541	2129.143284888223	0.18504685847715743	1769.4571889936738	71990.5788836884	83586.01067715508
8.9e-05	-0.021071264505922595	-0.008381210079740195	0.013719630565928632	0.0015710504389703623	0.0003283325825811328	0.17060531725622577	2131.596773954169	0.18705914215764272	1767.9350300713706	73402.50997159608	83682.32987028686
8.95e-05	-0.02086734005633774	-0.008379140512076113	0.013547316409160596	0.001586208860049743	0.0003320718341810893	0.17224518475213735	2131.070419917667	0.18903828529853628	1764.0038017191337	73086.89648313489	83661.66623791076
8.999999999999999e-05	-0.020523030730561227	-0.008433157889928409	0.013217100380349383	0.0016010631186017862	0.00033582730132755863	0.1738359768567255	2144.8086829216877	0.19096194994062254	1771.9637703552094	72946.18172782032	84201.00363539357
9.049999999999999e-05	-0.020300738272871988	-0.008452048311788864	0.012746352775962845	0.001615637845663538	0.0003395869386030008	0.175372551238146	2149.6130920599	0.19282357189753088	1772.6299599304357	75426.88622586799	84389.61536311255
9.099999999999999e-05	-0.020151102629954214	-0.008451907484811732	0.012332208312023698	0.0016299787764758728	0.0003433425636057491	0.17686249149295385	2149.577275474074	0.19463201023614182	1769.3976828770938	78067.8788992073	84388.20927384346
9.15e-05	-0.020010670913796304	-0.008434008465044872	0.011985233231616493	0.0016440864562429366	0.0003470944991070901	0.17830924348639107	2145.025010057866	0.19639116333108775	1762.5472232550594	80130.11451616297	84209.49621663161
9.2e-05	-0.019807246340076076	-0.008435318871567886	0.011627329027191631	0.0016579368009864194	0.0003508504705759511	0.17971866071260606	2145.358286313973	0.19810790087610525	1759.7973683489345	81672.51892935316	84222.5799921103
9.25e-05	-0.019462993667894227	-0.008452154847675948	0.01137588932232745	0.0016715154773398497	0.0003546050345216067	0.1810989134581151	2149.640187378005	0.19979197587590042	1760.3426851179493	80745.82633085933	84390.67907242912
9.3e-05	-0.019061775948917115	-0.008428990412649322	0.011151333058609032	0.0016848707452240476	0.0003583595398721311	0.18246710507470734	2143.748766628084	0.20146413857954792	1752.5851351739832	78981.9471256287	84159.3933899663
9.35e-05	-0.01865536266572878	-0.008451891394200118	0.011179038612080262	0.0016980883817231732	0.0003621207633478764	0.18383899445829657	2149.573183141884	0.2031436327683567	1754.3978106385603	74647.48046191073	84388.0486168672
9.4e-05	-0.018382610733598537	-0.008459196223330235	0.011211684628077362	0.0017112433089209564	0.00036589287794877134	0.1852209323711131	2151.4310234847335	0.2048382851547638	1752.940963382753	71598.22962655962	84460.98380344486
9.449999999999999e-05	-0.018209408295700325	-0.008500859708060318	0.011343041511723518	0.0017244084248043713	0.00036967239118398693	0.18661881665502716	2162.0273155233995	0.2065554191120083	1758.5523363245777	68557.35207211743	84876.973551889
9.499999999999999e-05	-0.01816815868418852	-0.008492461716341462	0.011471946706202078	0.00173770394081314	0.0003734527637549873	0.18803961914746928	2159.8914506679316	0.20830373206436362	1753.7462848844589	66858.43861350836	84793.12366546698
9.549999999999999e-05	-0.018421658963211133	-0.008504723424971302	0.011717091541157621	0.001751198619779338	0.00037724915747958224	0.18948932663264254	2163.0099763115873	0.21009076902530813	1753.1426724006167	66941.86368220144	84915.55089692559
9.6e-05	-0.018591867691325502	-0.008564495493094685	0.011943707549490618	0.001764866707407759	0.000381054004212831	0.190957672987407	2178.211832173947	0.21190404312839994	1762.265569428374	66378.66426524	85512.34609405603
9.65e-05	-0.01889712663510957	-0.008542729560714129	0.012021298116060628	0.001778691121339586	0.0003848559372654958	0.19243706597065596	2172.676093205102	0.2137342900438016	1754.5726805241245	68651.82292154351	85295.0237842613
9.7e-05	-0.0191144438433628	-0.00855139509957577	0.012124000511949333	0.0017926788339048799	0.0003886601969940261	0.19393195548761982	2174.8800034407727	0.21558711756694932	1753.1012714225824	69796.1964004394	85381.54499953025
9.75e-05	-0.019378424263650246	-0.00855319068318446	0.01227421836002693	0.0018068598586669041	0.00039246407847058997	0.19544855824799195	2175.3366749943125	0.2174703720805621	1750.1702581626935	70932.06067349574	85399.47303359964
9.8e-05	-0.019629224007270137	-0.008549694415692905	0.012478384203241115	0.001821245391090532	0.0003962698962016119	0.19698933359879622	2174.447467775429	0.21938728193405224	1746.104510152757	71397.67761899169	85364.56449333404
9.85e-05	-0.019903401891716646	-0.008561896405936796	0.01266874126314028	0.0018357976217100748	0.00040008135415501596	0.19854996035050135	2177.5508052162327	0.22133264243804326	1745.1981791793476	72234.58802011932	85486.39546558607
9.9e-05	-0.02005473047766565	-0.008575053795560166	0.012802380604712891	0.001850460221320049	0.00040389397570981725	0.2001183512893799	2180.897129793232	0.22329150137000445	1744.4595918472696	72411.20657149528	85617.76563865406
9.949999999999999e-05	-0.020272919308713486	-0.00856712815175225	0.012795461221954107	0.0018651767656408327	0.00040770403575911485	0.20167705079668538	2178.881397385653	0.2252420651508101	1739.4510231251538	74658.80323415532	85538.6319177166
9.999999999999999e-05	-0.02045544956672581	-0.008563536839897965	0.012644205926236711	0.0018798979666832573	0.0004115140658920901	0.20321485425817082	2177.968017493009	0.22717021527780284	1735.3725642392099	77991.49058447794	85502.77440544832
0.00010049999999999999	-0.02063490284532384	-0.008566993642981004	0.012454415081961512	0.0018945921081750146	0.00041533188790916716	0.20473116086047383	2178.8471877118554	0.2290750590521806	1732.7692736340287	81678.21460153065	85537.2889126781
0.000101	-0.020684637382949178	-0.008598570449466561	0.012293353860286528	0.0019091938795655328	0.0004191550017095491	0.2062236117109689	2186.878130522738	0.23095348423929826	1735.8922240746074	83782.90832680403	85852.56805631418
0.0001015	-0.020608943228133933	-0.00859078638268425	0.012065063328965916	0.0019236096504448561	0.0004229785961399599	0.20767857639374848	2184.898405461136	0.23278813161095088	1731.141815049996	85306.50935747148	85774.84791351711
0.000102	-0.02046016301414004	-0.00860073144218117	0.011681538930677988	0.0019377496621269365	0.00042681438654417576	0.20908447853946177	2187.4277367317673	0.2345641165885958	1730.0705490544506	87650.31652592677	85874.14452361075
0.0001025	-0.020169837755238257	-0.008645621513574028	0.011264309491191265	0.0019515602472059011	0.0004306674117765562	0.21044492803374928	2198.8446479478325	0.23628569222050763	1736.1089442530563	88917.39340391818	86322.35017965062
0.000103	-0.019720842689493007	-0.008678222102080588	0.010939702343282506	0.001965090067209231	0.0004345184639088026	0.21177453103021823	2207.1359696816203	0.23797110191686505	1739.720784782369	87675.44019271864	86647.85129171151
0.0001035	-0.019410919493853398	-0.008636750126521408	0.01076086117834185	0.0019784238548984485	0.0004383635827954737	0.21308568702242114	2196.5883842529784	0.239635914538657	1728.5268392889625	86366.64950155903	86233.77366973364
0.000104	-0.019140523857813414	-0.008651545241099748	0.010638627218661368	0.001991611380784986	0.0004422176461167382	0.21438273161932886	2200.35123212404	0.24128554104717037	1728.6339244593323	84887.32680742671	86381.49573454694
0.00010449999999999999	-0.01898361533411905	-0.008676965795192244	0.010530547896260178	0.002004730380178592	0.0004460836456463797	0.2156739358022869	2206.8164526089286	0.24293044688204954	1730.86366268152	84399.79084411808	86635.30767492486
0.00010499999999999999	-0.01892773921701842	-0.008705212423330977	0.010543305326153237	0.002017872320493694	0.00044995507579034246	0.21697309816755284	2214.0004297247333	0.24458822619654538	1733.6218971430646	83714.51806547992	86917.33659809224
0.00010549999999999999	-0.018956875370760004	-0.008701382742282975	0.010660434066153383	0.0020310690316387168	0.00045382977820908414	0.2182848915780008	2213.0264252922557	0.2462649162951948	1729.956191988085	82835.95464094196	86879.09908468931
0.000106	-0.01896784563475701	-0.008719925116115565	0.01074945768820693	0.002044303567473358	0.00045772063926917655	0.2196085397163035	2217.7423152254464	0.2479596130356255	1730.707163911732	82056.62960383784	87064.23572115041
0.0001065	-0.018933459458432424	-0.008774034686903284	0.010853916087123374	0.0020575597067023403	0.00046161992486740946	0.22094389198286754	2231.504025698491	0.24967221000918088	1738.4668412852295	80670.3336590427	87604.49362051307
0.000107	-0.018873954024076208	-0.008757803243685086	0.0109404817604111	0.002070860821323023	0.00046551873393476913	0.22229875848529013	2227.375875745041	0.251412836889676	1732.2329838868325	79211.88428263029	87442.43050877463
0.0001075	-0.018817182813257675	-0.008771892124675268	0.011172409589280763	0.002084250882132588	0.0004694247505197599	0.2236798472315193	2230.959106923065	0.2531902758810757	1731.9385147067471	76329.36397320361	87583.10117271297
0.000108	-0.018845895443598604	-0.008790209444207404	0.011368457230469047	0.0020978045113658945	0.00047334386456910623	0.2250847322137531	2235.617758698967	0.2550015874946704	1732.414334149899	74658.60480557154	87765.99075081016
0.0001085	-0.01916423331729042	-0.008830780507328504	0.01156078997979242	0.002111591037773798	0.00047727208497768325	0.22650948014061995	2245.936214678716	0.25684186520523544	1737.2103702628483	75916.70504198434	88171.0731977345
0.00010899999999999999	-0.01956885514907744	-0.008831153153035183	0.0116926420381753	0.002125665731033862	0.0004811979292087645	0.22795541858771845	2246.0309898219984	0.25871298268133924	1734.0360553761373	78640.17933024086	88174.79388492102
0.00010949999999999999	-0.02011402723051855	-0.008820096817278003	0.011906642261687552	0.002140008542040028	0.00048513087814885025	0.2294266343283545	2243.2190271808604	0.2606204104919325	1728.56483571343	81946.77019185749	88064.40171873185
0.00010999999999999999	-0.02036180436544646	-0.008863097108837465	0.0121051948945713	0.0021544878304592843	0.0004890663394480608	0.23091030854813607	2254.155309876936	0.2625476824001086	1733.6476117578334	82438.25304201509	88493.73883694771
0.00011049999999999999	-0.020524316528903307	-0.008831392802630044	0.012109978158792565	0.0021689748154036063	0.0004929929812646229	0.23238818660009214	2246.091940006808	0.2644711249202383	1724.1267071315428	84013.09983028681	88177.18667024195
0.000111	-0.020491008972648415	-0.008823443244935005	0.012010595146816296	0.0021833693827915204	0.0004969219946815498	0.2338496630708011	2244.0701255700037	0.2663768661888142	1719.2950827982079	84672.8313045487	88097.81418070523
0.0001115	-0.02037648339403761	-0.008842055913137756	0.011842286557124559	0.0021976311595539606	0.0005008542636121502	0.2352906959315779	2248.8038935006707	0.26825951205367665	1719.6812603852559	85209.82866314866	88283.65267246119
0.000112	-0.02022762208415587	-0.008838080576997075	0.011676933251406792	0.002211759917629929	0.0005047854066000083	0.23670913527110787	2247.792844545659	0.2701161083760281	1715.7197440446723	85374.4932667846	88243.96086339011
0.0001125	-0.02014715999059816	-0.008836993486910963	0.011473535776406129	0.0022257271208510725	0.0005087235546472695	0.23810034659394413	2247.5163644552536	0.27194042041067146	1712.3819391028962	86601.94360447588	88233.1067945481
0.000113	-0.01994563530589338	-0.00886957649158304	0.011232542476567173	0.002239505249390987	0.000512673542524755	0.23945831373843607	2255.8032140848345	0.273724354502902	1715.6323803143357	86996.018641345	88558.43234052445
0.0001135	-0.019839629771859105	-0.008890227336904548	0.010930954715893055	0.00225311850384172	0.0005166300873525455	0.24078035371408313	2261.055352481074	0.2754641544054367	1716.63764494356	88948.81259958306	88764.62104524049
0.00011399999999999999	-0.019790704298445913	-0.008899057632979632	0.010646172100040506	0.002266611725085962	0.0005205940955669168	0.24207580344863305	2263.301165489891	0.27717190289020155	1715.4107174076983	91303.73211694295	88852.78728161652
0.00011449999999999999	-0.019733922055056273	-0.008923783966869398	0.010496973130776093	0.0022799917450401566	0.0005245673851537709	0.24336180304566055	2269.5898246512384	0.2788700830531194	1717.2583527500283	92226.468436234	89099.6677689638
0.00011499999999999999	-0.019435968929276674	-0.008940788230558171	0.010491935602275237	0.0022932098057993817	0.0005285478271834834	0.24464867475147556	2273.9145263682462	0.2805723065112197	1717.6043509941255	89301.84783820316	89269.44711939972
0.00011549999999999999	-0.01899149275962428	-0.008955942542033638	0.010511206892426564	0.0023062386699288034	0.0005325361157355735	0.24593570913356239	2277.7687289410574	0.28227764820804296	1717.5840613466855	84671.55369945923	89420.75559153939
0.000116	-0.018582654295648208	-0.008976067502922014	0.010494590655534378	0.0023191570145864367	0.0005365390247948217	0.24722371672786597	2282.8871189226315	0.28398719589357585	1718.503280512409	80755.40442303999	89621.69359448465
0.0001165	-0.01847869491524068	-0.00902167877896806	0.010527090771740234	0.0023320537599791896	0.0005405546527375331	0.24851429956094775	2294.4874544291606	0.28570309799535626	1724.2745118403159	79392.92233502524	90077.1001302445
0.000117	-0.01844350970987327	-0.009033253722786232	0.0105366213465283	0.002345003956984087	0.0005445708022733723	0.24980990838315256	2297.431314882099	0.28742864907706717	1723.510208594816	78946.45689271126	90192.67034714714
0.0001175	-0.01863699267635874	-0.009024023948602675	0.010609120367426403	0.002358096832151467	0.0005485884818433082	0.2511170847478078	2295.0839024336797	0.28917262911002967	1718.7491236029118	80154.42308701105	90100.51551502764
0.000118	-0.0188962196645138	-0.0090401330110912	0.010725416190102754	0.0023713416309568067	0.0005526132729592729	0.2524354351127977	2299.180927243375	0.29093460301631213	1718.786189471648	81581.5216592383	90261.35671435809
0.0001185	-0.019137694863978646	-0.009055998644805536	0.01079149217667862	0.002384730490473423	0.0005566432226506209	0.25376729051087427	2303.2160407079537	0.29271778440756885	1718.7351465963127	83332.79798477092	90419.76739508945
0.00011899999999999999	-0.019323523839598487	-0.009063326825777382	0.010945832983038153	0.0023982675250726142	0.0005606804060144771	0.2551192382862535	2305.0798201347807	0.2945311248031125	1717.0096122329812	83647.19212857386	90492.93573851489
0.00011949999999999999	-0.01947598533327383	-0.009088522442013887	0.011119421574487113	0.002411928000295981	0.0005647281996256475	0.2564891069555112	2311.4878320777516	0.29637186215429795	1718.6163822895985	83436.24827341775	90744.50178317055
0.00011999999999999999	-0.019586045027062307	-0.00911103226607721	0.011238321415305046	0.002425665367393341	0.0005687857423253022	0.2578719116529127	2317.2127653390767	0.29823342490817645	1719.6686798345568	83347.98368002579	90969.25149170519
0.00012049999999999999	-0.019610573999163397	-0.009132355968686667	0.011330551589384227	0.002439412348658682	0.000572845568527331	0.25925881232651155	2322.636031819528	0.30010398909131075	1720.4721727432354	82672.0199155283	91182.15835107792
0.000121	-0.019562421152988813	-0.009121299273334726	0.011305172190979656	0.0024531470439245117	0.0005769056799726701	0.26064813994415803	2319.823977722499	0.3019813413670063	1715.1661729312716	82444.63805175894	91071.76259450892
0.0001215	-0.019515723737603376	-0.009133638470151174	0.011370161949476298	0.0024668261948504536	0.0005809655060290519	0.2620361802715603	2322.9622109700713	0.30386048034162905	1714.2620662922955	81329.49562743615	91194.96350804104
0.000122	-0.019333694516959397	-0.009120016117017246	0.011284162217483934	0.002480375921150298	0.0005850246421767662	0.26340706923671886	2319.4976320229166	0.3057198721346818	1708.5255586702508	80370.68761878776	91058.95089915553
0.0001225	-0.019213737888942657	-0.00913053652579723	0.011090233108431607	0.0024937235305113113	0.0005890942592351313	0.26474521805717816	2322.1732921248276	0.30753819773671476	1707.389017534685	81109.26707216608	91163.99209362756
0.00012299999999999998	-0.018959297758368972	-0.00916714003812255	0.010749807532934736	0.0025068580180323107	0.000593167234696455	0.26605006162424016	2331.48267919969	0.3093144565413483	1711.191568722764	81967.79016103352	91529.460464385
0.0001235	-0.01879908444757467	-0.009145636465231836	0.010546655236787262	0.002519827107579653	0.0005972423730118801	0.26733277246152953	2326.0136662330383	0.3110636671658578	1704.1939840555533	82396.51516642448	91314.7576872311
0.000124	-0.018576871066378797	-0.00917686459063812	0.01038857736903338	0.0025325705995020444	0.0006013212011494679	0.268588248068684	2333.955928834662	0.3127787056746992	1707.082794839442	81756.15307775351	91626.55541889711
0.0001245	-0.018229268432219257	-0.009162226520646894	0.010102146730761773	0.0025450453105800076	0.0006053987900867169	0.26981243733613286	2330.2330221811662	0.31445384268590215	1701.507170905323	81145.38027883606	91480.40136834646
0.000125	-0.017879014602694764	-0.009171292939380607	0.009877950359358739	0.002557270480486556	0.0006094814880965804	0.2710124281068999	2332.5388883675796	0.3160985952764135	1700.3918605773126	79886.75751520565	91570.9251752906
0.0001255	-0.017502235456561308	-0.009185197762634682	0.009707201009546262	0.002569269430658775	0.0006135653707821582	0.2721986400632049	2336.0753080622053	0.3177271252474348	1700.1987861224407	77829.64962567585	91709.75811173592
0.000126	-0.017086778175894855	-0.009176619438836709	0.009653065157323054	0.002581088086093683	0.0006176336024514375	0.2733806111262844	2333.8935792712878	0.31935247516664284	1695.8523262663919	74222.02988144815	91624.1076967044
0.00012649999999999998	-0.01676081624729697	-0.009114828184855492	0.009637985030739378	0.002592760179822286	0.0006217054529161522	0.2745537768345245	2318.178182998937	0.32096833322949386	1681.713607481183	71118.02541678156	91007.15190517089
0.000127	-0.01657152526218455	-0.009192890146245473	0.009509352212531722	0.0026043149356823185	0.0006257964708461544	0.2757065068228819	2338.031715303257	0.32255859142314497	1693.4211582358853	70512.3829517965	91786.56284239923
0.00012749999999999998	-0.016566778755135413	-0.009201008303366455	0.009304451909499347	0.002615803643148133	0.0006298637856583464	0.2768323475998657	2340.096409704769	0.32411419933353425	1692.2820269961805	72510.82181932322	91867.61871567689
0.000128	-0.016713421778126375	-0.009086316978050554	0.00907049110811845	0.0026272810725884587	0.0006339243483922594	0.2779369824094824	2310.926915476857	0.325642861916835	1668.6348620203664	76310.96696279944	90722.48129195978
0.0001285	-0.016862175268770655	-0.009170649834077662	0.008958347513594304	0.0026387398605097426	0.0006380016974615173	0.2790342956995549	2332.375327118544	0.3271637096795041	1681.5626204090024	78915.89820011992	91564.50407981746
0.000129	-0.016749101544407737	-0.009161791139484558	0.008950995965309023	0.0026501080053009498	0.0006420687612772365	0.2801315169893756	2330.1222915023923	0.32868674614210364	1677.381599213067	77860.31339447004	91476.05429797126
0.0001295	-0.016456130192683414	-0.009124405619957882	0.008956845969663892	0.002661338403030097	0.0006461280672294643	0.2812244600008504	2320.6140161987705	0.3302061535900311	1668.0005926228664	74876.72665057583	91102.77796345176
0.00013	-0.016199593940082732	-0.009126910492250933	0.008881169820772337	0.0026724463028556028	0.0006501946248277599	0.2823064922306997	2321.2510814492807	0.3317126704706808	1665.946831058616	73070.92597084506	91127.78790205438
0.0001305	-0.01608343499591718	-0.009157010229285393	0.008778770175337363	0.002683430144730345	0.0006542684807996638	0.28337675344754587	2328.906360549684	0.3332050345698345	1668.9484370137748	72933.54602639771	91428.31922146556
0.00013099999999999999	-0.015833924420888025	-0.009159725196390385	0.008689054117012705	0.002694243376612981	0.0006583391923071667	0.28443842968451016	2329.5968593043194	0.33468763153487996	1666.969986845832	71338.07504653854	91455.42685517303
0.0001315	-0.015456460222782223	-0.009142872193260198	0.008638653988961352	0.002704841798349644	0.000662401648148681	0.2854898399384313	2325.310627750407	0.33615806189306563	1661.45806882681	68072.49846050653	91287.15776827179
0.00013199999999999998	-0.015035654184760168	-0.009122606346161832	0.008521502135157216	0.0027151580569124423	0.0006664570878461871	0.2865162659425508	2320.156406118289	0.3375956397218181	1655.3938562345882	65040.65826458527	91084.81308464601
0.0001325	-0.014595577630562417	-0.009111326440441393	0.008230883924286841	0.0027251301067028593	0.0006705017172744	0.2875013521391587	2317.287582831981	0.3389772645803023	1651.0642694725038	63548.38897778846	90972.18868048207
0.000133	-0.01416274468828573	-0.009074001573708043	0.007846791622876392	0.0027347266039117147	0.000674534337727406	0.28843736239979195	2307.794733379442	0.34029182934655394	1642.1405075233445	63061.73724751898	90599.51793477497
0.0001335	-0.013708003154262481	-0.009057332086416304	0.007429911401792067	0.0027438842235922357	0.0006785597260281312	0.2893198817966843	2303.555175487863	0.3415328544901987	1637.0908644035742	62683.71034585045	90433.08116478064
0.000134	-0.013062507108477296	-0.009041484611693625	0.0069737626890358706	0.0027525305909236446	0.0006825754631020617	0.29014578295318355	2299.524680407464	0.3426956581325522	1632.3272915904713	60793.16878540289	90274.8517928001
0.0001345	-0.012333398497936573	-0.009013938562211015	0.0065058402877871116	0.002760574712392397	0.0006865680101478869	0.2909112741589195	2292.518881763394	0.3437746180496304	1625.5992928362236	58185.35078351628	89999.81780874579
0.000135	-0.011340665276915286	-0.00893721838032622	0.005987806747781162	0.00276798224480677	0.0006905363224637642	0.29161961838196726	2273.006604819266	0.34477406738970273	1610.1532861421806	53445.704011975526	89233.80389105256
0.0001355	-0.010403888773221225	-0.008904975177244635	0.005573139525841137	0.0027747482276782626	0.0006944852248199337	0.2922693644009041	2264.8061770747336	0.3456917158743653	1602.8727152098597	48232.69530220767	88911.87109964453
0.000136	-0.009412537877341223	-0.008849947966485836	0.00503142047763826	0.002780915015337288	0.0006984044412310961	0.2928520529173084	2250.8110828321146	0.34651537460590376	1591.6564364956998	43743.33872487319	88362.45100890003
0.00013649999999999998	-0.00880425843082221	-0.008771502220835774	0.004478688327120468	0.0027865934145619342	0.0007022955174981306	0.29336545465899394	2230.8599425114217	0.3472416557234085	1576.4027011960216	43188.72583447291	87579.20817141556
0.000137	-0.008347497417860995	-0.008723425188462383	0.003900585138076442	0.0027918812891955455	0.0007061628479292482	0.29381617004226435	2218.632490134809	0.34787969300610644	1566.7623891520675	44400.26878704557	87099.18225105594
0.00013749999999999998	-0.00807150416613013	-0.008664736984914559	0.0034555789430875477	0.0027967534498879237	0.0007099927200779454	0.29420815517778726	2203.7062940173646	0.34843492232428025	1555.3579307008372	46087.781298425674	86513.20891760435
0.000138	-0.007436919617977741	-0.00855500650765273	0.0029420437725182235	0.002801085734838675	0.0007137731228451426	0.29452818322437263	2175.798494414396	0.348888456360165	1534.9645167921985	44879.16179728878	85417.60316286432
0.0001385	-0.0068185506173878965	-0.008442314400793247	0.0022811611781859364	0.0028049116599267896	0.0007174929425736896	0.294772523551706	2147.137462278662	0.3492348665851512	1514.2203341103748	45303.639473146875	84292.4269687025
0.000139	-0.006395546981620884	-0.00828261506870926	0.0017067380731500498	0.0028081855572403406	0.0007211430793812726	0.29494896991087094	2106.521062279843	0.34948509568425135	1485.2048448648497	46815.4896541573	82697.90636125211
0.0001395	-0.005444644963784992	-0.008129008374318453	0.0011730579527213752	0.0028109288369406495	0.0007247061513825429	0.2950664226041103	2067.454205452964	0.3496516970682488	1457.4178891521344	42649.73075827482	81164.21779504279
0.00014	-0.00497264239224921	-0.007891157188726341	0.0007438974371170437	0.0028132577105209593	0.0007281681697869221	0.2951329829680587	2006.9614108486508	0.34974612228591556	1414.640902963105	42221.97354628901	78789.38872103216
0.0001405	-0.004412024012788434	-0.0076746545604295755	0.0003424399205155487	0.0028151587964051553	0.0007315218057470162	0.29514676148861285	1951.8982040277701	0.3497656701650078	1375.801770353534	40632.829293667826	76627.71466841425
0.00014099999999999998	-0.00391069456506543	-0.007403851655480535	-0.00011755951537683996	0.0028165703476878226	0.000734749159108538	0.2951022543666085	1883.0247844290711	0.34970252834419013	1327.3399255158554	40220.16911087241	73923.87861059287
0.0001415	-0.0031622797816933724	-0.007106866950148144	-0.0006088450059620786	0.0028174585404877064	0.0007378320299718896	0.2950045266832262	1807.492536248045	0.3495638970177532	1274.2740561087264	37652.857458547485	70958.62993628385
0.00014199999999999998	-0.002426204906053558	-0.006754234263291627	-0.0009861768213733047	0.002817901695629995	0.0007407579126583681	0.29486891021666894	1717.8073129279485	0.3493715505000375	1211.2793426026599	34070.981474160326	67437.7630753153
0.0001425	-0.0017797023509462616	-0.006401021942230258	-0.0012272310567069489	0.002817943640392737	0.000743528757662755	0.2947067046256859	1627.9746709905667	0.3491415408754095	1148.1996204888515	30022.776057776828	63911.10884709636
0.000143	-0.001056259531045015	-0.00605715900499349	-0.0014201401812024132	0.002817574277692031	0.0007461336241963726	0.2945151202265078	1540.5198618731913	0.3488699398487834	1086.8134695422852	24725.6536513635	60477.80369542487
0.0001435	-0.0004098894697908892	-0.005654755074573659	-0.0017067250824576424	0.0028168290055242597	0.0007485617499701587	0.294285624074187	1438.176296713925	0.34854469002539096	1014.9416877067645	21133.372804682363	56459.995034609616
0.000144	1.5131138917678394e-05	-0.00526250309199738	-0.0020389011267427045	0.0028157699429701365	0.000750826470168872	0.29401614210190086	1338.4146808277092	0.3481629059172824	944.8991598381991	20206.364724365667	52543.54866398724
0.0001445	0.000348352439195922	-0.004920056374784845	-0.0023593370489078634	0.0028144128366356883	0.0007529317562617913	0.2937084054719562	1251.3200595598382	0.3477271033487586	883.7968401314449	20078.70890633985	49124.38378443747
0.000145	0.0007308281299314684	-0.004545660779995729	-0.0026632586460321	0.002812729656704418	0.0007548725975196495	0.29336658897415674	1156.0998664800495	0.3472432609606288	816.9387921373193	19294.38426685452	45386.22481132457
0.00014549999999999999	0.001258213256059056	-0.004180684988877719	-0.002915557468955684	0.0028107315781027795	0.0007566525142889602	0.29300040264671556	1063.2754161301978	0.34672518260017565	751.7352910796958	16547.78054871591	41742.11802287464
0.000146	0.0017489229740038676	-0.0038221174587375908	-0.003061000707049379	0.0028085011342915433	0.0007582891756316436	0.29261504389610815	972.0807815583959	0.34618026890014847	687.6353209921227	13100.461702730192	38161.99462154232
0.00014649999999999998	0.0019900512177924573	-0.003536584714857698	-0.0032284722171077936	0.0028061681112196545	0.0007597938217069731	0.29221026498918745	899.4611156722106	0.3456082138450366	636.6293447141637	12365.034833515207	35311.08824468343
0.000147	0.001893178404536903	-0.003228554814169908	-0.0033779587289523186	0.002803864283858464	0.0007611694167520442	0.29179239713201927	821.1197381932357	0.3450180038804834	581.5232414534153	14824.813566359611	32235.558635710022
0.00014749999999999998	0.00164515656699212	-0.0029563497743107874	-0.003442098086657698	0.0028016669759088684	0.000762436462062522	0.2913722891223216	751.8897130181891	0.34442498079878325	532.8098861685539	17941.592153830225	29517.722938820818
0.000148	0.0013776876569261787	-0.0027404971158155192	-0.0034145204487984002	0.002799592420424722	0.000763613276443784	0.29095885662983373	696.9918132972209	0.3438417239924149	494.19587221990696	20336.79050619289	27362.538520374725
0.0001485	0.001202192707387624	-0.0025506564780680666	-0.0033331464028574917	0.0027976155274431055	0.0007647006840999322	0.2905519076989238	648.7095620306573	0.3432679460153376	460.2257612401164	21276.54221598321	25467.071550853252
0.000149	0.001044399528083719	-0.0023385095785836353	-0.0033087016891826734	0.0027957292006497397	0.0007657013180329368	0.290151949940758	594.7541495970137	0.3427043458521078	422.18507335608285	22607.962163974273	23348.88734419212
0.0001495	0.0009090955552547238	-0.002160507356527386	-0.0032190428782508875	0.002793911315083244	0.0007666285370386482	0.2897598928534983	549.4827676984781	0.3421521870368524	390.2646998053234	23063.707033572304	21571.621230822388
0.00015	0.0008656238866207307	-0.002008423829652285	-0.0031797541677671243	0.0027921336391761704	0.0007674825155334051	0.28937417027057183	510.8032987227301	0.34160924687284233	362.990017983369	23105.471848012086	20053.140755722143
0.0001505	0.000831692208536594	-0.001831205812523938	-0.003115656894595027	0.002790426110904766	0.0007682653979717721	0.28899623772584504	465.73136400169415	0.3410775576680651	331.1367520142785	22804.282967782692	18283.70454935131
0.00015099999999999998	0.0006773703009890756	-0.0016887641107805984	-0.003052612292157315	0.002788854822575198	0.0007689905280254078	0.2886316776691073	429.5041045697176	0.3405649490916365	305.53561430199227	23715.642721708155	16861.493035839092
0.0001515	0.00043738823651618916	-0.0015715414653739712	-0.0028974033814643417	0.0027875082131697923	0.0007696561106964494	0.2882921451191666	399.69081861150596	0.3400877679514833	284.4630951295592	24562.061669719435	15691.081605048525
0.00015199999999999998	7.565247724033511e-05	-0.0014210291540742459	-0.002644136226384763	0.002786389719211857	0.0007702550069694029	0.2879775947195038	361.41095757062567	0.3396458999746867	257.33269930416424	25645.068232084916	14188.288957699282
0.0001525	-0.0001805210363834592	-0.0012717083051702314	-0.002489667583296124	0.0027854828161004643	0.0007707868316333726	0.2876904523791007	323.4341216746614	0.3392427041554702	230.38521289524098	26660.542184481237	12697.392486233632
0.000153	-0.00042836596909421725	-0.0011194640214817707	-0.002196806961522187	0.002784794864270042	0.0007712566511092248	0.2874411144853127	284.71376734924564	0.33889272391794845	202.87532475306645	26211.08229674627	11177.30693208675
0.0001535	-0.0005479529009241928	-0.0009929226451957022	-0.0018726579967131177	0.0027843030959144133	0.0007716669837411347	0.2872328080614417	252.53044454778865	0.338600430907038	179.99541583932313	24168.629314440917	9913.852479583738
0.000154	-0.0006407614608202811	-0.0008520012566430196	-0.0015271288533310532	0.002783992015030972	0.0007720240074435641	0.28706497730500047	216.6898470252228	0.3383649949857161	154.4857810067032	21645.336492631544	8506.820558125208
0.0001545	-0.0006997470819061545	-0.0007532368134297059	-0.0012120511881606043	0.0027838467344882697	0.000772345558246181	0.286930792689907	191.57104359088564	0.3381767983272965	136.6034121969201	19088.38126703173	7520.70535067918
0.000155	-0.0008370858933138249	-0.0006925091869361098	-0.0009779873204723512	0.0027838899536253943	0.0007726444012856079	0.28682014302705555	176.1261601561471	0.3380216365594899	125.60962970935489	18122.62835195331	6914.369365287176
0.00015549999999999999	-0.0011631571030091647	-0.0006511389255005239	-0.0008279352321480015	0.0027841837051898128	0.000772932994572302	0.2867351820956439	165.60444372442282	0.33790251391420467	118.11982339725265	19880.09416391895	6501.30730964902
0.000156	-0.0015442534724584367	-0.0006464245903571016	-0.000558719351100669	0.002784810425218113	0.0007732215876459227	0.28668766840746157	164.4054448343521	0.3378359017604678	117.27243118130015	20997.166740244364	6454.23695288221
0.00015649999999999998	-0.002049059171604886	-0.0006511379674878402	-0.00021675559238658497	0.002785776600113951	0.000773533808755954	0.28667976451296795	165.6042000726438	0.33782482126970087	118.12882699345985	22623.064772429378	6501.297744355625
0.000157	-0.00242402432309334	-0.0007526601800641974	8.775545852551652e-05	0.002786995391382661	0.0007738927850556046	0.28670489089377715	191.42438817836432	0.33786004643520473	136.54207985127834	23326.514898252673	7514.947945358517
0.00015749999999999998	-0.002645774555977059	-0.0008613570925483384	0.0003223343384040801	0.002788423032013226	0.000774299467054243	0.2867573117651755	219.0693208057011	0.33793354027675543	156.2495912812354	23198.427061365364	8600.23405557872
0.000158	-0.0029175701612823477	-0.0009671529536631372	0.000533231159462605	0.002790070898918206	0.000774774990787771	0.2868370109400542	245.9764277872026	0.3380452885349547	175.4212844790093	23806.47197415856	9656.554570693892
0.0001585	-0.003190737080364526	-0.001170881006234099	0.0007675458481626883	0.002791906207812131	0.0007753304358044131	0.28694354117475807	297.7906712547389	0.33819467681466153	212.3415615160959	24194.392707334082	11690.68066189943
0.000159	-0.0033224285758672234	-0.0013264923627584616	0.0009711431675091613	0.0027938303966984746	0.0007759552816204923	0.2870731655335615	337.3673746665504	0.3383764802898778	240.51825447327673	23476.447826673586	13244.384810147933
0.0001595	-0.003213435177179415	-0.001482918567302706	0.0011444670105924012	0.002795733065597139	0.0007766435320111694	0.28722346472313304	377.15131872665955	0.33858732245146367	268.8246102370897	20657.64668349944	14806.224821851138
0.00015999999999999999	-0.002888235454272464	-0.0016115698975803882	0.0013085788378357078	0.0027975293937848767	0.0007773918153006361	0.28738617386707016	409.87126703671555	0.3388156236229167	292.07993182498564	15772.107464288682	16090.746144681641
0.0001605	-0.002532765697352015	-0.0017528364857436862	0.001347010930639096	0.0027991890421309785	0.0007781890820038592	0.28754960902769194	445.79965932511556	0.3390449959689155	317.61014158150033	11839.187967999413	17501.224717329173
0.00016099999999999998	-0.0022618507262833066	-0.0018318074897313368	0.001320428217857356	0.0028007279541394066	0.00077901432516586	0.2877101026806207	465.8843888253235	0.33927029128052644	331.8447434790915	9399.64851708566	18289.712005323174
0.0001615	-0.0020379235975333896	-0.0018786233071510648	0.001299002333553302	0.0028021533543410118	0.0007798536181713055	0.28786808453463286	477.7910758588757	0.33949211020135733	340.25027404363965	7377.771511780047	18757.14530423724
0.00016199999999999998	-0.0017924780077942196	-0.001894977927499572	0.001279432934236739	0.002803460045448657	0.0007806932421403963	0.2880254872985614	481.95055350499666	0.3397131649785234	343.1365104779086	5122.506973968314	18920.43828005888
0.0001625	-0.001513639104714861	-0.001880111374860492	0.0012895509550764964	0.002804649311409086	0.0007815131650615694	0.28818440898881287	478.16953676113945	0.3399364025055956	340.3685314131761	2237.41181519711	18772.002940753315
0.000163	-0.0012397244494292015	-0.0018063987325536244	0.0013042234598609462	0.002805751954395466	0.0007822921869162202	0.28834702804003964	459.4221686548591	0.3401648853202702	326.9491517075206	-643.9914303429124	18036.017851434925
0.0001635	-0.0010638228334743458	-0.0016962133629321102	0.001349895897830608	0.002806763767572969	0.0007830239638998818	0.2885092055197505	431.39867608188115	0.34039279972250736	306.9361867832254	-2856.301215540778	16935.870216448922
0.000164	-0.0008385454166631928	-0.0015939779184407459	0.0012970165336158494	0.0028076329985464534	0.0007837032062745498	0.2886637386084005	405.3970913956376	0.34061001950142566	288.37365137240135	-4577.612406777944	15915.098739661531
0.0001645	-0.0005475142367818906	-0.001460009005129329	0.0012251311415536388	0.0028083411121794973	0.0007843225461419581	0.28880810089872067	371.32471989941877	0.3408129853123319	264.08313272851825	-6765.677129113312	14577.483921582974
0.000165	-0.0002801334652112087	-0.0013246462620494987	0.0011310180695566982	0.0028088901316132703	0.0007848937061022695	0.28893792603285445	336.8978550771141	0.3409955478320403	239.55528754621562	-8495.671324897156	13225.952387260144
0.00016549999999999998	-6.946236293676242e-05	-0.0012433841128370161	0.0009878689797775	0.0028093252825984088	0.0007854230530832907	0.2890524228753202	316.23041762382445	0.34115658308609115	224.82324922278363	-9169.84596905643	12414.58912209089
0.000166	-1.8336293295100787e-05	-0.0011366481383311736	0.0008808437183368563	0.0028096934931480257	0.0007859119457473271	0.28914814383032256	289.0842111981575	0.3412912307064312	205.49604811955734	-8611.719569276478	11348.882029362663
0.00016649999999999998	-7.49298633331007e-05	-0.0010614947612868056	0.0006814261245382351	0.002810051305734406	0.0007863710709571066	0.2892269419244646	269.9704204047758	0.3414020870841343	191.88770130104038	-6055.571893842446	10598.5119003648
0.000167	-0.0002477847681337729	-0.0010028087027505702	0.0006046442677915349	0.002810489855437885	0.0007868166249226168	0.28929921168778194	255.04476982905337	0.3415037699445868	181.26051897241643	-3563.0695428925546	10012.559983816676
0.0001675	-0.0005444868402911103	-0.0010004761851773337	0.0005748766822413946	0.0028110283600422063	0.000787254917303328	0.28936560172927406	254.45153962876037	0.3415971892058098	180.8220167531439	-303.4278767140032	9989.270923748412
0.000168	-0.0007931621011590059	-0.0009701594072304564	0.0005086808281048295	0.0028116189524867697	0.0007876880608649014	0.2894209133738671	246.74106041950378	0.34167502641353226	175.32903734605446	2840.4079491080706	9686.572555777964
0.0001685	-0.000959493908778408	-0.0009773262361971007	0.0003940652247881833	0.0028121921986075165	0.0007881355804202871	0.28946045498924455	248.5638031212657	0.3417306749913602	176.6144115759271	5645.531993783276	9758.129877454028
0.000169	-0.0009725541255064592	-0.0010347962714094701	0.00025129684082460696	0.002812737184047258	0.0007886024631249308	0.2894890827468618	263.18018196062263	0.341770965971	186.9923924876898	7201.405219992423	10331.940389127492
0.0001695	-0.0010105551770457847	-0.0010643861824525078	0.0002159392246062492	0.0028132902510137445	0.0007890846105975819	0.28951856322574565	270.70579679676626	0.3418124587753835	192.33144345128585	7933.8560446033625	10627.381342543216
0.00016999999999999999	-0.0009949726804008299	-0.0011034292124994071	0.0002652141770979026	0.0028138579953704305	0.0007895732788051385	0.2895552436732108	280.6356274657938	0.34186408770255977	199.37610997155147	7286.285777117209	11017.207118109676
0.0001705	-0.000959035870403073	-0.0010937044933759716	0.0003334505238185908	0.0028144176251958817	0.0007900700077935517	0.28959451001370146	278.16233545737197	0.3419193593127841	197.60805021632748	6246.167180732828	10920.110500098586
0.00017099999999999998	-0.0009162838156765821	-0.0011396718266948832	0.00030741875696847033	0.0028149158896782866	0.0007905862029302673	0.2896266413861581	289.85322716365715	0.3419645899586286	205.904010485308	6079.2231914658305	11379.072095554722
0.0001715	-0.0007995774802637696	-0.001181227540501038	0.0002170001040635336	0.0028153612761399917	0.0007911011698842133	0.28964642043696376	300.422109776764	0.3419924335227582	213.40592105980372	5816.753393164627	11793.985803436588
0.00017199999999999998	-0.0008801387132208918	-0.001134149712265747	0.00010581546535486836	0.0028158478732393183	0.0007916140661048964	0.28965722792365123	288.44878541949817	0.3420076478740518	204.89750983694222	7731.243202075312	11323.936453225757
0.0001725	-0.0011312930360069245	-0.0011719171786286377	7.057444350723562e-05	0.002816457632765164	0.0007921378928376471	0.2896664313059777	298.05420142668845	0.34202060421331426	211.71790456366656	10590.762230345725	11701.026342212572
0.000173	-0.0014600782335467196	-0.0011832951162741789	7.963474173001256e-05	0.0028171995849997954	0.0007926614131645898	0.28967838299673976	300.94795721478323	0.3420374298172788	213.7698396026328	13783.060745457084	11814.629547744826
0.0001735	-0.001680798111239323	-0.001170539527048634	0.00011542981909141314	0.0028180432894918234	0.0007931718109844341	0.28969801363390474	297.7038227062376	0.34206506646518414	211.45961661702043	15629.445455454988	11687.271157356525
0.000174	-0.0017922446045597347	-0.00112429413727418	0.0002049634786822074	0.0028189376986287036	0.0007936795169910601	0.2897262852474425	285.94221278170323	0.34210486950210683	203.09723767702658	15848.234504185224	11225.533302647384
0.00017449999999999999	-0.001767744535407038	-0.00115843668618425	0.0002564599289542506	0.0028198790339369327	0.0007941915331677229	0.2897638853497305	294.6257019698819	0.3421578083857647	209.25381384319718	15089.44600622505	11566.430143714688
0.000175	-0.001850981434157287	-0.0011436733801212485	0.00035721453649731815	0.002820867674159285	0.0007947018277381345	0.2898097785318751	290.8709439722435	0.34222242726953733	206.57370011829013	14914.540154704178	11419.025671545869
0.00017549999999999998	-0.0018450832522067292	-0.001150696057544134	0.00039181199020535043	0.00282185357012092	0.0007952195222155904	0.28985314364275916	292.65702454971637	0.3422834903954312	207.82946597484494	14510.210814519673	11489.143709762702
0.000176	-0.001879903646523956	-0.001176944595510267	0.00031595367056753623	0.0028228061764470646	0.0007957529873393936	0.28988669720343435	299.33282653025293	0.34233074027492016	212.56022208282934	15615.284254116827	11751.222668743143
0.00017649999999999998	-0.0018555426477099189	-0.0012216035119626723	0.00023167684526496742	0.0028236916347288165	0.0007963006810066237	0.28990996284250675	310.6909480106283	0.34236350408897404	220.61854681736384	16213.514809008208	12197.12035447871
0.000177	-0.0017459048905472418	-0.0012409184981819728	0.00014804362761469626	0.002824532941062336	0.0007968547285857575	0.28992804121254573	315.60333678531777	0.34238896367751614	224.1010795510072	15953.872056601562	12389.971152020542
0.0001775	-0.001741689988610424	-0.0012501717588668945	0.0001470149864528288	0.002825349078401002	0.0007974184123660923	0.28994258803449835	317.9567225657572	0.34240945029268327	225.7675275420746	15922.058783495962	12482.360485499148
0.000178	-0.0016903795913523353	-0.001284244464815064	9.04049311162264e-05	0.002826052069670407	0.00079799569946491	0.28995607700966985	326.622448563316	0.34242844749357293	231.91628471460425	15974.97330673384	12822.559978364789
0.0001785	-0.0012502316107664993	-0.0013113345459857683	0.00012974977922081292	0.0028266627257538942	0.0007985759814349857	0.28997507806131856	333.5122805899844	0.3424552082407265	236.8020309914953	11187.469273407818	13093.04133931046
0.000179	-0.0011852621375589647	-0.001297709905136815	0.00018036799982726134	0.002827251555640143	0.000799161304786694	0.28999788585731107	330.04711980728126	0.3424873312854502	234.33415282987502	10033.382043680811	12957.005888696674
0.0001795	-0.001089967192273378	-0.0013340014380353075	0.0001918799772286806	0.00282773737207549	0.0007997539812575403	0.2900171735662674	339.27716101997873	0.34251449736081657	240.88095772537713	8966.966567671012	13319.359295736454
0.00017999999999999998	-0.0007795481331221568	-0.0013307707543017615	0.00012291636010270757	0.0028280692798974827	0.0008003426256363157	0.2900283605031023	338.45549983280256	0.3425302541151402	240.29380611303682	6556.150736031687	13287.102480870224
0.0001805	-0.0005301818055547131	-0.001315872480068347	5.966658686995063e-05	0.0028283429978421463	0.0008009192463779798	0.2900453824300417	334.66641532217835	0.34255422990522866	237.59796690356595	4697.866938587582	13138.350416784362
0.00018099999999999998	-0.0004226833768702044	-0.0012767104779109499	0.00021814972957088832	0.0028286812952307413	0.0008014821017596887	0.290082001692361	324.70632642498157	0.34260581095822995	230.51486529344976	2042.1695650188071	12747.336762224139
0.0001815	-0.0005006919721995226	-0.0012539811274826758	0.000379516363380015	0.002829090678321718	0.0008020313192463704	0.2901299893121362	318.92556092858865	0.3426734092468328	226.3956913450102	1209.8798589930127	12520.39518908854
0.00018199999999999998	-0.0005567526140489975	-0.0012153922288857058	0.0004036936579190573	0.002829509669428679	0.0008025547238260759	0.2901716929658464	309.11122970706464	0.34273215926886447	219.41590086821105	1528.2196645361332	12135.103696452097
0.0001825	-0.0006464523576847048	-0.0011379219955672778	0.00027695521909530934	0.002829899445359012	0.0008030556119363487	0.29019612997665517	289.40819185836335	0.34276658651164754	205.423054597525	3689.250256631603	11361.600877885146
0.000183	-0.0007072066571898115	-0.0011141544295706464	0.00012188331146116832	0.0028302609480695155	0.0008035401592650401	0.29020516402774715	283.36337654874245	0.3427793141241116	201.12986137795835	5844.170571078517	11124.293224333815
0.0001835	-0.0007707242639187392	-0.0010644511181142392	2.5562204305263212e-05	0.002830638344000072	0.0008040030225198012	0.29021090954977985	270.7223119116178	0.3427874087804763	192.155743536328	7440.082838411589	10628.029693725643
0.000184	-0.0008323375857197046	-0.001016659219167322	6.821094915957445e-05	0.0028310662717262575	0.0008044395886936382	0.2902249216384081	258.56737764232304	0.3428071501756687	183.52468072783117	7629.4349688082	10150.850692751677
0.00018449999999999999	-0.0008630043029691371	-0.0009462150594329895	0.0001604815403692979	0.002831579205213401	0.0008048539583315371	0.2902499432398752	240.65128411823974	0.34284240365706276	170.8022625623176	7014.350076175078	9447.49982142901
0.000185	-0.0010348504597599841	-0.000916859894166656	0.00024789814401182284	0.00283218423084361	0.0008052626652885175	0.2902826581595726	233.18537227671868	0.34288849829753903	165.49570256830327	7857.338338029723	9154.402691081186
0.00018549999999999998	-0.0011515026261149093	-0.0009207547022435534	0.0002860448411380184	0.002832879705288815	0.0008056580627398797	0.2903183400274499	234.1759404945413	0.342938775728817	166.1903701757992	8641.177486567549	9193.290466375143
0.000186	-0.001393099593350809	-0.0008570181386564307	0.00029632195744543326	0.0028336744358153855	0.0008060435154189152	0.29035550307760377	217.96579279121028	0.342991142903172	154.6782253716097	10950.794342221296	8556.911699090808
0.00018649999999999998	-0.001573600008776813	-0.0008760413484003841	0.0003102193429757278	0.0028345162753132826	0.0008064396207281949	0.29039271510631587	222.8039739290969	0.34304358184205164	158.10332300334963	12614.245034004241	8746.849249616269
0.000187	-0.001604109996718158	-0.0009049141396727051	0.00029712134065713875	0.0028353211916477663	0.0008068461132380376	0.2904300630888822	230.14720338469832	0.3430962151312576	163.3055365859506	13049.649729888582	9035.130108888228
0.0001875	-0.001405368397798841	-0.0009227439333314841	0.00031243825738623446	0.0028360366530019486	0.0008072549214814454	0.29046571583648556	234.68186249498513	0.34314646196596005	166.5148273115396	10912.378960201622	9213.151976885521
0.000188	-0.0012295735700455902	-0.0009153260637372396	0.00026945326673162074	0.002836653657412076	0.0008076740443609706	0.2904922487513899	232.79527252214507	0.3431838574965296	165.1700503084945	9586.33695763059	9139.088135934815
