time	incid	trans	refl	U_in	U_out	eng_strain	eng_stress	true_strain	true_stress	F_in	F_out
5e-07	-0.000719271983772278	-0.0003408607747607651	4.943264604473406e-05	2.1021167995669648e-07	1.619816100427889e-07	6.456425740378694e-06	89.96948637279115	6.456446583181799e-06	89.96890549148348	6688.021883058252	3403.330011059226
1e-06	-0.00032979917958794595	-0.00038743554092662103	-0.00015335706103965772	2.026704874765382e-07	3.311406822967513e-07	2.0105283904783588e-05	102.2627981884904	2.010548601876606e-05	102.26074216589991	4824.0814300576685	3868.356529764917
1.5e-06	0.0001440098406457976	-0.00037313184110590293	-6.633873615869564e-05	2.439840508702159e-08	4.864899825275948e-07	2.8984240046861233e-05	98.48736662994921	2.8984660098027568e-05	98.48451204847322	-775.5084200539054	3725.5410036804074
2e-06	0.0005146130192171197	-0.0003253445042820082	-7.657939841538552e-05	-1.98576295923735e-07	6.093792346401984e-07	2.6528381308360362e-05	85.87399933303176	2.65287331920746e-05	85.87172123483299	-4373.553890364138	3248.4075532987854
2.4999999999999998e-06	0.0005274485806865719	-0.00022718605475827668	0.00011610958012454657	-3.345603997272551e-07	6.920021674721511e-07	1.2409539265647513e-05	59.965282517499254	1.2409616264592567e-05	59.96453837597128	-6425.617039941867	2268.342899811967
3e-06	0.00031121940176382577	-0.00014430042174298785	0.0001111512076079245	-4.387951152484699e-07	7.398048576371945e-07	4.04879900482926e-06	38.087793577027725	4.0488072012498225e-06	38.087639367207	-4217.166295163015	1440.769933915383
3.5e-06	0.00029201404004841256	-7.062844035407496e-05	2.342558076834499e-05	-5.288819849368207e-07	7.991046493880291e-07	8.910165712125092e-06	18.642228653113023	8.910205407901623e-06	18.64206254776648	-3149.5120814540387	705.1908242009837
4e-06	0.000321622621946363	-0.0001959933066563025	0.00018516550062932404	-5.709867233832103e-07	8.860289316305118e-07	4.030372021245294e-05	51.73202209831447	4.030453242921966e-05	51.72993710536979	-5060.0343439949465	1956.8983934226128
4.5e-06	0.0003730066383523681	-0.00019483275368627334	0.0003201538381580312	-5.704050566314852e-07	9.655108113920086e-07	8.10766435558815e-05	51.42569657671338	8.107993044455928e-05	51.42152715384242	-6920.872176752135	1945.3108332080462
4.9999999999999996e-06	0.0002806703456320356	-0.0001625310247013768	0.00033613841648658734	-5.253401291330411e-07	1.0301395110469372e-06	0.0001146720027700434	42.89972298012118	0.00011467857810683011	42.89480358296877	-6158.537228802397	1622.7936889559467
5.5e-06	5.747042614090932e-05	-0.00012805038039712487	0.0002046217801406117	-4.239535733671897e-07	1.0755857436832597e-06	0.0001304314531147135	33.79862925634568	0.00013043996003645665	33.79422085201848	-2616.8639437279667	1278.5211288654493
6e-06	-0.00025965280576106624	-7.628345590788741e-05	4.90466927217933e-05	-2.0463142794190994e-07	1.1108408153994963e-06	0.00013171806844923357	20.134858144329023	0.00013172674403585653	20.13220601970575	2102.800199061193	761.6534199948367
6.5e-06	-0.0007057463973738861	-8.222922237359858e-05	-2.8336976333782438e-05	1.3995856352582547e-07	1.1468782190258422e-06	0.0001302964522610952	21.70423072874578	0.00013030494158130997	21.701402744482767	7329.467516795907	821.0190230499453
7e-06	-0.0008664703634083835	-7.980095056439067e-05	5.45424885569509e-06	5.469714706101668e-07	1.1946478311333661e-06	0.0001356913906724012	21.06329347921539	0.00013570059758200297	21.060435371631055	8596.829555173765	796.773903237944
7.499999999999999e-06	-0.0008766890810593224	-0.00013497918707305537	8.138417241231376e-05	9.56161738809319e-07	1.241848854215548e-06	0.00015068247917354266	35.62747324183317	0.00015069383291881134	35.622104805838404	7940.734939186774	1347.7019130656033
8e-06	-0.0007217978550932403	-7.724447954161446e-05	0.00015991653563654422	1.3263481339384777e-06	1.2425393721811402e-06	0.00017280962315119805	20.388518316225365	0.00017282455645461277	20.384994984058526	5610.1132742618	771.2487762698319
8.5e-06	-0.0005864572438324694	7.413979568198417e-05	0.0001962480956709638	1.6649473886126207e-06	1.2237781179497913e-06	0.00019861794875376972	19.56904352509729	0.00019863767591069272	19.56515676181326	3896.049656813633	-740.2500092167824
9e-06	-0.0005205234891891788	1.0213930217865572e-05	0.00021916985353144633	1.902993463000809e-06	1.2473583133094154e-06	0.00022348751473240044	2.6959454521977797	0.00022351249178850896	2.6953429420488138	3008.870330989523	-101.98115422850884
9.499999999999999e-06	-0.0001494639210338884	-0.00011623441858729601	0.0001811375610405156	2.003160598336454e-06	1.3129782334791302e-06	0.00023462671085159527	30.679830926508682	0.0002346542400044718	30.672632618688912	-316.2459795196373	1160.5444638615504
9.999999999999999e-06	-0.0001216046313789068	-0.00017880367914910268	-1.837978461696271e-06	2.0026199990161566e-06	1.3432297243526695e-06	0.00023106237929053467	47.19485598159769	0.00023108907831489298	47.18395102588431	1232.514767969004	1785.2682748933034
1.05e-05	6.666278908428581e-05	4.278793426652431e-05	-5.553448847686714e-05	1.9485333765102226e-06	1.3359768925017476e-06	0.00023183825816475915	11.293785480637395	0.00023186513680813819	11.291167149083478	-111.11070041983604	-427.21683333230925
1.1e-05	0.0001890084411588181	-1.0177993459471327e-05	6.802324949620643e-05	1.8731638925214451e-06	1.3568877807098157e-06	0.0002405072620538844	2.6864600202148754	0.00024053618856360209	2.6858139070707963	-2566.3371422349596	101.62234307334099
1.15e-05	0.0002894040054591586	-8.3840845072038e-05	7.151543552756247e-05	1.7897256724872912e-06	1.3991105663373648e-06	0.0002481909359945347	22.12961515881724	0.00024822174046187234	22.124122788917777	-3603.606093857339	837.1102963856722
1.2e-05	0.00020942667974956786	-0.00010599983624036028	5.216310603760246e-05	1.7497685981744278e-06	1.4502349020249774e-06	0.00025268277543203586	27.978434388170967	0.0002527147051033324	27.97136471971752	-2611.8475180398095	1058.3571081107161
1.2499999999999999e-05	4.252887620171493e-05	-0.00012386369773376138	2.0138784290660166e-05	1.813481615142455e-06	1.4916891217508294e-06	0.000269193895108473	32.693563151003836	0.0002692301342887934	32.68476224339424	-625.7062867567016	1236.7191269630398
1.3e-05	-6.322566893775074e-05	-6.252138319029031e-05	0.00024562876609771593	2.0076636081299043e-06	1.4946490982890223e-06	0.0003165031126575588	16.5023879233239	0.00031655321033867244	16.497164866179887	-1821.2067232152413	624.2457786285037
1.35e-05	-4.83466806457129e-05	4.921283534515168e-05	0.0005158734884558903	2.291309688723306e-06	1.4793328268733694e-06	0.0003798879973482244	12.9896246409098	0.00037996017307319834	12.98469003841866	-4668.029101065827	-491.36636380945544
1.4e-05	-0.00020671273158326877	1.9651673651526193e-05	0.0005043871520098271	2.626933747424943e-06	1.4868639685930112e-06	0.0004326432341870183	5.187018031143186	0.00043273685127389726	5.1847739028864055	-2972.1351460091164	-196.21245874572045
1.45e-05	-0.0004531460859096537	-5.3512942013322875e-05	0.00034477573576292554	2.9726782910459016e-06	1.526245691303747e-06	0.0004640443325734884	14.124628774357271	0.0004641520344650749	14.118074320424826	1082.0255431919813	534.3008495531269
1.4999999999999999e-05	-0.0005959382390349419	-0.00012355384691459747	0.00016066503150291792	3.293249384614814e-06	1.585676913988014e-06	0.0004860462320636457	32.611778677352	0.00048616439082209065	32.59592784520498	4345.992498677681	1233.6254163635963
1.55e-05	-0.0004912541647807139	-0.00014365883547764707	0.00019348362988284544	3.4735748469528215e-06	1.6571870184597751e-06	0.0004931119654947634	37.918448228337894	0.0004932335851830464	37.899750187803505	2973.0948025285174	1434.3640052981925
1.6e-05	-0.0002057871679745062	-0.0001778625125781363	-7.975162972265852e-05	3.5102802544418952e-06	1.714969213355712e-06	0.00048424730408590174	46.94643703975694	0.0004843645896766893	46.92370335418399	2850.966821296996	1775.8711817879914
1.6499999999999998e-05	-0.00010193450425764582	-8.19358660398128e-05	-6.29364128707026e-05	3.553817656463517e-06	1.7349780483677759e-06	0.0004762473791019	21.6267999399041	0.0004763608209039562	21.61650023311436	1646.1563833726095	818.090001911012
1.7e-05	-0.00022258591732030579	-8.02719098026107e-06	-6.583259298436757e-05	3.589654102155199e-06	1.7288229509035623e-06	0.00046627430343128983	2.1187602182071896	0.00046638304309727744	2.117772294762307	2879.719359183581	80.14762034968832
1.75e-05	-9.907010046219082e-05	3.570153502894295e-05	-9.469679222737661e-05	3.5749331655555174e-06	1.744569999593811e-06	0.00046741675709548235	9.423345269131076	0.00046752603035999914	9.418940639644388	1934.6687265583364	-356.46256360874037
1.8e-05	0.00018364713516148327	-0.00010650289044841572	0.00011308604248506644	3.5381850176372547e-06	1.7932643160522335e-06	0.0004925500572428577	28.11121449098034	0.0004926713998688723	28.09736831067364	-2962.7372919933705	1063.3798611237792
1.85e-05	0.0003861312152888759	-0.0001124348720680625	0.00029146651023346354	3.5027248236950446e-06	1.8389379142670119e-06	0.0005348026622594301	29.676948594198986	0.0005349457202107062	29.66107728308307	-6765.485633582187	1122.607829156666
1.8999999999999998e-05	0.00045341334694176384	-9.292123777195061e-05	0.00038864311000067576	3.463865424923416e-06	1.8743770780166369e-06	0.0005734103646582293	24.52636576131108	0.0005735748272540475	24.512302088976146	-8407.526541972391	927.7736266251388
1.95e-05	0.0003427452457773385	-6.641914897365478e-05	0.00023279714927472325	3.4072664992554386e-06	1.8917573579202315e-06	0.0005977698299437123	17.531195024337116	0.0005979485655606017	17.520715404868707	-5746.512508200314	663.1630851913209
1.9999999999999998e-05	0.00030382964986736585	-1.1725486186224298e-05	0.00015929954341247583	3.354372863003125e-06	1.9068949457399333e-06	0.0006107228792522525	3.0949174788042715	0.0006109094464342872	3.093027341890568	-4624.121046468856	117.07330965214628
2.05e-05	0.00014248481967631184	-5.6335631582458006e-05	4.919632193476016e-05	3.359964519852493e-06	1.9518355649375765e-06	0.0006181179866530972	14.869671764132685	0.0006183091003337607	14.860480552559647	-1913.843510614892	562.4840399753275
2.1e-05	-4.859214611016837e-05	-0.00014572488243334497	6.983737276895077e-05	3.4700169518152197e-06	2.019673932968502e-06	0.0006304216123310015	38.463776987731435	0.0006306204115915607	38.439528591426495	-212.12331495267233	1454.9924851035305
2.1499999999999997e-05	-0.00024817936715159353	-0.0001592877266283679	0.0001282051901457015	3.692732041208134e-06	2.074293312651265e-06	0.0006548566565474956	42.04366125818419	0.0006550711688228056	42.016128686743635	1197.8841432924037	1590.4109260099053
2.2e-05	-0.0003598715618695895	-8.62901076552809e-05	0.0002651080419252202	4.015112242995164e-06	2.097175384217406e-06	0.0006965415225707101	22.776092879115566	0.0006967842203229551	22.760228384703336	946.1679232720102	861.5649989262196
2.2499999999999998e-05	-0.00041863241907593633	-1.6591499784682617e-05	0.0004058630943973746	4.46477691333539e-06	2.124153413544587e-06	0.0007545706185638109	4.3792915592292765	0.0007548554502657347	4.375987074488558	127.49553224482815	165.65810244761732
2.3e-05	-0.0006690824990639296	-0.00010470621640854473	0.0005281892894241318	5.00387257100398e-06	2.1884098437464667e-06	0.0008335695560289208	27.63698614757541	0.0008339171683173424	27.6139487973024	1406.7505686394295	1045.4409396263568
2.35e-05	-0.0004831926732792262	-0.00018420140318414112	0.0007433994643869792	5.551279400903895e-06	2.296464219003008e-06	0.0009232195367391727	48.61957391623044	0.0009236459663746193	48.574687375723045	-2598.0389849197995	1839.1619392867942
2.4e-05	-0.0005350087757488866	-0.0003016290770318093	0.0006996314282865614	6.047497678105444e-06	2.3929056263846087e-06	0.0010077983503754583	79.6143620652669	0.001008306520583719	79.53412684251133	-1643.6775814843147	3011.6204799186307
2.45e-05	-0.00033466731716738754	-0.00013198756412376457	0.000661772556141536	6.3950175426003415e-06	2.4439794266065217e-06	0.0010862993084868055	34.83784064078762	0.0010868897592234965	34.79999631859036	-3265.987637787766	1317.8320045311268
2.4999999999999998e-05	3.5733226779569304e-05	-9.76487539739942e-05	0.0006018005842171237	6.507524451264705e-06	2.509554475359314e-06	0.0011462431636014131	25.774183744519718	0.001146900602734601	25.744640262605156	-6365.466820149216	974.9755898885154
2.55e-05	0.000423289837105312	-0.0001971875943933522	0.00036307229217417747	6.350749334461327e-06	2.601379148913629e-06	0.0011767113259030235	52.04725184089513	0.001177404194265977	51.986007250171824	-7851.445611527642	1968.8227789732646
2.6e-05	0.0007720211871604367	-0.0002156714420191089	0.00012735167775744706	5.975997599555514e-06	2.697784495995162e-06	0.0011789028545294976	56.92602464263343	0.0011795983071341315	56.85891438968521	-8979.80315997237	2153.3750595597735
2.65e-05	0.0009482005226932207	-0.00021778306601730898	-9.207622666280122e-05	5.500119216655093e-06	2.7816425616379012e-06	0.00117503178631316	57.483383366774866	0.0011757226774283067	57.41583856413408	-8547.987112692143	2174.4586040954896
2.7e-05	0.0011291182148851877	-0.00015925677345672158	2.9766441657091615e-05	5.049593874369464e-06	2.8201355430022008e-06	0.001188151454308763	42.03549123346785	0.0011888578658526222	41.98554670342622	-11570.902911121313	1590.1018735585776
2.7499999999999998e-05	0.0011076966174200942	-1.3814086254062893e-05	0.00018141136417494828	4.704329493022488e-06	2.8221960845503843e-06	0.001219645569778863	3.6461990848309584	0.0012203899427457839	3.6417520142706126	-12871.119841635087	137.92697137653903
2.8e-05	0.0009516075811581366	4.549548029837708e-06	0.00032552663180372547	4.536451996797551e-06	2.8095916198612846e-06	0.0012705996076387083	1.2008436575318067	0.0012714075037343728	1.1993178660517112	-12751.567551808299	-45.42503712129769
2.8499999999999998e-05	0.000623367912127769	5.212222595646997e-05	0.0004946436588721541	4.638880492264974e-06	2.795687093763929e-06	0.0013444923877837277	13.757552188870816	0.001345397028620244	13.739055264678342	-11162.804916365174	-520.4152222131335
2.9e-05	0.00010549513371818735	1.0394840798255766e-05	0.0006947549740112469	5.077158461317989e-06	2.7791454663994613e-06	0.0014455804212021462	2.743696420341688	0.001446626280616653	2.73973018651472	-7990.110360749122	-103.78745889349183
2.95e-05	-0.0004489249753166093	6.39790727702855e-05	0.000932385979580869	5.75684973373487e-06	2.74213092172422e-06	0.0015561046601273072	16.88714202973343	0.001557316648467628	16.860863869324728	-4827.124347599703	-638.800104211692
2.9999999999999997e-05	-0.0008280515392362685	0.00010244448918037859	0.0008466427485312964	6.641032950507185e-06	2.67009942368183e-06	0.001670271955146394	27.04000799080075	0.0016716684145430332	26.99484382378678	-185.62423493891032	-1022.858686922595
3.05e-05	-0.0013097152003293336	0.00022142113126787962	0.0009910256183808736	7.855872142464984e-06	2.5543539214110474e-06	0.0017945182444687499	58.443643057008416	0.0017961303212230616	58.3387648732694	3181.961371819179	-2210.7829264178476
3.1e-05	-0.00215250163217223	0.00029898993785860116	0.0010088770293584716	9.430266995996004e-06	2.4085363764657636e-06	0.001922719039505429	78.917766817408	0.001924569836513515	78.76603012459292	11418.53865371709	-2985.269951443052
3.15e-05	-0.0028626845626484885	0.000356630047139555	0.0010546784364385481	1.132504787730695e-05	2.2803394855989903e-06	0.002067527126793715	94.13175273326671	0.0020696674115771195	93.93713278099804	18052.066899830017	-3560.7785704511657
3.2e-05	-0.0033256950399760212	0.00021976454034593817	0.0012761926001245284	1.3545767568737435e-05	2.1971545347020767e-06	0.0022408069261775237	58.00638935868684	0.0022433212908571963	57.876408239649344	20463.290814794473	-2194.2426671150615
3.25e-05	-0.0038698712210177523	0.00015424886304506882	0.0015129669915017621	1.6126086623614932e-05	2.1291045320115074e-06	0.0024502161576435352	40.71366378689944	0.0024532228496207498	40.61390651005191	23532.549038926518	-1540.1003096982715
3.2999999999999996e-05	-0.004360964376656352	0.00015171529071884805	0.0018577419347292072	1.910429242462113e-05	2.0693521258348335e-06	0.0027047565533507684	40.0449326868238	0.002708421016502541	39.93662089271062	24993.46563695081	-1514.8038151424867
3.35e-05	-0.00493239264015449	0.00011694148618583724	0.0022394106974171846	2.2505496118058516e-05	2.026839006452994e-06	0.003009048304697751	30.866459935717046	0.0030135845927732057	30.773581266775455	26888.122493387586	-1167.604191926922
3.4e-05	-0.005462021815756698	7.420458407480932e-05	0.0026585535196484013	2.63751181253462e-05	2.0299576814365097e-06	0.003361231974469901	19.58614428545755	0.0033668936049251856	19.52031071102869	27991.27530556993	-740.8968899903911
3.45e-05	-0.006267597879875475	-8.822666657985955e-05	0.0030102922664861195	3.074363152976388e-05	2.1136004019136225e-06	0.0037562015834090947	23.28724354436084	0.003763273823972071	23.19977196328628	32522.621463323914	880.9006033554145
3.5e-05	-0.007016426371543461	-0.0002878449451386543	0.003347247833924299	3.5607584237727966e-05	2.2886374990632477e-06	0.004188775899024254	75.97606937115339	0.0041975733965488185	75.65782264286891	36634.9734485526	2873.9925883511764
3.5499999999999996e-05	-0.00788987979921218	-0.0004991510164955881	0.0036155880291113087	4.106952278462309e-05	2.5631174266182044e-06	0.004660944296275607	131.74986358604573	0.004671840367646626	131.13578481082925	42676.73646936207	4983.781532745878
3.6e-05	-0.009067753075304916	-0.0007349564844460766	0.0039845651263029636	4.726086866121652e-05	2.9076270955329904e-06	0.0051867188646485705	193.99022213211543	0.005200216583751048	192.98404938742542	50753.17366990928	7338.185105321859
3.65e-05	-0.010306556960010137	-0.0008140164052729575	0.004478447790525534	5.429209516850428e-05	3.344858546003988e-06	0.0057743595727127355	214.85792236679424	0.005791095644779989	213.61725546600238	58190.85184605853	8127.560184959393
3.7e-05	-0.011848181870243564	-0.001151849067953065	0.004980379627071194	6.222404435284933e-05	3.9438606782735285e-06	0.006423750140050003	304.0281449088697	0.006444471208625008	302.0751440704322	68571.68443806167	11500.655961151946
3.75e-05	-0.013362413417518336	-0.0015413643524195097	0.0054723906095131255	7.110935110482684e-05	4.726897086223873e-06	0.007135166409036339	406.83988704139824	0.007160743445772026	403.9370167455243	78778.06247806712	15389.777724491645
3.7999999999999995e-05	-0.015136253533059424	-0.0019792978437932402	0.005978762481258726	8.101514941253182e-05	5.652096350456678e-06	0.007927338517437795	522.4315133057909	0.007958926917468316	518.2900218476386	91433.12000177676	19762.33187093525
3.85e-05	-0.01665084520031997	-0.0021805522480747787	0.006772258943187629	9.193358209915669e-05	6.6944876738179404e-06	0.008827094950070974	575.5521910845127	0.0088662845433189	570.4717372450883	98632.9069378316	21771.75978011586
3.9e-05	-0.017957519425249962	-0.0025062128736446964	0.007710469529089092	0.00010383134256485409	7.912931007387133e-06	0.009831497533394195	661.5096299682663	0.009880145824922927	655.0059996729168	102311.83820110183	25023.323651612394
3.95e-05	-0.01936965272271797	-0.0029721114279713406	0.008456672336796252	0.00011666959606519762	9.312656064789046e-06	0.010926084006849229	784.4825759284271	0.010986212039791499	775.9112534019235	108960.83212735553	29675.095428995235
3.9999999999999996e-05	-0.020734508011420173	-0.003321285717617248	0.009162094375526996	0.00013039797459771357	1.0878678513880958e-05	0.012105400757522266	876.6463971134118	0.012179267853750552	866.0342411537159	115544.95425608488	33161.431866141036
4.0499999999999995e-05	-0.022007961237392834	-0.003719812217241519	0.009820514320940605	0.00014500616350048001	1.2597025595778763e-05	0.013382832735591018	981.8366305813348	0.013473189903711628	968.6968751805886	121685.76416005792	37140.52625541361
4.1e-05	-0.023110992225753243	-0.004006162654151245	0.010741384220901066	0.0001605043122803864	1.4421208309397463e-05	0.014787157554185845	1057.4182276409383	0.014897577451434359	1041.782017708144	123504.55454282895	39999.59690177585
4.15e-05	-0.02396686690353388	-0.004195666856730725	0.011863016589067809	0.000176843223672867	1.6346861962296084e-05	0.016327034261772486	1107.4374643323044	0.016461789063058938	1089.3562949093805	120851.09251277983	41891.70472883002
4.2e-05	-0.02470932035108736	-0.004462392908976975	0.01292326492880263	0.00019395415031521194	1.840014029643483e-05	0.017993119093923985	1177.8392462319084	0.01815696361955633	1156.64624440096	117678.06418565362	44554.83538379648
4.2499999999999996e-05	-0.02540649524555527	-0.004769488694366535	0.013894497479644873	0.00021173667090667128	2.0583304003060256e-05	0.019775793773401537	1258.896534499059	0.019973951620223217	1234.0008562507558	114941.73100870199	47621.03830321317
4.2999999999999995e-05	-0.025852256239545866	-0.005046379191239187	0.014799927367887215	0.0002301478643871844	2.286777555979209e-05	0.021680420080846356	1331.9812002328142	0.02191889349113685	1303.103288271977	110352.15937478383	50385.65602270639
4.35e-05	-0.026270146189843874	-0.005224985673086483	0.015857464623355983	0.0002491013770687464	2.522306263271997e-05	0.02369364492422724	1379.1240064003198	0.02397885342439307	1346.447531886193	103965.59033729718	52168.95537789689
4.4e-05	-0.026542581673973862	-0.005364777554642775	0.01654795944790947	0.0002684827350207236	2.7614121504412868e-05	0.02579654101090903	1416.0217802539782	0.026135107021570892	1379.493316327316	99791.46997784685	53564.70971817519
4.45e-05	-0.026750436691960394	-0.005385821642300476	0.017300837764571343	0.0002882466071528619	3.001433865425713e-05	0.02798550361796446	1421.5763230407695	0.0283845606596226	1381.7927937090994	94349.67588930689	53774.824757463844
4.4999999999999996e-05	-0.026877078656670175	-0.005405954699591007	0.01793330997158089	0.00030818019330183685	3.241970714246076e-05	0.030229493739667553	1426.8904012734856	0.030695826961082317	1383.756226820997	89299.20551667923	53975.84359906956
4.5499999999999995e-05	-0.026627761097279337	-0.005408982918120586	0.018186575864619216	0.00032804747239204533	3.4865479170852e-05	0.032504087562861474	1427.6896932011714	0.033044078958299646	1381.2839424007657	84281.1527709081	54006.07889677725
4.6e-05	-0.02608634542305878	-0.005587615750197737	0.018425915617800877	0.0003477437071343659	3.7364551394563326e-05	0.03480089443486425	1474.839454456564	0.03542087191513798	1423.5137222936485	76485.68736647637	55789.64134627106
4.65e-05	-0.02550116982254699	-0.005648629479645697	0.018544123243857142	0.00036718308343039257	3.9882940691343216e-05	0.037108939284939184	1490.9439003376547	0.03781499848959524	1435.6165536627743	69462.74597366032	56398.83393131588
4.7e-05	-0.024750577434557105	-0.005674468530226183	0.018606805222024285	0.00038630013777770305	4.2412288624840905e-05	0.03941899127334302	1497.7640635280907	0.040216960166857905	1438.72371497835	61342.59469045678	56656.8243567603
4.7499999999999996e-05	-0.024019649166943876	-0.005697901336768389	0.018576430697707418	0.0004049933738991881	4.495412692161194e-05	0.041716986778338544	1503.949103652919	0.04261212374000037	1441.208878780536	54347.90431989782	56890.78959903381
4.8e-05	-0.02303908454744167	-0.005730627285230199	0.018412740729456513	0.00042310376007789936	4.7523777024315833e-05	0.043974334687489514	1512.5870490904306	0.04497051972989474	1446.072039949766	46191.805930963725	57217.54236962944
4.85e-05	-0.02205333363112518	-0.0058229478515436535	0.017922155749159077	0.0004404887263678316	5.01477210755442e-05	0.04616028910832017	1536.9548688804791	0.047259639583694356	1466.0085877865158	41247.81349977056	58139.31858219917
4.9e-05	-0.020926645164378657	-0.005974741926787649	0.01726357138925436	0.0004570722838234189	5.283535588642523e-05	0.04827160577955603	1577.0205965774257	0.04947558508522226	1500.8952800332	36574.02034702971	59654.90902272861
4.95e-05	-0.019651455811026376	-0.006109312122068633	0.016720765881903875	0.0004729638239583076	5.556198152759971e-05	0.05033651646506381	1612.5401172938061	0.05164758499901986	1531.3704651290707	29261.52179256184	60998.52735052041
4.9999999999999996e-05	-0.018562183539566054	-0.006150051198258732	0.016516607803985756	0.0004881044792753425	5.8295548643104984e-05	0.05231322160415035	1623.2931109836713	0.05373123385808255	1538.373418740292	20424.084571424028	61405.287326695136
5.05e-05	-0.01769513340121678	-0.006140522147572107	0.015300985003172599	0.0005025351868956469	6.106892300422092e-05	0.054181947846812	1620.7779380468685	0.055705062304913275	1532.9610323363497	23904.414052077143	61310.144363409156
5.1e-05	-0.017108198561465917	-0.006329031209065388	0.01477854961296987	0.0005164216303584373	6.391903005784475e-05	0.05597818276663041	1670.534509336337	0.05760600162767525	1577.0210232547443	23260.418237369413	63192.31618792306
5.15e-05	-0.01641487142675852	-0.006485525121869624	0.014134144614755265	0.0005297240332191383	6.684149475721403e-05	0.057678611253570114	1711.8407492970582	0.059408885580221456	1613.104152190333	22771.95436103187	64754.83223386162
5.2e-05	-0.016024381524434146	-0.006654363243944633	0.013236422762907669	0.0005425618710012929	6.977837437411763e-05	0.05928879379232084	1756.4052173966695	0.06111908744875988	1652.270070646682	27836.420102483247	66440.59924026488
5.2499999999999995e-05	-0.01577873315619586	-0.006550336993590086	0.012681520864659875	0.0005550719870646704	7.269278183661547e-05	0.06084245322174594	1728.94770686248	0.06277203240111694	1623.7542868848545	30924.167058541963	65401.947432886736
5.3e-05	-0.015460701662291262	-0.006553324692377183	0.012326611157141747	0.0005673065157086309	7.563292763126005e-05	0.06234222328605278	1729.7363036891472	0.06437024013606947	1621.9006968185668	31292.37818882897	65431.77816055925
5.35e-05	-0.0154070643175951	-0.006666060824644011	0.011814102734325743	0.0005793104856048408	7.861134857664735e-05	0.06377034338865195	1759.4927692807669	0.06589447297278705	1647.2893111938822	35873.98401445807	66557.39392712472
5.4e-05	-0.015577368712749179	-0.006725416149308207	0.011173313550339023	0.0005911682370136509	8.160784936285633e-05	0.06513042695474903	1775.1594826985138	0.0673482534929029	1659.5425876775882	43972.36119383499	67150.02814233357
5.4499999999999997e-05	-0.015844776543476883	-0.006747350802285102	0.010718967819346354	0.00060303025170148	8.459107131447668e-05	0.0664522083908398	1780.949088332901	0.0687631211574795	1662.601088381527	51178.7215000798	67369.03504569705
5.4999999999999995e-05	-0.016213058807269854	-0.006665712295858622	0.01055679186883479	0.0006150434727784232	8.753287173710462e-05	0.06776694087184609	1759.4007758390765	0.07017243211497189	1640.1715674929096	56475.09026419643	66553.91403573545
5.55e-05	-0.016638087601248994	-0.006561112704346891	0.010605505888095213	0.0006272761156789827	9.045651780020911e-05	0.06908694436723727	1731.7919331093158	0.07158939421557142	1612.1477201709622	60232.41132087737	65509.53769414477
5.6e-05	-0.017114772190700088	-0.0065840872697148075	0.01064163557468821	0.0006397507085687949	9.338946301709067e-05	0.07040730008331554	1737.8560214375793	0.07300874584488097	1615.498271034627	64631.13899339578	65738.9276198778
5.65e-05	-0.017720265636299595	-0.006602923249587576	0.01061117532972252	0.0006525219749878311	9.633389299326122e-05	0.07173089503057646	1742.8277388071435	0.07443360442985494	1617.8131452183914	70980.82907511163	65926.9957706754
5.6999999999999996e-05	-0.018396526262376554	-0.0066357246616045975	0.010693775135991344	0.0006656697296657494	9.929638513527559e-05	0.07307658900748824	1751.485602691731	0.07588433711807854	1623.4930091512945	76908.24529324673	66254.50200837906
5.7499999999999995e-05	-0.019057307500951134	-0.006684133757582427	0.01096688742504781	0.0006792139695888777	0.00010228633687232943	0.07446442852377605	1764.2630820128797	0.0773827128328217	1632.8882398451947	80778.9322949318	66737.84342325797
5.8e-05	-0.019500803743652637	-0.006759187577501001	0.011372161398053228	0.0006931393333152663	0.00010529182059072682	0.07589743456016858	1784.0733803176038	0.07893221194241093	1648.6667876844097	81160.56317527815	67487.21952249613
5.85e-05	-0.020043890837367316	-0.0067539681343667295	0.011693900228724389	0.0007074479143908235	0.00010829697929266005	0.07735705872080234	1782.6957192526957	0.08051296517480079	1644.791621817142	83370.61854771152	67435.10590668819
5.9e-05	-0.020795360122938412	-0.0067577262493087485	0.011800614090187766	0.0007221312084239139	0.0001112989054838506	0.07884301133914988	1783.6876658071228	0.08212480268051871	1643.0563589463902	89808.1896827273	67472.62886712902
5.9499999999999996e-05	-0.021304872607028468	-0.006739434227315878	0.012117690368292083	0.0007371396862220793	0.00011434133190041344	0.08037296944250176	1778.859524978735	0.08378709270441942	1635.887302735116	91729.57214600811	67289.99187272864
5.9999999999999995e-05	-0.02154911606652973	-0.006939822012620119	0.01250893855166836	0.0007524079051149073	0.00011744619000992778	0.08195044736584048	1831.7514604965643	0.08550391091414199	1681.6386088458391	90261.80106298324	69290.76701047887
6.05e-05	-0.02170781968915431	-0.007020137524107776	0.012882582537950172	0.0007678612005905713	0.00012057384974318269	0.08357238686583911	1852.9505712519278	0.08727219667195067	1698.0950692679842	88115.7254673502	70092.67855571712
6.1e-05	-0.021665585390104304	-0.007042341913228553	0.013224604390622896	0.0007834390688233444	0.00012370463406589322	0.08523044010438065	1858.8113731755873	0.08908309253403715	1700.3840617688038	84279.11360137662	70314.37864404502
6.149999999999999e-05	-0.021686622840189317	-0.0070341861990653835	0.013463879265004836	0.0007990799527276806	0.00012682864836436797	0.0869155822680614	1856.658689532893	0.09092694074262705	1695.2861184590859	82100.1184495664	70232.94778186202
6.2e-05	-0.02151288351841838	-0.0070119027559264555	0.013660635224265036	0.0008146564443769431	0.00012995985877685656	0.08860761372318832	1850.7770214669974	0.09278175406390919	1686.7840860610966	78400.90222331074	70010.45837738983
6.25e-05	-0.021286212588182273	-0.007066541127024417	0.013574771206160541	0.000830031542866569	0.0001331145050713194	0.09028638915583055	1865.1987048870972	0.0946254423619384	1696.7966487647095	76995.01329356096	70555.99609214625
6.3e-05	-0.02082075891257834	-0.007117274387262899	0.013447262618852028	0.0008451023846838986	0.0001362826596380581	0.09193869174704884	1878.5896424887524	0.09644338255785413	1705.8745684287803	73620.79500196347	71062.54316330656
6.35e-05	-0.02034433805980485	-0.0071272765705554224	0.01314865702644799	0.0008598413280369079	0.00013945492420716992	0.09355895983924661	1881.229697784251	0.09822929209306558	1705.2238040408563	71845.39561063012	71162.41012687681
6.4e-05	-0.019844124259696467	-0.007135753642932963	0.012931626459739597	0.0008742519925757037	0.0001426093225492892	0.09514998817030443	1883.46720325342	0.09998608180227327	1704.2553211447007	69017.9479597956	71247.04959543595
6.45e-05	-0.019338993082941323	-0.007046947036292328	0.012678005741471874	0.0008882994720354333	0.00014576636729580702	0.09669881570503525	1860.0268857467304	0.10169924375118322	1680.1644887154966	66506.7376509348	70360.3585710066
6.5e-05	-0.018890459306600924	-0.007147652318176233	0.012252350766506657	0.0009020104204698474	0.00014897632493909136	0.09821154965076684	1886.6078336204807	0.10337532040780302	1701.3211546973373	66278.30388236209	71365.85211407626
6.549999999999999e-05	-0.01840686589904359	-0.007284852238970678	0.012097033347047394	0.0009154942289617914	0.0001522492459105346	0.09971037659563199	1922.8214648689793	0.10503876364292669	1731.0962124807286	63000.626880693526	72735.72697950307
6.599999999999999e-05	-0.018093051202147603	-0.007430745935466839	0.012028499832956879	0.0009288421875261704	0.00015551510842080966	0.10120577553676632	1961.3297999744195	0.10670116452245687	1762.8318964846376	60551.6128773197	74192.40499139295
6.65e-05	-0.017851240079521893	-0.007253116221147831	0.01204185525058107	0.0009420639453975136	0.00015874014904718973	0.10270491498868055	1914.4448095467492	0.10837050222425403	1717.8219181317297	58003.898359977116	72418.8581876516
6.7e-05	-0.01746542355642253	-0.007247203941828015	0.01208870812934541	0.0009551281324670902	0.00016200516331148825	0.10419640767965	1912.8842758242351	0.11003409503574345	1713.5686059764612	53683.903601814396	72359.82693755536
6.75e-05	-0.017265859872750384	-0.007432844359502211	0.011918770870809954	0.0009680579483860569	0.00016532395595918222	0.10566023413915458	1961.883674596066	0.11166952471133999	1754.5905861844606	53388.09807283014	74213.35674068274
6.8e-05	-0.017306591784070822	-0.0074890005166378315	0.011643384813363182	0.0009808987109850736	0.00016866748611379026	0.10708827548675195	1976.7059744564929	0.11326755572061657	1765.0239405075874	56544.383130550894	74774.04881509214
6.85e-05	-0.017441468365841466	-0.007544068313505666	0.011342763809003646	0.000993684284283695	0.00017201777028928746	0.10848698148104008	1991.241003907616	0.1148352388478634	1775.2172779924028	60892.61594103179	75323.87413850977
6.9e-05	-0.017530641454256778	-0.007519367720225713	0.011171194850383193	0.001006473823486573	0.00017535222997473054	0.10987193832163918	1984.7213341331742	0.11638993708080841	1766.6561541236526	63495.999197567115	75077.25065870446
6.95e-05	-0.017680609914074153	-0.00747291876880737	0.011121453627292457	0.0010193420448830954	0.0001786722395301471	0.11125533243841829	1972.4612308561213	0.11794529781339576	1753.0144008953318	65490.00381079175	74613.48033941432
7e-05	-0.017909563745542114	-0.007454397527271432	0.011146040815423093	0.0010324058524481567	0.0001819992434625474	0.11265214158745776	1967.5725880102434	0.11951819946867541	1745.9213222421129	67530.50592200567	74428.55469871667
7.049999999999999e-05	-0.01834406585476371	-0.00750436665345569	0.01133738569804748	0.0010457779658302776	0.0001853571524109212	0.1140818629633155	1980.7618340314382	0.1211307287669642	1754.7928339184982	69958.31324968966	74927.47226084639
7.099999999999999e-05	-0.018765993774762353	-0.007593351629924425	0.011675805124006232	0.0010594752442400872	0.00018873922706685403	0.11555647665785712	2004.2492318800348	0.122796618927796	1772.6452522997613	70792.10518172932	75815.9442217577
7.15e-05	-0.019083462831677823	-0.007613019702258528	0.01205998487979054	0.0010734272930280119	0.00019213550351705646	0.11707896204603432	2009.4405783090401	0.12451950711750324	1774.1773611074348	70126.031111815	76012.3204134193
7.2e-05	-0.019140927831238358	-0.007657205263926688	0.012446361149267268	0.0010876053709594612	0.00019553393243047215	0.11865088506979259	2021.1032646101191	0.12630146033724116	1781.2975734466813	66842.01112838619	76453.49188052723
7.25e-05	-0.019303965672430243	-0.007622697535609207	0.01285574673984907	0.0011020157172282148	0.00019891160610897377	0.12025723703205694	2011.9950221178744	0.12812572905134204	1770.0380598357267	64382.34797341025	76108.94889966126
7.3e-05	-0.019631067267613864	-0.007563886268547175	0.013000538868801044	0.0011166110443792292	0.00020227685686180114	0.12187882246604588	1996.4719115627865	0.12997067945574514	1753.1442658949784	66202.61983708195	75521.74683652825
7.35e-05	-0.01989046837375001	-0.0075668419912902785	0.013100948915321667	0.0011313089046066987	0.00020568533724591264	0.12351079282192272	1997.252068379728	0.13183088824135233	1750.5698819489228	67790.06868642343	75551.25829886369
7.4e-05	-0.019924914492331622	-0.007758253895739098	0.013167697444670504	0.001146069973705851	0.00020914862250425798	0.12514497805850686	2047.7748389771511	0.1336970955622183	1791.5061016845932	67467.54473490443	77462.41360660446
7.45e-05	-0.02013901466300007	-0.007813253839991296	0.013136600247969992	0.001160884080850329	0.0002126146988753601	0.12677208156011507	2062.2919588727314	0.13555868225689516	1800.8509144617478	69915.7218816741	78011.56145446541
7.5e-05	-0.020277371949243218	-0.007770803203879177	0.013053707879217887	0.00117573697562407	0.00021607912429919945	0.12838494564837968	2051.0872025322983	0.1374074039731548	1787.7584835151022	72124.79270042793	77587.71238010263
7.549999999999999e-05	-0.020542611845519494	-0.0078058309059398315	0.01290739871122055	0.0011906266165575387	0.00021955346799944743	0.12998999310890413	2060.3326910031496	0.13925056522598372	1792.5100586976002	76233.91110059812	77937.44704735829
7.599999999999999e-05	-0.020568407410446212	-0.007815397427658546	0.012927889276511803	0.001205486235808953	0.00022304076320463673	0.13158815003811294	2062.8577543402585	0.1410891953296389	1791.4101186548478	76286.87895669925	78032.96414078039
7.65e-05	-0.02051854125782443	-0.007864063030739681	0.01279648681278297	0.0012201973196317999	0.00022654827243231523	0.13315669056312998	2075.7029381731736	0.1428970458278545	1799.3092043338686	77100.97959581338	78518.86665505053
7.7e-05	-0.02037728120344616	-0.007906283041774226	0.012451175440769737	0.0012346796378683834	0.0002300794974791004	0.13468109649858323	2086.846821508232	0.14465716542591547	1805.7880033629203	79138.33333236656	78940.41304953364
7.75e-05	-0.02020037561857477	-0.007970693306079702	0.012086084248594768	0.0012489397456342955	0.00023361475761726907	0.1361643979825219	2103.8477756390403	0.14637280372548378	1817.3786098222827	81017.27562320417	79583.5183927194
7.8e-05	-0.020039814516039613	-0.007924425485149699	0.01178954681695941	0.0012629920129580057	0.0002371171950727193	0.13760989715750238	2091.6354813743733	0.1480475551890627	1803.8057378914627	82374.93351723782	79121.55657376879
7.85e-05	-0.019874366773991046	-0.007823117054130564	0.01147760782496491	0.001276782495260304	0.0002406160732542641	0.13900197016971846	2064.895333551785	0.14966306279130823	1777.8708139938287	83837.5778113737	78110.04087823963
7.9e-05	-0.019722747726029506	-0.007908422396458427	0.010929584519865488	0.0012902845688102466	0.00024415717535884664	0.1403447679214874	2087.4114996887647	0.15122386304560018	1794.454217208301	87795.48263564064	78961.77347155976
7.95e-05	-0.01937078118025296	-0.0080129628494289	0.010684459599985477	0.001303520768590862	0.00024774649103544236	0.14165673567687573	2115.0047329246327	0.15275118453414985	1815.4000665173867	86728.7206648646	80005.55934341272
7.999999999999999e-05	-0.019023583098214662	-0.008125198651824978	0.010433336368491065	0.0013165460000741493	0.00025132473717510935	0.14294849854018282	2144.6291374965585	0.15425726713769708	1838.0576223658984	85769.45973965686	81126.17955815574
8.049999999999999e-05	-0.018747456087042185	-0.007963192366474518	0.01035923606702568	0.0013294121699693147	0.0002548555307025699	0.14424797417306812	2101.8679183672098	0.15577463426300914	1798.677729163376	83752.32073425426	79508.62513787836
8.099999999999999e-05	-0.01818426881475774	-0.007911843798576042	0.010557483241487661	0.0013421805443633759	0.00025840393681482676	0.14556936354111083	2088.3145715996134	0.1573199541404011	1784.3199485382302	76149.76597891409	78995.93451726809
8.15e-05	-0.017955021670931836	-0.008042381483149185	0.010711965610919166	0.001354970445192909	0.0002619917523443278	0.14690481150446008	2122.769719574859	0.15888414510737622	1810.9246340533389	72318.41234335807	80299.29017558276
8.2e-05	-0.018054764216781236	-0.008089035106742304	0.010783774281086886	0.0013678914971980071	0.00026560329847566806	0.14825043606470445	2135.0838456430415	0.1604627344044495	1818.5567344917545	72597.31858447482	80765.10404756776
8.25e-05	-0.018380893895652613	-0.00814907822411896	0.010875770930068277	0.001381039450343513	0.0002692207785502321	0.1496198890817672	2150.9321005042543	0.16207184014154957	1829.109878204395	74935.02367173243	81364.60554042492
8.3e-05	-0.018691400127422826	-0.00811571510446675	0.011167323714575442	0.0013944537994940757	0.00027282250758669683	0.15102638266377116	2142.1259750678205	0.16372716814040125	1818.6084378432238	75124.26467762004	81031.49092360045
8.35e-05	-0.018982439552538408	-0.008078258931651362	0.011471986111251165	0.0014081125597837823	0.0002764254203483016	0.15247395696267999	2132.239496836184	0.1654337109520901	1807.1285035614574	74988.24589404787	80657.50915015789
8.4e-05	-0.019129066759238533	-0.008121037329983953	0.011828570299541522	0.00142202553903566	0.00028005561429835624	0.15396069177900876	2143.530765327066	0.16718945683712125	1813.511285847723	72891.9269586146	81084.63077180102
8.45e-05	-0.019495111853485795	-0.008200919701786862	0.012102324634052242	0.0014362260135358672	0.0002837216852377744	0.15547743695669347	2164.615549771367	0.16898382545554183	1828.066672096311	73813.40556692697	81882.21762673394
8.499999999999999e-05	-0.019938638232350155	-0.008282346253660443	0.0123116253787935	0.0014506904750988337	0.0002874213212769297	0.15701954955035746	2186.107917305634	0.17081151170037936	1842.8462368618334	76152.03526267302	82695.22237297651
8.549999999999999e-05	-0.020273720739574747	-0.008351833984388221	0.012510645579972945	0.0014653752248359588	0.0002911309478302705	0.15859206709201842	2204.4490580460933	0.17267867964579597	1854.8409251315104	77510.55159492737	83389.02376315476
8.599999999999999e-05	-0.02043968412306824	-0.008327265270524386	0.012801031833788298	0.0014803010394707715	0.00029482110807032446	0.16020388136353111	2197.9641975668524	0.1745961325140167	1845.8418020185634	76268.24940006286	83143.71703554844
8.65e-05	-0.020725057661271334	-0.008264310195464565	0.013143176615761124	0.0014954942190992053	0.000298489756312486	0.1618436058485609	2181.3473375844505	0.1765505680471885	1828.3102188616251	75701.41598304006	82515.14105331653
8.7e-05	-0.021192551176625173	-0.008230543742667323	0.013250282352385812	0.0015108878953751465	0.00030215241643409454	0.16349602093039386	2172.4347532105785	0.17852400175891367	1817.2503153297469	79299.7136863435	82177.99935007269
8.75e-05	-0.02142225264736285	-0.00823738660743836	0.013347447972970309	0.0015263129045673424	0.00030583875212666277	0.1651531566907214	2174.240913010575	0.18050699214149732	1815.1581628207623	80623.0200617519	82246.3220459101
8.8e-05	-0.021257443843156303	-0.00833699305563045	0.01332626769948866	0.001541613500530406	0.0003095459772911875	0.16679944777283393	2200.5318260367226	0.1824809068168959	1833.4843326472514	79188.95863475588	83240.84426591352
8.85e-05	-0.021037428974555687	-0.008331309154933526	0.013172889032060797	0.0015566805648611264	0.00031324970372972785	0.1684210958378656	2199.031572372583	0.18442909109044764	1828.668265171528	78523.62838831323	83184.09326593325
8.9e-05	-0.02060410752303684	-0.008321262200483726	0.012929606878653875	0.0015715057531997243	0.00031697172872280566	0.17001067862246028	2196.379699824051	0.18634244408445172	1822.9716965443686	76626.17789111572	83083.7792840069
8.95e-05	-0.020466045826616375	-0.008413582505892943	0.012656757406752482	0.0015861458805518588	0.0003207262797818985	0.1715659803518947	2220.7474507489737	0.18821808361137532	1839.742737247255	77971.96865199196	84005.55289157399
8.999999999999999e-05	-0.020323839832684612	-0.008467504814298522	0.012377809530368867	0.0016005587814746508	0.0003245156763605179	0.17307192567575158	2234.980130923717	0.19003755953726745	1848.1678158177058	79337.2702260547	84543.94106660262
9.049999999999999e-05	-0.02023885228866855	-0.008570253769270597	0.011862303047304736	0.0016146696948354084	0.0003283282627795569	0.17451382594855452	2262.100502021467	0.19178276433708258	1867.3326887335547	83635.79365287031	85569.83969722936
9.099999999999999e-05	-0.019996940283412833	-0.00857177020179876	0.011346922669473625	0.001628433495930462	0.00033212063127793117	0.17589173186467136	2262.500761205803	0.19345336433590057	1864.5455839721772	86366.24311604068	85584.98054274455
9.15e-05	-0.019708248560342607	-0.00847935062830789	0.01083223217697915	0.0016418861073645421	0.0003358646356171516	0.17721913607653822	2238.1068086789924	0.19506537873744786	1841.4714535978833	88622.73154591012	84662.21579138374
9.2e-05	-0.019410669106479716	-0.008354316881550304	0.010534033265728677	0.0016550907497295583	0.00033957296254659983	0.17851464800920905	2205.104413542911	0.19664117247231702	1811.460975335745	88628.91652838343	83413.81429070086
9.25e-05	-0.019106685247122966	-0.008318939047737348	0.010318885227509149	0.0016680652603409643	0.00034331089646651505	0.1797752077983497	2195.766508530615	0.19817683946119266	1801.022128182867	87741.93381133248	83060.58372720641
9.3e-05	-0.018938557759311078	-0.008487434845188081	0.009971433893374095	0.0016808584591425418	0.0003471303365490981	0.1810046294503306	2240.240620763846	0.19967684770954963	1834.7466973229075	89532.39570392936	84742.93278776908
9.35e-05	-0.018792685202106665	-0.008685404339452476	0.009817677156900741	0.0016935455487978887	0.00035101770258006625	0.18221668379412154	2292.494253435278	0.2011578720840057	1874.7635529572215	89611.11542149555	86719.56245886312
9.4e-05	-0.01874102235058218	-0.008792841230118807	0.009691884895793187	0.0017062723179816766	0.00035489060117397276	0.18343103606434732	2320.8519953242467	0.20264390726559076	1895.1357092699125	90351.26173053692	87792.26786052233
9.449999999999999e-05	-0.018934102915576696	-0.008620356331183989	0.009854665216555845	0.0017191447064923019	0.00035870055406282355	0.18467381319187556	2275.3249681234197	0.2041670165991994	1855.132030009385	90653.79501735786	86070.08955059099
9.499999999999999e-05	-0.0189382167465804	-0.008509826849237305	0.010149419263144067	0.0017322038117392744	0.0003625218672571154	0.18594658169751282	2246.150943254253	0.20572929068255677	1828.4868533794806	87751.89300527168	84966.50612043538
9.549999999999999e-05	-0.019290862961991877	-0.008671434157831247	0.010337414736213161	0.0017454682980827844	0.0003663764185311479	0.18723383901909643	2288.8068533057713	0.20731183567602984	1860.2647593881138	89395.85104987306	86580.07695072611
9.6e-05	-0.019628428396750303	-0.008659270795430949	0.010382635253188452	0.0017589269024638919	0.00037021112451475724	0.18853244520430526	2285.5963593189263	0.20891087459425742	1854.6872889464712	92314.77368909515	86458.63165881368
9.65e-05	-0.01998097556327303	-0.008582206424540521	0.010520089184977554	0.001772613979388723	0.00037400007815908357	0.18985647663906963	2265.2553803033143	0.21054385767734662	1835.1819751112314	94462.37562850441	85689.18118033351
9.7e-05	-0.020246427180925227	-0.008453560652624892	0.010791887104353219	0.001786565058475993	0.0003777572688975767	0.19121939267566168	2231.2995987047893	0.212227588659846	1804.6318445630118	94399.0108745814	84404.71535506033
9.75e-05	-0.02054207597686654	-0.008439395106096715	0.011145986494069223	0.0018007972444369616	0.00038154858538730807	0.19262329766912312	2227.5606324179694	0.21396492615564086	1798.4805576437027	93815.40995981713	84263.27922279714
9.8e-05	-0.02085056094617124	-0.00860699571781713	0.011451656694400935	0.0018152326155994284	0.00038541548795023334	0.19404838944680328	2271.7984622557806	0.21573157481226898	1830.959629507322	93843.51406691686	85936.6902867141
9.85e-05	-0.021114602166541537	-0.008779242688855542	0.011487014834530733	0.0018297730025449278	0.0003893295806366479	0.19547256556100295	2317.262688887524	0.2175002119018016	1864.3014060118912	96126.80404227467	87656.49300165105
9.9e-05	-0.021337468182031877	-0.008819170378045525	0.01143691792168569	0.0018443769318558223	0.00039324429489506936	0.19689008117239132	2327.8015186809976	0.21926368918834668	1869.4804887146804	98852.20688911859	88055.15167097986
9.949999999999999e-05	-0.02150750852774147	-0.00878203738019363	0.011379805538540835	0.0018589955107425201	0.0003971354935398229	0.19830790823050168	2318.0003418029546	0.22103067030831736	1858.3225427424227	101120.21704589574	87684.39664327493
9.999999999999999e-05	-0.02139832198383612	-0.00871344025972572	0.011441931054289452	0.00187356802064423	0.00040102722312327505	0.19972976129689848	2299.894275772089	0.22280580997636	1840.5369410640265	99409.74896905145	86999.48756588245
0.00010049999999999999	-0.021235570949830695	-0.008784424569072295	0.011444609281782033	0.0018879760242011894	0.00040493361804219084	0.20112943058306681	2318.63043529916	0.22455633705500586	1852.2856161148716	97758.01778713797	87708.23156989132
0.000101	-0.021015750304182942	-0.008779378052192425	0.011084854790218602	0.0019020884803907434	0.0004088272622593372	0.2024866243201319	2317.2984177563017	0.2262566724514122	1848.0764836024455	99155.1895728972	87657.8445391142
0.0001015	-0.020590438918016665	-0.008727095288800472	0.010760911091848461	0.0019158352869201058	0.00041271450743907866	0.20380341216631434	2303.4984920481425	0.2279091539894268	1834.0376394487712	98143.08222710357	87135.82642823645
0.000102	-0.020022112888962093	-0.008750606913513865	0.010434470391608422	0.0019292267449145585	0.0004166071850359121	0.20508407542464827	2309.704336063895	0.22951892517141587	1836.02075779793	95727.97418374715	87370.57863183632
0.0001025	-0.019574204040785238	-0.008751520341448655	0.010179439731369417	0.0019422954398791484	0.000420511455314982	0.2063310294196951	2309.9454334509123	0.23108881829447067	1833.3320142636617	93802.17874439708	87379.69876807259
0.000103	-0.019113510140959297	-0.008802729544962796	0.009891876763510088	0.001955121083233448	0.00042445859833880223	0.20754765338614328	2323.46199528165	0.23262290549431108	1841.2329104290573	92073.55010703579	87890.99790269561
0.0001035	-0.018969604023950128	-0.008944283347303805	0.009691239199737047	0.001967851926830889	0.00042842735670220325	0.20874958648154604	2360.824824429928	0.2341407829097279	1868.003618574812	92639.98617019912	89304.34417002373
0.000104	-0.01892374295898394	-0.008899915714274585	0.009655408438688846	0.001980578820763806	0.0004323757053934983	0.20994230371175446	2349.1140807750826	0.2356493029116096	1855.9356589754411	92539.8384357815	88861.35480841713
0.00010449999999999999	-0.019100186789864446	-0.008852518059903232	0.009542898083846098	0.0019933139851837493	0.00043630261475919154	0.21112228014476642	2336.6035693439603	0.2371439513191597	1843.2944959896636	95424.90625499109	88388.11214889123
0.00010499999999999999	-0.01916600784369709	-0.008803520933147811	0.009450329042061067	0.0020060365308584177	0.00044025117263497436	0.2122967112948167	2323.670880532754	0.2386337972083439	1830.3631944641195	97006.35476941317	87898.8995310433
0.00010549999999999999	-0.019132709216729837	-0.008949853369351089	0.00945363967509992	0.0020188043440853448	0.0004442435243687015	0.21348647068022694	2362.2950200634123	0.24014535469943182	1857.9769935245984	96640.82901084238	89359.95814675394
0.000106	-0.019122810786077533	-0.009000425417441333	0.009697056559226246	0.002031680389891741	0.0004482399562157844	0.21470140326381817	2375.643406056763	0.241691255517228	1865.5894331219395	94111.59808466115	89864.89559256904
0.0001065	-0.01921414617028203	-0.008968198239018057	0.009858834437606519	0.002044644524441	0.00045220249884732474	0.21591571505434992	2367.137109924504	0.24323875810189108	1856.0350082034672	93408.26384313527	89543.12279962543
0.000107	-0.019528864912284123	-0.008848053856159145	0.009687064102388055	0.0020577167602116833	0.00045613738784413687	0.21712744410931636	2335.4252521316002	0.2447853601076687	1828.34033622791	98265.62203496385	88343.53923319452
0.0001075	-0.019741759704891698	-0.008843862888340945	0.009817262011390408	0.0020710713414299723	0.0004600910257560547	0.21836079150901302	2334.3190549686296	0.24636201511694075	1824.5952984911085	99091.31042927162	88301.69444609317
0.000108	-0.020450362244440166	-0.008932352103293696	0.010035038960240923	0.002084844794293377	0.0004640736286567848	0.219627266972341	2357.675597605189	0.2479836105826204	1839.8657496957806	103991.96661122926	89185.21646799533
0.0001085	-0.021091837955633477	-0.008974094305539011	0.010350500489031182	0.0020989576420480903	0.00046809676706724803	0.22093529810839344	2368.6933643127722	0.24966117893325968	1845.3653897409565	107247.06057674046	89601.99217276479
0.00010899999999999999	-0.02130744663633689	-0.00911460651097213	0.010703930565483365	0.002113257104201543	0.0004721774424235959	0.222279460574276	2405.7812661424814	0.25138802315586867	1871.025504044632	105870.98058441203	91004.93859863702
0.00010949999999999999	-0.021349307513485558	-0.009232790003727403	0.010932080370311265	0.002127588033557227	0.0004762631196207749	0.2236415814641916	2436.975551106474	0.2531409858759933	1891.9664848674522	104010.97572247464	92184.9436255813
0.00010999999999999999	-0.02115986466036723	-0.009137095620988977	0.010992994327216584	0.002141868690128265	0.00048032406814950646	0.22501418024499756	2411.7172195493144	0.2549105468865033	1869.0466464096808	101511.28403567219	91229.48148743396
0.00011049999999999999	-0.020954617664266213	-0.009121605788942961	0.011100735400965598	0.0021560920220794213	0.0004843782829698925	0.22640770297455068	2407.6287108784095	0.25671029220202535	1862.52302483285	98386.2495051612	91074.82300464001
0.000111	-0.020565325947279802	-0.0091068197459825	0.011329791995209526	0.0021702080122364647	0.0004884324919100934	0.22781587834561617	2403.725965860088	0.2585322578415471	1856.1190236455075	92212.34062293498	90927.1915155446
0.0001115	-0.02023613809595838	-0.009121579350650602	0.011336588372646852	0.0021840952223444792	0.0004924883928620967	0.22920742496863264	2407.6217325466087	0.26033597529661506	1855.7769549310824	88857.70056562776	91074.55903107517
0.000112	-0.01980435364605334	-0.009114427313048217	0.011062131065992136	0.0021976833901589665	0.0004965412965368384	0.23055754377391433	2405.7339672264216	0.2620891092322537	1851.0738527692233	87286.86511659776	91003.1493940188
0.0001125	-0.019558427719834442	-0.00910810309253594	0.010669754756691479	0.0022110128460659153	0.0005005828787042921	0.2318598050027306	2404.0647024904097	0.2637830169245188	1846.6587293570358	88749.10137485624	90940.00511031208
0.000113	-0.0194114705824926	-0.009063523929364251	0.010291802274608786	0.0022241392357869776	0.0005046240065289117	0.23311735221593763	2392.298125898249	0.2654214909061338	1834.6119210776994	91055.47819314305	90494.90372251936
0.0001135	-0.019365137469848418	-0.009106060291429411	0.00995002559056737	0.00223704010440084	0.0005086947317001202	0.23433837186673986	2403.5255094241343	0.26701494556626587	1840.287254805506	94005.33939033253	90919.60872907004
0.00011399999999999999	-0.018985447848095843	-0.009196598532518967	0.00970384452418223	0.0022496742753920895	0.0005128127330576821	0.23553228156929248	2427.4228882106504	0.2685754802328606	1855.6864370168742	92672.32102371626	91823.58928613139
0.00011449999999999999	-0.01860238973642158	-0.009318621904639182	0.009513656363122373	0.0022620475622794605	0.0005169435746271146	0.23669075007634932	2459.6307012769585	0.2700920219180447	1877.458865680898	90746.6078300576	93041.9336517418
0.00011499999999999999	-0.018382940724472222	-0.0092543302651244	0.009133373236084966	0.0022742214741574827	0.0005210699372566987	0.23781255223557735	2442.6610579107796	0.27156275910566285	1861.7655974825616	92352.45869707358	92400.01271972951
0.00011549999999999999	-0.018296158144230797	-0.009298483844590564	0.008923464684113397	0.0022863261667882967	0.000525214768460372	0.23891823265036197	2454.3153025767406	0.273014479652495	1867.9346281183675	93581.81198662159	92840.86486001569
0.000116	-0.018331219511391647	-0.009337368052325067	0.008873873177174155	0.002298491887106091	0.0005293584870487033	0.24002208193185606	2464.578707629262	0.2744659012973648	1873.0253951391635	94427.03000019168	93229.10487159218
0.0001165	-0.018600023224235106	-0.00929348134057724	0.008893990256056068	0.0023107720814896657	0.0005335030907104816	0.2411270317047171	2452.9949021376683	0.27592088279385074	1861.511522598409	96910.04578663605	92790.91727642839
0.000117	-0.018828200176639498	-0.009341347490054865	0.008891586990685997	0.0023232038606834184	0.000537669481591129	0.24223462624011932	2465.6290718691894	0.2773814745533951	1868.3683351981838	99212.27776290016	93268.83763304727
0.0001175	-0.019239002965349996	-0.009391440307815958	0.00893656108563619	0.002335852301407838	0.0005418179126052422	0.2433575126111315	2478.8509660225855	0.2788644126780548	1875.6039607976286	102864.9003718081	93768.99019576001
0.000118	-0.019556204912053593	-0.009260596936806306	0.009137728607405478	0.0023487533489940445	0.000545934205302737	0.2445029702117341	2444.315132753752	0.2803794287287375	1846.6728226619707	104023.44799575249	92462.582406193
0.0001185	-0.02001145276089198	-0.009246941079913086	0.009299873841829774	0.0023618851725058427	0.0005500478178162131	0.24568043157395103	2440.7106979767514	0.28193916996130775	1841.0758403506638	106949.93586944672	92326.2352784719
0.00011899999999999999	-0.020078670534850216	-0.009248546382761022	0.009652870008724269	0.0023751855346267306	0.0005542126441061573	0.24690245630958468	2441.1344142955413	0.2835605194783239	1838.4123312241127	104096.57680554484	92342.26345115634
0.00011949999999999999	-0.020051926049412732	-0.009477206754543104	0.01001717822954547	0.0023886360518156026	0.0005584243526331269	0.24816987765400458	2501.488839698359	0.28524488168744644	1880.6946603975593	100192.1046290376	94625.32669353765
0.00011999999999999999	-0.02002307637159923	-0.009459336734133107	0.010383586383475807	0.0024021608700940883	0.0005626409689946631	0.24946803141347917	2496.7720853024125	0.2869730324313825	1873.9072682938925	96245.6463079705	94446.9031808813
0.00012049999999999999	-0.01989131867647544	-0.009499273196727784	0.0105118556849009	0.002415595160961182	0.0005668471511483716	0.2507623745769689	2507.313230817648	0.2886990888736648	1878.573411249563	93649.40248478042	94845.64944841356
0.000121	-0.019677386449313845	-0.009412422796703752	0.010322249976238398	0.0024288290838922286	0.0005710503991915519	0.2520445523092821	2484.3892499432936	0.2904118646923457	1858.2124736793432	93406.51396077628	93978.49020111753
0.0001215	-0.019186249187342082	-0.009486080946775678	0.010316037538913391	0.00244187712275735	0.0005752594146625815	0.2533199502409138	2503.831164120107	0.2921184991772999	1869.5607782135523	88564.774074495	94713.93121182
0.000122	-0.0189507502557499	-0.009438354113551553	0.010213120428725473	0.002454718812785737	0.0005794484607218382	0.25457799403189973	2491.2337666214125	0.2938047700114725	1857.0204716503995	87241.00869837416	94237.40186062528
0.0001225	-0.018537807475058486	-0.009396295143209905	0.010036700489765854	0.0024672311398019576	0.000583651532818853	0.2558077677229736	2480.1323896393815	0.29545590080612705	1845.6952593882872	84879.44249548149	93817.4633795887
0.00012299999999999998	-0.017924922608793012	-0.009501417516985553	0.009758077079147732	0.002479380040942111	0.0005878712224355951	0.2569985623998913	2507.879219650906	0.29705729940742237	1863.3578655280621	81542.00349463605	94867.05944929062
0.0001235	-0.017531201161332062	-0.009471010281489558	0.009409283493712662	0.002491244107595186	0.000592064140990401	0.25815098988011265	2499.8532936360657	0.2986095469262026	1854.5136913288554	81093.42051739931	94563.45790643342
0.000124	-0.01726182829542075	-0.00938105036067609	0.009140508066199995	0.002502954515586154	0.0005962398274338389	0.25928052563605264	2476.1085612731085	0.30013330247113784	1834.1018319742868	81087.45538388315	93665.25159767918
0.0001245	-0.017208797734134935	-0.009393531836761783	0.009040811966303349	0.002514608863142826	0.0006003965060758763	0.26040216172621605	2479.403020699812	0.3016487023049909	1833.7611143190709	81553.38822155846	93789.87310091483
0.000125	-0.017136926445333465	-0.009295588117611659	0.00901335286028481	0.002526203318861939	0.0006045518148888853	0.2615186325186806	2453.5509815158894	0.3031594075506293	1811.9016840149873	81109.9540522033	92811.95242637454
0.0001255	-0.017022656111323104	-0.009387372857145821	0.008957669905478157	0.0025377251779827156	0.0006087402329527208	0.2626277337998493	2477.7773709517073	0.3046624041414094	1827.0443151581119	80524.98740107358	93728.37866765475
0.000126	-0.016929141732495552	-0.009444452827535567	0.00889473116756669	0.0025492589527574896	0.0006129833003728661	0.2637264685705618	2492.843509382402	0.30615358333260556	1835.4146939539348	80219.70441153008	94298.2945706921
0.00012649999999999998	-0.017243093098010424	-0.009633085471341809	0.008790807685109227	0.002560892391117575	0.0006171948498956214	0.26481156962426994	2542.632699964101	0.30762844476778806	1869.3141437086122	84391.98270306776	96181.70030484207
0.000127	-0.017596697903547214	-0.009302743107886091	0.008675279086667896	0.0025725989970320708	0.0006213313962027547	0.2658827848977475	2455.4395261876684	0.30908656951748803	1802.5804268168854	89076.05288999292	92883.39154443353
0.00012749999999999998	-0.017795575977559683	-0.009295858513370272	0.00856729832478648	0.002584269343024224	0.0006255821259723047	0.26693719138755684	2453.6223519090854	0.31052389370987266	1798.6592925647424	92139.88998327342	92814.65219727307
0.000128	-0.017704226081726386	-0.009816130985487632	0.008404720254312499	0.002595837732200646	0.0006298793452576244	0.26797275154591815	2590.94717939372	0.31193754104959986	1896.6439346214493	92851.06886432167	98009.32125101717
0.0001285	-0.017640516906368874	-0.009504883124523649	0.008263942559647748	0.0026072726481982753	0.000634094059197997	0.268985326214991	2508.793959489748	0.3133217458565265	1833.965197890199	93620.56076273772	94901.66186474671
0.000129	-0.01747408921925087	-0.009445173203715008	0.008034739459407348	0.0026185545279659227	0.0006382518388583646	0.26998523807452907	2493.033651163618	0.3146905232284449	1819.951367326396	94247.34290740085	94305.48717850233
0.0001295	-0.017156264595980412	-0.009248897112573809	0.008060118473997905	0.002629704561963318	0.000642414601244224	0.2709894249818641	2441.2269886937956	0.3160670408809754	1779.6802907774563	90820.62054118876	92345.76531873987
0.00013	-0.01681247630980108	-0.00946757636798178	0.008103551811511815	0.002640678921159432	0.0006465966168962801	0.27199830988509627	2498.946919370033	0.31745190920173966	1819.2375808088161	86954.39987155839	94529.17194054429
0.0001305	-0.016290781168545675	-0.009335463006270578	0.008135738715735781	0.0026514023472041367	0.000650752072775144	0.2730076255963345	2464.0758747199634	0.31883929063201205	1791.364370873455	81424.15547987138	93210.08390793264
0.00013099999999999999	-0.01567730463401666	-0.009348159201081733	0.008110486216368954	0.0026618423420074195	0.0006548982983935332	0.2740049108666813	2467.427008703773	0.32021202845939417	1791.3398911138536	75551.02292744177	93336.84927381371
0.0001315	-0.015210072373584209	-0.00929396221679869	0.007942093410723395	0.002671977094077836	0.0006590432893906047	0.2749812121673896	2453.121828407443	0.32155771021135426	1778.5594144376812	72567.25547670286	92795.71859296948
0.00013199999999999998	-0.014642646214127374	-0.009342608137868143	0.007772722435504233	0.002681784981605196	0.0006631921239140417	0.27592754844383244	2465.9618172146675	0.32286382039303396	1785.5350184345264	68592.86694365856	93281.42459187031
0.0001325	-0.014222760231474797	-0.009311243351925118	0.007459768089822961	0.0026912087159789025	0.0006673533682874989	0.27683231198690106	2457.683147768272	0.3241141500877422	1777.3170398403367	67525.20625582626	92968.26237082783
0.000133	-0.013584595827959947	-0.009398404891866783	0.007103556217322385	0.0027001650848594884	0.0006715415891859435	0.27769187407656193	2480.6892533711157	0.32530346392155657	1791.8220056009034	64710.04657320078	93838.52819974817
0.0001335	-0.012848982179942696	-0.009432534304357231	0.006732192990037928	0.002708556578338691	0.0006757496473542541	0.27850449488897805	2489.697640194521	0.3264291307099711	1796.305656485865	61073.18225729079	94179.29388001772
0.000134	-0.011800401663056887	-0.00948759656339447	0.006347976431703096	0.002716298251742871	0.0006799634348040516	0.27926028299216016	2504.2312079468766	0.3274772096374236	1804.8988921378327	54439.82938766367	94729.06391087467
0.0001345	-0.010842077830843256	-0.00945829410880412	0.005817397978491767	0.0027233601125766726	0.0006841554150175031	0.27993379898432796	2496.496886534252	0.3284121253436971	1797.643028934172	50168.99861673622	94436.49307113803
0.000135	-0.01006812570537522	-0.00938954759424239	0.0050237017708652815	0.0027298168922045684	0.0006883046868630805	0.28052709112881885	2478.351388245752	0.32923640607911897	1783.106682506101	50366.13372973899	93750.09236595902
0.0001355	-0.009412837129698698	-0.00926627016878176	0.004526092731019977	0.0027358699263408002	0.0006924120141658363	0.28106141111466687	2445.8125704312424	0.32997933675126345	1758.3890380638468	48791.77981118994	92519.2268841483
0.000136	-0.009202050865082615	-0.009200957938958218	0.004074469589718941	0.002741595266584775	0.0006965179026223034	0.2815371006293193	2428.573544394263	0.33064121102355915	1744.839990040433	51196.41956701677	91867.1158514146
0.00013649999999999998	-0.008883203059923468	-0.009259800876061606	0.0035823604455596353	0.002746889786127219	0.000700648028679467	0.2819478036119271	2444.105014190323	0.3312130156568844	1754.9949736424633	52926.35025554908	92454.63412459633
0.000137	-0.00831105038694876	-0.009309934231288114	0.0030284283903206947	0.0027516924329612116	0.0007047580166233203	0.28228375793764793	2457.337608122668	0.3316809940896943	1763.67111358029	52744.426198127985	92955.19143429915
0.00013749999999999998	-0.007874836445654934	-0.009169256562267738	0.002379185383845287	0.002755937186489847	0.000708831826445672	0.2825401061425685	2420.2060325262446	0.3320382299734732	1736.4007632093949	54871.41840269956	91550.5929345189
0.000138	-0.007084031248605511	-0.009147271367328888	0.0017470662455601129	0.002759490096245087	0.0007128817405949327	0.2827271109336103	2414.403086447036	0.3322989123727694	1731.7858771866738	53287.014839373376	91331.0813941051
0.0001385	-0.0058803623079771135	-0.009061817633438081	0.0012630146090408423	0.002762582471763769	0.0007169144027938047	0.2828616679457754	2391.8477526683423	0.3324865252561302	1715.2857078762206	46101.98403237883	90477.86718278445
0.000139	-0.00585760652468856	-0.009069703723057597	0.0009028522862080494	0.002765310882846671	0.0007209372555990565	0.28295162956172165	2393.9292694784112	0.3326119784009793	1716.563081623993	49470.82517511371	90556.60597427737
0.0001395	-0.004961737379568079	-0.009017712964821572	0.0005451947734431381	0.0027675083123693627	0.000724930988341537	0.2829918230769473	2380.2064179185327	0.33266803409182377	1706.6274644123168	44097.042280961454	90037.503393681
0.00014	-0.004271306051428876	-0.008938775067494933	0.0001017711678354385	0.0027692133057479157	0.0007288779402727347	0.28297790818912216	2359.370925530738	0.33264862740546725	1691.7210763818166	41630.78961330009	89249.34665968832
0.0001405	-0.003618606228326093	-0.008807378640491605	-0.0003257490520542715	0.00277049902603809	0.0007327565769562155	0.28291805641777273	2324.689114292685	0.33256515818718585	1666.9925883014453	39382.48016193734	87937.41687345745
0.00014099999999999998	-0.003125597153644011	-0.008631618327885957	-0.0006376416185763641	0.002771324437943075	0.0007365706509512255	0.28281547265678975	2278.297548525254	0.33242211118268933	1633.959750486279	37574.119407750324	86182.53514186548
0.0001415	-0.0022368089381075086	-0.0085170940326778	-0.0010135749797129468	0.002771596155441604	0.0007403311484494165	0.2826684177480968	2248.069101076834	0.3322170874701992	1612.6109652870591	32453.511680088835	85039.06543300596
0.00014199999999999998	-0.0013519147170416212	-0.008390729468772536	-0.0013534615158001806	0.0027713899145157847	0.0007440335590928358	0.28248221798514	2214.7154395466746	0.33195754835948965	1589.0977099775955	27011.873486760218	83777.37636662676
0.0001425	-0.000717914606808052	-0.008255925852480892	-0.0016436613840207046	0.0027707597931770815	0.0007476271880534435	0.2822488511129315	2179.134307844248	0.33163235930364016	1564.0761530344357	23579.194316581015	82431.42744291542
0.000143	-0.00020529257406235672	-0.007901628892571325	-0.002112676355881447	0.002769808039631029	0.000751046058229032	0.281970848760788	2085.6183685905235	0.3312451101463794	1497.5347870079638	23143.79890005646	78893.94362027972
0.0001435	9.732368619443423e-06	-0.007470181228570794	-0.002362126418204869	0.00276864642243122	0.0007543527706759212	0.2816622484346939	1971.7386628540319	0.3308154144603541	1416.3743177489484	23487.517073239826	74586.14732390334
0.000144	0.0002457759363542567	-0.007397349051384087	-0.0026051898100286695	0.002767237712026099	0.0007575767399197327	0.28132283479382497	1952.5147624873819	0.33034302737067367	1403.2277745276397	23557.606622297422	73858.95325305648
0.0001445	0.000624724962267869	-0.007098153997000139	-0.0028581060578383413	0.0027655384672134516	0.0007606646041311038	0.2809484110804436	1873.5428555934427	0.3298221729038326	1347.173967223348	22299.23027670777	70871.63531229294
0.000145	0.0009885352417181208	-0.006785398141359479	-0.0031687216233083205	0.0027636249903852115	0.0007636032569674583	0.2805392240565176	1790.9916036583315	0.3292532698551596	1288.5482088762851	21768.1067801839	67748.9193283742
0.00014549999999999999	0.0010283879453321576	-0.006427274786363393	-0.0034176659222145468	0.0027616674176172613	0.0007663762360464876	0.2801050197736023	1696.465695449291	0.3286499384074265	1221.277138280229	23855.78525189307	64173.230801072044
0.000146	0.0007841132138444983	-0.006040501316131833	-0.0035714063454412503	0.0027597790251691827	0.0007689819270627396	0.27964849587935503	1594.3776494317383	0.3280159859354038	1148.512337904491	27829.7741095036	60311.48472704971
0.00014649999999999998	0.0003580790580437325	-0.005675119774773242	-0.003776928561306781	0.0027580135351953526	0.0007714497145646005	0.2791727826914729	1497.9359581599772	0.3273558135388981	1079.7530084268385	34135.5590883594	56663.32671865015
0.000147	-7.735297350735599e-05	-0.005420464131510361	-0.0038802825248262433	0.0027563646902042096	0.0007737971062906909	0.27868372356580895	1430.7201353878365	0.32667757431161787	1032.001720677376	39515.07671648478	54120.71326067617
0.00014749999999999998	-0.00038119613186093194	-0.0051338003009467	-0.0039917484682189695	0.002754783548347475	0.000775998768479945	0.2781941535158341	1355.055818730776	0.3259990869390236	978.0872122722623	43661.73727263491	51258.51353022246
0.000148	-0.0003899815287272214	-0.004765239845638003	-0.003888506503890329	0.0027531630102895803	0.0007780304783518623	0.27770814780082664	1257.7750597912402	0.32532599434452747	908.4806775865409	42718.63412146746	47578.61560321077
0.0001485	-0.0001466917236425916	-0.004369666356813903	-0.0039343759464503655	0.0027513978795817417	0.0007798843690245116	0.277212625419374	1153.3642673286108	0.32464018779262177	833.6371307175538	40747.48726525994	43629.0055988348
0.000149	0.0001069482281498353	-0.00396573508919608	-0.0040416893999364375	0.002749537888251424	0.0007815548979794897	0.2767200578416969	1046.7474566879835	0.32395893652440527	757.0914399276356	39286.487936578764	39595.94721464911
0.0001495	0.00032737878419191797	-0.003545241513877742	-0.003886814607383987	0.00274764883386702	0.0007830465500477657	0.276246223912511	935.7590596774979	0.3233040327165025	677.2591529496672	35539.245511634756	35397.52219686024
0.00015	0.0005391625522569844	-0.0031614747937695224	-0.003740147410846162	0.00274581452072354	0.0007844111588041688	0.27579632402293475	834.4646390468449	0.32268260574927643	604.3223590706	31960.285960825902	31565.797068890464
0.0001505	0.00046650196476406147	-0.0029740336098111296	-0.00350156568407576	0.002744115520016951	0.0007856868366417024	0.2753764891354253	784.9899317923052	0.32210305436720194	568.8221603686832	30303.643617134374	29694.287485184916
0.00015099999999999998	0.000414709875172968	-0.002761626560713027	-0.003256212819595412	0.00274253893941637	0.0007868427713433486	0.27497875521060855	728.9255368124807	0.3215543213990101	528.4865000585602	28371.032877142876	27573.505810427916
0.0001515	0.0002718239749048176	-0.002435648513671892	-0.0031458224739739403	0.002741050946721126	0.0007878838897474364	0.2745924740748938	642.8843151973491	0.32102167732486203	466.3531205433652	28695.485276902502	24318.77263903201
0.00015199999999999998	0.00020075115011479108	-0.002245393350841076	-0.003071865557605185	0.002739681224147209	0.0007888338767565361	0.27422916892968985	592.6668641231561	0.3205209736711137	430.14032252249757	28666.689017105764	22419.166836998826
0.0001525	0.00010988969768665208	-0.002025906573239722	-0.002775994574020991	0.0027385134660707863	0.0007897176137355686	0.2739117439738889	534.7337896581564	0.32008370677148174	388.2639247711241	26619.767981893423	20227.697496574878
0.000153	3.1185330779001405e-05	-0.0019475221739865263	-0.0023333653354556394	0.0027375584547814887	0.0007905647917870869	0.27364695139629397	514.0443919256088	0.31971908951681616	373.3777111928042	22986.154116077338	19445.067173198768
0.0001535	5.300062022553268e-07	-0.001861531541981867	-0.001928809252792691	0.002736815927117992	0.0007913757578986159	0.2734280642984405	491.3473450161753	0.31941778407864985	356.99919157022447	19252.93584816228	18586.49229383106
0.000154	-0.0001852691623231702	-0.0017847072564710687	-0.0015944580330203865	0.00273635593401707	0.0007921397428383479	0.27325048088161547	471.0697360328176	0.31917340123118	342.34970413307457	17769.715449547188	17819.43895177201
0.0001545	-0.0006049569990445337	-0.001650296363387447	-0.0012639737756076897	0.0027362443182433597	0.0007928342405024082	0.2731097675628837	435.59226279721565	0.31897979986740244	316.6277611524775	18660.37005410872	16477.41117938951
0.000155	-0.0011581603887168806	-0.001472280883838241	-0.001000986733383501	0.0027364527609896766	0.0007934695952168992	0.27299969888275494	388.6054504463693	0.3188283872571698	282.5162794903131	21558.039947816887	14700.012696363328
0.00015549999999999999	-0.0015507288668677667	-0.0013843798049656035	-0.0007707091943037795	0.0027369006580304856	0.000794073274877156	0.2729265355780287	365.40414509424727	0.31872775507946055	265.67565768782305	23178.436497849765	13822.362928824967
0.000156	-0.0016407476728373773	-0.0013298645608258474	-0.00040694760041746364	0.0027375996391272492	0.0007946456325182041	0.2728900679294645	351.01496077644606	0.31867759957822217	255.22646428590335	20445.24713019132	13278.054577207593
0.00015649999999999998	-0.0020889811957337146	-0.001243550786266359	-0.00018004576025421043	0.002738568213916394	0.0007951382496564939	0.27287853928157996	328.2326210676181	0.31866174426394145	238.6649828861221	22655.136956242517	12416.253275687113
0.000157	-0.0024514607913345256	-0.0009713379703407634	-5.522545688443453e-06	0.002739824407137344	0.0007955158078182915	0.27290249057457405	256.3826194060716	0.31869468468555323	186.41516403012156	24531.79053363232	9698.339938534313
0.00015749999999999998	-0.0028110666570362237	-0.00072622645146185	0.00039104918424566796	0.0027413454176409163	0.0007958549679717596	0.2729688977075623	191.68594824152285	0.3187860206684907	139.36164624400553	24162.704254299617	7251.01994742533
0.000158	-0.0029587424835578317	-0.0007986941252228845	0.0006778584009729186	0.0027429816859418205	0.0007961925393962774	0.27306973020434866	210.81363869369434	0.31892472104785946	153.24681525221018	22773.524631740762	7974.574627824322
0.0001585	-0.0027751647434272786	-0.0007190832613128565	0.0009451693642913489	0.0027445830598504016	0.0007965146993160054	0.27319798641489623	189.80051818809653	0.3191011719836288	137.94739879860467	18271.618957283143	7179.69864791284
0.000159	-0.002360431796013422	-0.0007294014311041926	0.0011192780849007189	0.002746098912364858	0.0007968242429743951	0.2733487306098772	192.52397745701742	0.31930860100427527	139.8977926071771	12392.319639395499	7282.720583876887
0.0001595	-0.002028673482760979	-0.0006623584476252806	0.0013071421834064028	0.0027475490444696196	0.0007971216143873412	0.2735174483578058	174.82812262382137	0.3195408132702686	127.00958062256818	7204.141123998414	6613.328812808858
0.00015999999999999999	-0.0017756345996959735	-0.0006746729868825062	0.0014085853658294	0.002748887536449607	0.0007974460808902881	0.27368429361875035	178.0785194248841	0.3197705014059153	129.34122562741177	3664.80911167076	6736.283532535402
0.0001605	-0.0015568609436393238	-0.0007841824881174599	0.0012770021148562384	0.002750132646274035	0.0007978483007439549	0.2738451368927454	206.98332252510693	0.3199919768396092	150.30194623370375	2794.2550782672	7829.682948501128
0.00016099999999999998	-0.001452382507095338	-0.0010242650106108938	0.0013119757233412328	0.0027513360012007574	0.0007983534023301506	0.27400709066555723	270.35260064453405	0.3202150309620018	196.27407108805804	1401.8938413844533	10226.79084249737
0.0001615	-0.0013512490682129072	-0.0012467559045225114	0.0012948770110484424	0.002752495544522098	0.0007989467021683247	0.2741744293647351	329.07860530699696	0.3204455538575671	238.85366648080822	562.8477317978927	12448.254831623883
0.00016199999999999998	-0.0011687209627478914	-0.0014208190512150951	0.0013986529879582495	0.0027535171485876483	0.0007996128496419988	0.27432840485729665	375.0222076923253	0.3206577147859789	272.1429636700279	-2295.760086948297	14186.191182246946
0.0001625	-0.0009461490551522934	-0.001574291015002342	0.0010797791401988364	0.0027543715647464404	0.000800331135566066	0.2744536796228953	415.530810550056	0.32083036255247915	301.4868505979089	-1334.2317816958878	15718.534528529377
0.000163	-0.0008789911110425961	-0.0016552422139242933	0.0009366781462285518	0.002755198564651502	0.0008010719968551284	0.27457033120842017	436.89770967003045	0.3209911530640341	316.93856082173	-575.9771514783022	16526.793105409237
0.0001635	-0.0009616821012186452	-0.0016757936185818206	0.0009409780479848923	0.002756067911662663	0.0008018333019267374	0.27469077464982017	442.3222098125735	0.32115719733590553	320.8203793543374	206.71995999086005	16731.988943180462
0.000164	-0.0010083559966684323	-0.0017471608675508508	0.000997712907475305	0.002757018756048051	0.0008026458363905958	0.2748223774951485	461.15944544958484	0.32133865757580227	334.4225102467857	106.26609907453508	17444.556414147188
0.0001645	-0.00114848302557493	-0.00190612950436773	0.0011206029010497561	0.002757998759065403	0.0008034964385710609	0.27495755203270533	503.11888362147636	0.321525076920977	364.78254699948764	278.3695618106494	19031.781382686844
0.000165	-0.0010819671194728646	-0.001918319666033058	0.0010552038537535687	0.002758871572464113	0.0008043392017211293	0.2750695692107022	506.33645121810173	0.32167958626368376	367.0587017058628	267.2182666966015	19153.494252301698
0.00016549999999999998	-0.0010392879015688886	-0.001870883917199721	0.0007478556347033965	0.002759603709018853	0.0008051375543834442	0.2751410225839001	493.815884833661	0.32177815695657397	357.94687731235405	2909.810261126346	18679.87123799367
0.000166	-0.0011023868075408375	-0.0017186427113452176	0.0004022776290566985	0.0027602836379645116	0.0008058650965825005	0.2751793110443131	453.63213795015	0.32183098029583984	328.801958761469	6990.251605880443	17159.81641453055
0.00016649999999999998	-0.0013383854016833052	-0.0015525082726447642	0.00021402402289170142	0.002761005595983835	0.0008065378801108851	0.2752026464021954	409.7813014049289	0.3218631754771902	297.0084028121568	11226.20467668389	15501.044379242629
0.000167	-0.0015320458029438877	-0.0014724386015604809	0.0001615883536972194	0.0027617264365409227	0.0008071742993643251	0.27521853021575626	388.647079708263	0.3218850905511486	281.684201658309	13683.354939195917	14701.587431554703
0.0001675	-0.0014533032242159626	-0.0013890084317813173	9.408190390066021e-05	0.002762334207837645	0.0008077736433460715	0.2752219063598788	366.62586143140385	0.32188974871657733	265.7223929274201	13571.167625102393	13868.577529384294
0.000168	-0.0012249944712013382	-0.0013057420008142592	-3.973855403754436e-05	0.0027628058340675487	0.0008083132140514932	0.2752092122861944	344.64786167047635	0.32187223444202573	249.79759514402323	12627.7476890505	13037.202480076045
0.0001685	-0.0010998429848689056	-0.001120257819212211	-0.00016458876801360892	0.0027631700080510413	0.0008087752138182291	0.27518052125490766	295.6897010821062	0.32183264996617816	214.32165500862436	12624.739630253916	11185.232618580347
0.000169	-0.0009993627180219366	-0.0009569701319940506	-0.00029723000942968034	0.002763422919042556	0.0008092007057148483	0.2751473622961013	252.59025861815664	0.3217869031266883	183.09071521768075	12945.851409726809	9554.884020282248
0.0001695	-0.0006715030265838936	-0.0009561123505213919	-0.00023650576549562593	0.0027635548390664575	0.0008096481590952285	0.2751235760068198	252.36384899807243	0.3217540883202363	182.93260440687766	9066.02871673567	9546.31948706226
0.00016999999999999999	-0.00030450208069684803	-0.0010557126232312785	-0.0001463649276528532	0.002763605274648887	0.0008101342690310567	0.2750997029143234	278.65313201864797	0.32172115484551367	201.99573818417218	4501.68905938206	10540.780047862045
0.0001705	-0.00030653260554782335	-0.0011299186665747819	-0.00023790297405856502	0.0027636267508333837	0.0008105819553195414	0.2750684238893358	298.2396614750158	0.32167800635971916	216.20334785179415	5435.925997830959	11281.69150794471
0.00017099999999999998	-0.0002935037393767037	-0.0008829535008337393	-0.0002655728660058636	0.0027636570604936926	0.0008109782188924162	0.2750323081387856	233.05372411015594	0.32162818807046906	168.9564204478	5582.109560465097	8815.86374925755
0.0001715	-0.0004241026578629227	-0.0008987135667404771	-0.0003157562468744732	0.0027637181103346473	0.0008114020029343014	0.274984831457091	237.21356044164853	0.3215627022181767	171.98342950426533	7387.13340134091	8973.220386477886
0.00017199999999999998	-0.0006145854058139843	-0.0010066901162490648	-0.0004484415568969748	0.002763822962915715	0.0008118602550085815	0.2749282981862271	265.71374414982716	0.3214847299641714	192.66151666602462	10613.810190681335	10051.314020722299
0.0001725	-0.0007668244427929796	-0.0010536875850599182	-0.0004615336118000763	0.0027640021422296163	0.0008123283874009294	0.2748722394417092	278.11862744184407	0.3214074181929283	201.67153748645	12264.561196450324	10520.561020938318
0.000173	-0.0009411326770726472	-0.0010511136730019116	-0.0004408034495462507	0.00276428980367981	0.0008127916383304169	0.27482312048236995	277.4392487541962	0.3213396821352743	201.19252866728357	13797.96398218596	10494.86175366713
0.0001735	-0.0011428735056753067	-0.0010317397144622201	-0.00034982890955712585	0.002764639160314274	0.0008132327047678892	0.2747760783082981	272.3255330441759	0.32127481430832733	197.4969910510804	14903.911812401015	10301.42214602255
0.000174	-0.00118509599784429	-0.0009513684994860592	-0.00040737493930492134	0.0027650239043935996	0.0008136599550647923	0.2747294776135396	251.11171946988756	0.3212105593986105	182.12392795728763	15900.052260173876	9498.95442838728
0.00017449999999999999	-0.0012948751825076898	-0.0009696200437733323	-0.00034272273638637235	0.002765467562031297	0.0008141074619759184	0.27468631728495685	255.9291762928051	0.32115105188647336	185.628933371162	16350.623351519205	9681.187272470468
0.000175	-0.0013946040894113928	-0.0010424456131345812	-0.00035199785350577403	0.0027659812540463745	0.0008145808856517237	0.274656124521243	275.15133253778885	0.3211094255721889	199.57933388610397	17438.975821950644	10408.315367375399
0.00017549999999999998	-0.0014010319037823886	-0.0010861461372323868	-0.0001339932245634678	0.0027665403842210643	0.0008150606243357446	0.27464294049853616	286.68599418978107	0.32109124949965845	207.94970974575332	15326.483637479623	10844.643968885688
0.000176	-0.0013251242270547342	-0.0010708389425729812	-7.822045250518235e-05	0.0027670330853876582	0.000815531201796621	0.27462039257608567	282.6456922738987	0.32106016470947374	205.02542130170113	14011.718031089524	10691.809032081816
0.00017649999999999998	-0.0012530799328349899	-0.0010449557511041365	-0.00028471714551619873	0.0027674240479040337	0.0008159813568378135	0.2745790783929119	275.81387818858786	0.32100321107269414	200.08115770759056	15354.160217892619	10433.377881211678
0.000177	-0.0011697572238314757	-0.0009790163399379655	-0.0003802873771064931	0.0027677249069018328	0.0008164035279836765	0.2745286140352564	258.409308952047	0.32093364787022566	187.46855951163317	15476.445808571014	9775.004746048475
0.0001775	-0.0009952432360684621	-0.0009191354937193832	-0.0004320008855221774	0.0027679684357427565	0.0008168058217546551	0.2744862167492141	242.60388522256346	0.320875208560226	176.01246259916144	14250.342403071945	9177.123452237658
0.000178	-0.0007821414669177433	-0.0008896443495624238	-0.00025043756053126463	0.0027682341714589326	0.0008172359098198507	0.2744747426591424	234.8197595947032	0.3208593935617994	170.36766650866537	10309.802280341646	8882.668638420206
0.0001785	-0.0005973407305885515	-0.001044103272900917	6.574743223908742e-05	0.0027685148296524354	0.0008177116163344216	0.2744920810626995	275.5888683553459	0.3208832915730115	199.94190636277264	5307.702029429697	10424.866298572617
0.000179	-0.0003854615431519351	-0.0010947525010289462	0.00021333630837489382	0.00276872365005836	0.0008181960810431751	0.27450996287913637	288.9576258577467	0.32090793918379973	209.6358787098933	1718.5872372333415	10930.574349744214
0.0001795	-0.00026559914061570375	-0.001083481573644754	7.449435629516662e-05	0.0027688099066996968	0.0008186829248579364	0.27450151888729435	285.9826882210752	0.32089630023320026	207.4800059289185	1908.0888617693429	10818.039589926182
0.00017999999999999998	-0.00025814192380251564	-0.0011054493581579149	-0.00021041118515504345	0.002768862186432803	0.000819170299730066	0.27447388916604665	291.7810388549502	0.32085821718291374	211.69476233552265	4678.276221749397	11037.37729565837
0.0001805	-0.00042165210695779544	-0.0010858692960822164	-0.00023432445227065574	0.0027690205651677603	0.0008196666327316288	0.27445216609357714	286.6129225490059	0.32082827649994594	207.95138512502055	6549.6087431604665	10841.879843869156
0.00018099999999999998	-0.0006401056663839683	-0.001145726601111297	-0.00011533613224847046	0.0027693112804063557	0.0008201868476752534	0.2744488172440578	302.4121326309098	0.3208236608955235	219.4154805101035	7542.72106169688	11439.526090286257
0.0001815	-0.000720902507258952	-0.0011932464879152477	6.14321238695451e-05	0.002769678254337396	0.0008207303777306694	0.2744619326080783	314.9549070561727	0.3208417374735417	228.51177458113787	6584.492887951519	11913.989181545528
0.00018199999999999998	-0.0007179649211632525	-0.00125055522957767	0.00014967640398826608	0.002770073193299344	0.0008212668963762148	0.2744799344885	330.0814291843287	0.32086654954690325	239.4807001259437	5674.0860452465295	12486.18925511707
0.0001825	-0.0007679832271268227	-0.0011617220205682494	0.00014008684380019902	0.002770455048166098	0.0008217572604186774	0.274483615488294	306.63409003821016	0.3208716231614135	222.46805637255918	6269.241765089772	11599.232618899103
0.000183	-0.0008896495051825877	-0.0010430364416842957	-8.08364527061033e-05	0.0027708512267426927	0.0008222310341979926	0.27447221600688965	275.3072804939287	0.3208559110533303	199.74308113392976	9689.833006195237	10414.214504746207
0.0001835	-0.0010751246114897518	-0.0010871294324134374	-0.00010265275383410521	0.0027713071240264885	0.0008227285436193458	0.2744677717756069	286.94553288986776	0.3208497855571477	208.18823185662163	11759.537472641843	10854.461695791191
0.000184	-0.001046201135634649	-0.0011497558442275038	3.111717753584772e-05	0.002771835588479595	0.000823252683870066	0.27446892869435013	303.47564289808753	0.3208513801378164	220.18100830702028	10135.12247270784	11479.756134440984
0.00018449999999999999	-0.0013112410387702764	-0.001206866079718709	-1.249509336373613e-05	0.002772397291750728	0.0008237326932403541	0.27446845800489733	318.5497697388164	0.32085073138641373	231.11790564078836	13216.86518015187	12049.974219881571
0.000185	-0.0012218468331100974	-0.0009513360506584764	4.918745707778885e-06	0.0027729390940835637	0.0008241508400715772	0.2744768822721632	251.10315466992466	0.32086234261995294	182.18114364741893	12150.438501068431	9498.630442534659
0.00018549999999999998	-0.0010785874190821336	-0.0009287217936594047	0.00013068059091811185	0.0027734770547879137	0.0008245665285209765	0.274498211412835	245.13416897969154	0.3208917413443723	177.84527803859456	9464.391314145161	9272.838021635644
0.000186	-0.0009968538184784023	-0.000940282756247846	0.00021263915839672608	0.0027740292427863135	0.0008249792169055737	0.27452849935303447	248.18566080003126	0.32093348979064446	180.05162377965743	7830.004170006914	9388.268642720133
0.00018649999999999998	-0.0009983523885472103	-0.0009152330022981285	0.00027488390671750004	0.0027745453555574704	0.0008253894888568888	0.2745542512933632	241.57383079934348	0.32096898725315365	175.24870855216014	7223.482954278381	9138.158962465612
0.000187	-0.0009076662931356569	-0.0009294180694734394	0.00013962644951672103	0.002774977023992098	0.0008257877038250281	0.2745725083052841	245.31794952002053	0.3209941541821637	177.96038478799943	7668.5064490395935	9279.789998951139
0.0001875	-0.0007393170187020302	-0.000861022796442277	0.00015424346546939153	0.0027753218057015618	0.0008261421756721103	0.2745860242553034	227.26516069660914	0.3210127860593507	164.86132376918462	5841.676513794318	8596.896270610245
0.000188	-0.0005933225397427156	-0.0007327417066803807	6.33130054532095e-05	0.002775594993873069	0.0008264800208233968	0.27458805477403736	193.40563618745992	0.3210155851804647	140.29875876441014	5291.888911128024	7316.071620298218
