time	incid	trans	refl	U_in	U_out	eng_strain	eng_stress	true_strain	true_stress	F_in	F_out
5e-07	-0.0002214659904236552	-0.0004640616803031441	-0.00011671014396838033	6.880966678960532e-08	1.9792583882798936e-07	8.160670299463319e-06	117.6918387562513	8.16070359796842e-06	117.69087831195827	3376.5251751486962	4633.4314784877815
1e-06	-0.00021908668799692916	-0.0004258458787073008	-1.446280428834029e-05	1.7090545038009256e-07	3.742340841539158e-07	3.3627066577339345e-06	107.99983411492687	3.3627123115942752e-06	107.99947094316566	2331.8787464470483	4251.865178994674
1.5e-06	-0.00016283148299691856	-0.00036686537698561885	9.158429228125489e-05	2.578103022707498e-07	5.245479745456096e-07	8.126698225496609e-06	93.04164214816825	8.126731247265556e-06	93.0408860268201	711.3687473616249	3662.9733896193375
2e-06	-4.3228866905907344e-05	-0.0003089709265305018	9.309405605829596e-05	2.5932062421234026e-07	6.491530576454352e-07	1.0988276448857372e-05	78.35888634856329	1.0988336820405274e-05	78.35802531945787	-497.87980112578026	3084.925296975147
2.4999999999999998e-06	8.243463185960657e-05	-0.00025127429460016437	-4.709763193488229e-05	1.454096759395207e-07	7.59002850173452e-07	2.554890945833597e-06	63.72629979780937	2.5548942095445087e-06	63.726136984063004	-352.82285686588403	2508.852326644747
3e-06	0.00021203786909411597	-0.0002426286809045536	-0.00017059247570403715	-9.056751757041635e-08	8.59134784898184e-07	2.535465061535908e-05	61.53366417155388	2.5354972049959508e-05	61.53210400699773	-413.81221187333523	2422.530054523679
3.5e-06	0.00048247624048179287	-0.00020758118627362907	-0.00019588620627298314	-3.964366181176845e-07	9.404797175814401e-07	4.378212245182163e-05	52.64518175210726	4.378308091691772e-05	52.64287683431329	-2861.4629095351147	2072.5977680246574
4e-06	0.0005965627937383508	-0.00015815918855907092	-0.00010031321375081604	-6.501246012793288e-07	1.0081020166932254e-06	5.0087880089017095e-05	40.111145797589366	5.008913452873236e-05	40.109136715328425	-4954.812092217055	1579.143019098185
4.5e-06	0.00044270319905216605	-0.00014588193863070037	-1.0442470839463204e-06	-7.588828144737433e-07	1.072621501743262e-06	4.8576249219291766e-05	36.997481859648836	4.85774290834819e-05	36.99568466074954	-4409.751069014537	1456.5606152888167
4.9999999999999996e-06	7.058949981411655e-05	-0.00014420841940177283	2.53418930592754e-05	-7.257820186913256e-07	1.129240558134811e-06	4.585465824781385e-05	36.57305647913097	4.585570960478282e-05	36.57137943412504	-957.828569737524	1439.8513350265418
5.5e-06	-0.0001756698968337839	-0.0001103602946440302	1.840440455810387e-05	-6.036018038149178e-07	1.1760455611404032e-06	4.1362036992556094e-05	27.988749240947794	4.136289242520537e-05	27.987591569266314	1570.2198938598203	1101.8941767499596
6e-06	-0.0003014592358061843	-0.00010008279970294606	5.3809072255403015e-05	-4.532754513116601e-07	1.2155614174781837e-06	2.9965609099900202e-05	25.382248146881775	2.996605807768045e-05	25.38148755235573	2472.6671305832942	999.2783594971523
6.5e-06	-0.00019124924426469045	-7.75870763677716e-05	0.00012937478292045324	-3.126139436430512e-07	1.2537140514282677e-06	1.2963292517738538e-05	19.677051713211373	1.296337654196734e-05	19.676796633834126	617.7865768179475	774.6694399146077
7e-06	-0.000167896572362622	-9.395352464413045e-05	0.00014391698251491105	-1.8257450856254544e-07	1.286021181666958e-06	3.691263118014158e-07	23.827787430703673	3.6912637997706597e-07	23.827778635240378	239.4246091791718	938.080511876391
7.499999999999999e-06	-0.0002024798227679983	-5.130471743072782e-05	7.03855957156034e-05	-8.343105001624972e-08	1.3102287465090965e-06	5.319824564859756e-07	13.011517191740305	5.319825980335723e-07	13.011510269841427	1318.8969822961096	512.2527948939214
8e-06	-0.0002577699291309828	-5.7536528693666814e-05	-8.486983408068141e-05	-7.44638454395359e-11	1.3330176112672078e-06	1.7144071316968787e-05	14.591982370071987	1.7144218278191644e-05	14.591732204085579	3421.092350502719	574.4744169309622
8.5e-06	-0.0003840344997659329	-4.4926005402927485e-05	-0.00018214949062791012	9.296803960946227e-08	1.3561947953759078e-06	3.8422386450562014e-05	11.39379614449065	3.842312460937438e-05	11.393358367652048	5653.07336299123	448.56443975433757
9e-06	-0.0003763233959859187	-5.9282477213805886e-05	-0.00015987380250679408	1.753411438299015e-07	1.3781314123127737e-06	5.986755013862496e-05	15.034776723561144	5.986934227195533e-05	15.033876628311823	5353.669746121169	591.9068686424393
9.499999999999999e-06	-0.0003387449921742189	-3.9348208637165856e-05	-0.00018483138022754435	2.188002498215002e-07	1.3922944676489635e-06	8.116960841423313e-05	9.979197211990277	8.1172902845138e-05	9.978387204460292	5227.656900466416	392.8728362196422
9.999999999999999e-06	-0.0001990593271002352	-2.433124866356592e-05	-0.00015757355532435008	2.2464426049088595e-07	1.4098614097962359e-06	9.629384541904622e-05	6.170708584643405	9.62984819690758e-05	6.1701143833848295	3560.806879401177	242.9357524091098
1.05e-05	-7.032021662141151e-05	-5.4652651054261905e-05	-8.553034242596015e-05	2.3311280472919823e-07	1.4306502444648403e-06	0.0001005233285246791	13.860594977973834	0.00010052838133313488	13.859201664831316	1556.092469773178	545.6802932149143
1.1e-05	-3.573961761855571e-05	-3.881741442156168e-05	1.7546494505484576e-05	2.8973917351176996e-07	1.444493178357089e-06	9.266141559633969e-05	9.844581168720275	9.266570893057435e-05	9.843668955893227	181.64953690863123	387.57311264502374
1.15e-05	-9.249119088644586e-05	-2.3422723513637128e-05	0.0001088242887640868	3.9760017357826077e-07	1.4589375318839308e-06	7.730597747240557e-05	5.940295258161525	7.730896573343723e-05	5.939836037830118	-163.07808435733656	233.86456810893657
1.2e-05	-0.00014564966491034098	-4.152149733529841e-05	0.00013799588857141322	5.248935117218054e-07	1.4767145292607604e-06	5.76187030210765e-05	10.530370372558746	5.7620363042357556e-05	10.529763626275548	76.41925572248665	414.57207296591065
1.2499999999999999e-05	-0.00011023316889393036	-3.840684570382431e-05	0.00017845334147405064	5.912517137288945e-07	1.494536823289536e-06	4.383716770577994e-05	9.740455813455556	4.383812858244695e-05	9.740028819460532	-681.1454350079349	383.47378253096645
1.3e-05	3.339721789767291e-05	-4.172515863188878e-05	4.306824345389928e-05	5.374055463425394e-07	1.5139909458958035e-06	4.6402066218810384e-05	10.582021421323525	4.640314282804408e-05	10.581530393664803	-763.4706563403895	416.60553253093013
1.35e-05	0.00016747647000093922	-4.574381895965752e-05	-8.429589848557081e-05	3.7911346437755957e-07	1.5360458794483153e-06	6.809529796658509e-05	11.601203877851598	6.809761655664598e-05	11.600413890416764	-830.5177842008966	456.7299126604644
1.4e-05	0.00019553853444835556	-5.3418838114694754e-05	-0.0002643966795933443	2.1712633854522417e-07	1.5600079585772506e-06	9.682734274911101e-05	13.547684604844006	9.683203081884949e-05	13.546372818543317	687.5152825733319	533.3612676297346
1.45e-05	7.094955943961763e-05	-5.4318663328852774e-05	-0.00019743634211516744	1.4618992743297295e-07	1.5859304866181038e-06	0.00011247915219442607	13.775891518942828	0.00011248547844870269	13.774342018344054	1262.9093617009964	542.345587278134
1.4999999999999999e-05	-3.591621789983058e-06	-6.223334316416402e-05	-5.41476473310658e-05	1.4074754598783428e-07	1.610975120985738e-06	0.00011440611188873786	15.783153188073351	0.00011441265676713807	15.78134749888376	576.4986820622274	621.3698382508234
1.55e-05	-2.9120808745293794e-06	-5.037150705844716e-05	2.317409062563578e-05	1.632129700060517e-07	1.6338635405106444e-06	0.00010239335785384948	12.774843384524917	0.00010239860041162967	12.773535325414718	-202.306369568965	502.9351405852272
1.6e-05	9.499434600413483e-05	-5.253864186211952e-05	0.00016991646512721186	1.846763961306206e-07	1.6553130068027918e-06	8.568109664420949e-05	13.324455840589499	8.56847674790401e-05	13.32331418660089	-2645.0063502030484	524.5729336710571
1.6499999999999998e-05	7.71319874992061e-05	-4.390173349842431e-05	9.871300946987858e-05	2.0606011001127733e-07	1.6785323596845808e-06	7.692930044317646e-05	11.134027995246784	7.693225965363018e-05	11.133171462261995	-1755.7272640113424	438.33758007965935
1.7e-05	-3.260214374860526e-05	-6.049634695024561e-05	4.1961575840467974e-05	2.220154875498747e-07	1.7078008278071368e-06	7.661691443744364e-05	15.342629251265722	7.66198496631037e-05	15.341453746353134	-93.44940363719924	604.0267709880271
1.75e-05	-3.411466401717851e-05	-7.109956380678695e-05	-3.694034696312801e-05	2.0170959797581593e-07	1.7345640796744922e-06	8.152358758150641e-05	18.031737491710057	8.152691080979287e-05	18.030267479779404	709.4499256335528	709.8947640622185
1.8e-05	4.6544465518510825e-05	-4.923247713082116e-05	-4.192851537543651e-05	1.2448256127734653e-07	1.7567316031339322e-06	9.094235533880363e-05	12.485971167165502	9.094649084552435e-05	12.484835663538867	-46.088030112892255	491.5624775414817
1.85e-05	0.00014928581271821283	-5.043640293006475e-05	-0.00010946683455694234	1.0152563595444046e-09	1.785005470892163e-06	0.00010846384130149361	12.791301788186633	0.00010846972392928306	12.78991439445944	-397.5732422748764	503.5830944826066
1.8999999999999998e-05	0.00012420698001548453	-7.668761882223402e-05	-0.00017216995350395316	-1.3133571915711979e-07	1.8125349697890524e-06	0.00013582299699039347	19.44893804446727	0.00013583222176899887	19.44629643141379	478.8870975474072	765.6887912595953
1.95e-05	3.109958168759982e-05	-4.7089596467996274e-05	-0.0002675955292118018	-2.3297335714255e-07	1.8356572066178708e-06	0.00016702233874168673	11.942509864180247	0.0001670362885257872	11.940515198252285	2361.297677234669	470.16685032380326
1.9999999999999998e-05	-7.561167114345508e-05	-5.6871834020509195e-05	-0.00023389632023287994	-2.661599946431352e-07	1.858914769138199e-06	0.00018636311956610405	14.42340749820516	0.0001863804873301098	14.420719506989021	3090.287629760408	567.8377620359064
2.05e-05	-8.605543777659553e-05	-4.7698043331305845e-05	-7.698344199605127e-05	-2.2724935953489562e-07	1.884587721333131e-06	0.00018172549539475718	12.096819588873737	0.0001817420094733013	12.094621288341248	1627.864376266726	476.2418980364351
2.1e-05	-1.4349038693940151e-05	-6.773182856247534e-05	0.00015152766607801272	-1.1313004824684921e-07	1.914825117250873e-06	0.000156010654247974	17.177637767103725	0.0001560228251759722	17.174957872597243	-1369.6622610207824	676.2695561329344
2.1499999999999997e-05	-8.541529826233973e-05	-6.822054304967922e-05	0.0002618074404019802	2.0551130418016442e-08	1.939941030285402e-06	0.0001279913936314515	17.301581865630176	0.00012799958522879783	17.299367412055165	-1761.190243964567	681.1491339673385
2.2e-05	-6.526168666039931e-05	-4.470478793906718e-05	0.00018856843414895847	1.1642630361455782e-07	1.9614428212136164e-06	0.00011418672746743596	11.337692632410734	0.0001141932472681218	11.336398018392007	-1231.1582480807633	446.3556903485
2.2499999999999998e-05	-0.00014391568575907333	-5.1970847706005555e-05	3.332495131875296e-05	2.281763602726546e-07	1.9832195999589027e-06	0.00011069657874355506	13.180456150237013	0.00011070270606197784	13.178997118834904	1104.1950066856045	518.903783581954
2.3e-05	-0.00030243125596954046	-4.594117899592628e-05	2.277498669687742e-05	3.7348755457545117e-07	2.0094442276955252e-06	0.00010818387535650796	11.651256848289272	0.00010818972765402363	11.64999637017065	2792.232619504294	458.70045718817846
2.35e-05	-0.0003105234109150984	-7.19691180792194e-05	1.761369453624287e-05	5.146541806216866e-07	2.0329419775765404e-06	0.00010590723484086644	18.252267316870533	0.00010591284340802084	18.250334269709427	2924.5618800892016	718.576842995153
2.4e-05	-0.0002875910127254652	-3.368068167747011e-05	1.8980560298073442e-05	6.282496268496937e-07	2.0481389341538406e-06	0.00010328909520470173	8.541841581481217	0.00010329442989067992	8.540959302392883	2681.9454795640645	336.2853200879972
2.45e-05	-0.00018106960411515808	-3.464736792016787e-05	2.31028816767959e-05	7.18061685407011e-07	2.0688098581229663e-06	9.572647216606304e-05	8.787005287584147	9.57310542372027e-05	8.786164138567063	1577.2213379508605	345.93721477538224
2.4999999999999998e-05	-0.00010118032114742607	-5.8292551399016565e-05	9.845717701074563e-05	8.208434639244663e-07	2.083766932168181e-06	7.335539382405383e-05	14.783719171688452	7.335808446251036e-05	14.782634706146428	27.189277414830432	582.0229380653311
2.55e-05	-1.3555395225113703e-06	-8.956946353942297e-06	0.0002611309688302142	9.793086451771764e-07	2.0938254749542098e-06	3.2878818385313516e-05	2.2715934772893753	3.2879358905514935e-05	2.2715187899799902	-2593.732045933448	89.43077816804909
2.6e-05	-6.051811661838933e-05	-3.626793843583987e-05	0.00038948124080461405	1.1983560163761804e-06	2.1087087451042584e-06	1.8909563143277153e-05	9.198002213033824	1.890974193136416e-05	9.197828282830184	-3284.537723240692	362.11782773941485
2.65e-05	-9.191950095819441e-05	-3.0649724703803855e-05	0.00044295463042472047	1.4387861039290035e-06	2.124753144159571e-06	7.424713304891148e-05	7.773153033034724	7.424988950375558e-05	7.77257589870727	-3504.916022936306	306.02268034029527
2.7e-05	-9.960944378458058e-05	-4.1488567515391655e-05	0.00044653017015125956	1.634951373949237e-06	2.139470109691759e-06	0.00012158542395099178	10.522018958901397	0.00012159281605786694	10.520739634765459	-3463.835697524465	414.2432846375204
2.7499999999999998e-05	-2.147628137907944e-05	-2.468136234491458e-05	0.00031437585290772224	1.769504096492823e-06	2.1562399639551296e-06	0.0001551925462583488	6.259501787531278	0.00015520458986767352	6.258530359510562	-2924.460588665421	246.43146821816006
2.8e-05	-4.330116211632181e-05	-5.071869739891066e-05	0.00022581816960659423	1.8922690145420394e-06	2.175311804563712e-06	0.00017716532114829184	12.86289519164863	0.0001771810167776596	12.860616332691103	-1822.344062781451	506.4016682491352
2.8499999999999998e-05	-0.00015548447277989176	-3.503147661737757e-05	0.0001273677278661448	2.079877402174416e-06	2.191458307470485e-06	0.00019643972930654855	8.884420051128826	0.00019645902611727	8.882674798058938	280.73210197158295	349.77235437934553
2.9e-05	-0.00037822120453572493	-3.756589153529171e-05	0.00018244517367800686	2.3934533551785668e-06	2.20685048119332e-06	0.00022001207982044112	9.527179331890254	0.00022003628602861258	9.525083237350623	1954.728999638543	375.07726180574923
2.95e-05	-0.0006527713933576944	-3.1639886884860656e-05	0.00019645197579407338	2.8509201493823026e-06	2.228525422872209e-06	0.0002482712582523333	8.024270530345321	0.00024830208266315003	8.022278334604195	4556.1287288433905	315.9089709202883
2.9999999999999997e-05	-0.0009498432933160358	-6.581426339370556e-05	0.00025778028873789946	3.5042686716471535e-06	2.254598425898747e-06	0.0002970063245895367	16.691319287844607	0.0002970504397031283	16.686361860450376	6909.914450196514	657.1235951709658
3.05e-05	-0.0012043630479789391	-5.141430371411291e-05	0.0005255772174902617	4.419799668658176e-06	2.2782530982328275e-06	0.0003710994698908022	13.039309642057749	0.00037116834433909663	13.03447076116184	6777.348287156992	513.3469609425279
3.1e-05	-0.0017210588128600654	-5.494104554530232e-05	0.000665380872731776	5.63300633403255e-06	2.3005691046298556e-06	0.0004634869802272544	13.933735423260222	0.0004635944235179926	13.92727731830561	10540.433753849886	548.559772753359
3.15e-05	-0.002248702577075925	-4.5395438550134936e-05	0.0008196371059663333	7.112839547886995e-06	2.3266481379941633e-06	0.0005703017580882912	11.512850254349255	0.0005704644419914445	11.506284455608593	14268.527697296044	453.25150273246527
3.2e-05	-0.002687955259961487	-7.186024196135347e-05	0.0008972818253548317	8.807526881315968e-06	2.350304797900939e-06	0.0006886677022214797	18.224654973399478	0.0006889049427497558	18.212104242135165	17879.008355480662	717.4897676058512
3.25e-05	-0.0030290514194074914	-3.450404375616189e-05	0.0010053081942617845	1.0722111549922059e-05	2.3722554811970693e-06	0.0008249195177393687	8.750656489318692	0.0008252599510776505	8.74343790198762	20206.097511953893	344.5061923028966
3.2999999999999996e-05	-0.0033891564835347317	-6.418988679045643e-05	0.0011847756702937679	1.2935781677973516e-05	2.3990246356175738e-06	0.000985971290866663	16.279357091043224	0.000986457680296804	16.26330611231769	22009.676480878734	640.9049802629281
3.35e-05	-0.00397516003736143	-5.6168693009867606e-05	0.0014039376495506544	1.552464002707958e-05	2.4241893162802076e-06	0.001174146625796602	14.24508215491614	0.0011748364759891113	14.22835633976975	25672.41221488602	560.8172390519914
3.4e-05	-0.004640086662078011	-5.6975905362777894e-05	0.0016207542649823129	1.8516086855139543e-05	2.4484991984462337e-06	0.0013884051723385804	14.44980129056792	0.001389369899858424	14.429739111716831	30146.5739717669	568.876864064243
3.45e-05	-0.0053660087186884475	-5.232537650270413e-05	0.001823193867680205	2.194995179072664e-05	2.472800086284309e-06	0.0016361427556308825	13.27036908152718	0.001637482698947729	13.248656863289892	35373.29314153322	522.4435821828222
3.5e-05	-0.0060911370084499	-5.693546536525633e-05	0.0021588894664036806	2.5906484712135696e-05	2.4998907922940352e-06	0.0019386865561207322	14.439545202057225	0.001940568241293982	14.4115514498975	39261.590249428125	568.4730902439526
3.5499999999999996e-05	-0.0068350671486442395	-6.486886397214027e-05	0.0027041378133109127	3.0449987988379455e-05	2.529400080040288e-06	0.0023118278058249786	16.451554185476247	0.002314504205439198	16.41352102506123	41245.33188182822	647.6842390992399
3.6e-05	-0.007595484567152684	-6.780981194963516e-05	0.0032936584514299296	3.555548496567041e-05	2.5543688545524916e-06	0.002748112960602378	17.19741532818415	0.002751895955345304	17.150154888231903	42951.65359602648	677.0481825444697
3.65e-05	-0.00834692225590425	-4.445395971965156e-05	0.0037191000515762454	4.1199633364609264e-05	2.5789790691775974e-06	0.0032322324244279696	11.274079462851683	0.0032374673710705345	11.237639017656276	46206.566903716	443.85129186687095
3.7e-05	-0.009248472216649326	-6.619766693726211e-05	0.0040625373688991375	4.73956649338289e-05	2.6054479080320757e-06	0.0037605927158847986	16.788555215614718	0.0037676815223287633	16.725420297160646	51779.05177013527	660.951694156683
3.75e-05	-0.010117162939172858	-5.2810644025614425e-05	0.004430218082418448	5.417919879505976e-05	2.6395954464771484e-06	0.004335151930382308	13.393438986852473	0.004344575947738987	13.335376393974164	56781.39444415476	527.2887437455514
3.7999999999999995e-05	-0.011147388381904646	-0.0001007223800798397	0.004805129425574929	6.162392924560116e-05	2.67028950482748e-06	0.004962599096572532	25.54445371951138	0.004974953682321468	25.417686836560495	63324.388848014256	1005.6642602881554
3.85e-05	-0.012239902866592454	-3.728322193964289e-05	0.0052803282199701835	6.977468989586172e-05	2.6987132696189696e-06	0.005649293760995647	9.455490791585301	0.005665311374951298	9.402073946449248	69487.98750950569	372.254942579488
3.9e-05	-0.013369485641310951	-9.051476185702616e-05	0.005757461615806354	7.863581498069217e-05	2.7408800461098667e-06	0.006397833902445357	22.955674234034426	0.006418387755425151	22.80880764316643	76002.37906249575	903.7461282780445
3.95e-05	-0.01443972818755048	-9.907409304212882e-05	0.006274419790910771	8.8242014709863e-05	2.7807059738067013e-06	0.0072153580705691936	25.12642753786336	0.007241514662006368	24.945131366143467	81526.65596486375	989.206911254027
3.9999999999999996e-05	-0.015610630260851615	-7.99899155374562e-05	0.006866296776327494	9.862802619671284e-05	2.8179229315308716e-06	0.00811261067601153	20.28644174069865	0.008145696967638462	20.121865736854772	87307.94147692161	798.6606271190484
4.0499999999999995e-05	-0.016664353195133333	-8.734372921670093e-05	0.007555958414479066	0.00010980955009573611	2.8567648306070207e-06	0.009101077912618522	22.151460746826924	0.009142745729580067	21.949858576691742	90942.91747512632	872.0849007330397
4.1e-05	-0.01772122129303147	-8.729592267951035e-05	0.008332462134680722	0.00012175379162635464	2.8969256688144934e-06	0.01018297665794505	22.13933641184013	0.010235177842744664	21.91389206593597	93742.22021483308	871.6075755762811
4.15e-05	-0.018591859790833165	-9.327389937432256e-05	0.009057757410037448	0.00013436234769149372	2.9391875615441173e-06	0.01134893690259711	23.655425973027068	0.01141382751379505	23.386962036255127	95193.40200950627	931.2947821935468
4.2e-05	-0.019356902781722526	-9.674261398685568e-05	0.009683649512283206	0.00014756352169443784	2.98322544175476e-06	0.012585457255888239	24.5351353267557	0.012665324944879371	24.226349429833384	96582.7563455067	965.9282202854456
4.2499999999999996e-05	-0.020122200028618715	-0.0001012590350868975	0.010191926190279652	0.00016135990858962847	3.026661777733475e-06	0.013891826958622153	25.680556132701636	0.013989221430175544	25.32380629070496	99148.98244239314	1011.0225010314234
4.2999999999999995e-05	-0.020910334965377052	-9.403797086273467e-05	0.01080639369431772	0.00017575535066168284	3.071922759521888e-06	0.015274899280092496	23.84920404656614	0.015392762325217151	23.484909856844467	100882.9677803521	938.9236665347642
4.35e-05	-0.021582749712875646	-0.00010946294675493285	0.01142482842373068	0.00019066739302718807	3.1253960207409253e-06	0.016729878694722058	27.761170607428827	0.01687140380101017	27.29672959074306	101421.93215863028	1092.9345919943682
4.4e-05	-0.022077236050371846	-0.00013096174789606203	0.011962213628727816	0.00020597752706879422	3.1856830406923776e-06	0.01825641324393884	33.2135351200549	0.01842511800671336	32.6071750976111	100993.60771059472	1307.589725536068
4.45e-05	-0.022222473613056383	-0.0001400987416423267	0.012574991047912341	0.00022157251443492672	3.2510396484377468e-06	0.019849389301304726	35.53079086502353	0.020049034739331232	34.82552636496044	96325.44832467086	1398.8181898536418
4.4999999999999996e-05	-0.02229001683614897	-0.00015375545954881179	0.01303018086557528	0.00023738158092291426	3.3227548679640286e-06	0.021493874126489815	38.99430511325818	0.021728231691908222	38.15616642750387	92454.98452632934	1535.1739143758655
4.5499999999999995e-05	-0.022357067607217822	-0.00016868811997794051	0.013402932465464744	0.0002533579666760307	3.404721890039311e-06	0.023179224504076775	42.78141432313483	0.023452087476602334	41.78977431593697	89402.70957371545	1684.2693079983178
4.6e-05	-0.02238544759278783	-0.00019984927244287175	0.013687045411499022	0.0002694276767382808	3.495846747828135e-06	0.024900328524960144	50.68427182467632	0.025215586055242278	49.4222168051935	86849.33962442767	1995.3983472300265
4.65e-05	-0.02220197249249081	-0.00020986327565198002	0.013977629228109401	0.00028548628581995646	3.586424807237591e-06	0.026652654679875435	53.22394812421708	0.027014276614698643	51.805388614162716	82116.09057266002	2095.3833269517954
4.7e-05	-0.02183367752605171	-0.00019739077579617053	0.0141889036194091	0.00030142224006908644	3.6799422459707522e-06	0.028425176657340116	50.06076636579566	0.02883699476431081	48.63778023824609	76329.37078929048	1970.8514470310251
4.7499999999999996e-05	-0.02132587239454823	-0.0002230792149879122	0.014302252756454524	0.0003171117409191585	3.777916508839292e-06	0.03019722713746052	56.57567542115931	0.03066255510427	54.86724690001132	70127.44578007305	2227.338090587724
4.8e-05	-0.020733160720368057	-0.0002174293999128488	0.014181324867360831	0.00033243112113680014	3.865986449260807e-06	0.03194459900627962	55.14281174583357	0.032465960911743884	53.381296736534146	65416.91281938592	2170.9274190594624
4.85e-05	-0.02005842730387663	-0.00017854773054568662	0.013905573796947644	0.0003473051367349755	3.940912327802431e-06	0.03364987398360402	45.28193472029537	0.0342290611461611	43.75820332322365	61433.26702369729	1782.7127518534169
4.9e-05	-0.019407384002914998	-0.0001583315070238786	0.013504668028256986	0.00036171539757869737	3.999758587640855e-06	0.03530933658147769	40.154847912708256	0.035947785075203915	38.73700687238039	58935.76471922242	1580.8635356438372
4.95e-05	-0.018709687469324922	-0.0001062510849196515	0.013169194963017357	0.0003756555031644987	4.046020067111208e-06	0.03692602489442221	26.946602326379722	0.03762505278688003	25.951571418055728	55319.13854270721	1060.8657046808871
4.9999999999999996e-05	-0.01798103272696248	-0.0001017482370256346	0.0128171229053891	0.0003890519315787493	4.072520542374103e-06	0.03848940121520761	25.804623855025707	0.03924969083694623	24.811419334262105	51559.14253407106	1015.9069458336769
5.05e-05	-0.01712215037060459	-1.7402316502218704e-05	0.012312268885582936	0.0004018350754693616	4.068634349779721e-06	0.03997976005904958	4.41344483868279	0.04080091147068082	4.2369963729984015	48024.34078576925	173.753715297749
5.1e-05	-0.01639727131125163	3.487528610532414e-05	0.011643454888735688	0.0004140262365740759	4.035263004562549e-06	0.04139136305285978	8.844808186283961	0.04227238233773359	8.478709519512575	47464.55824719019	-348.21286764319285
5.15e-05	-0.015726402555500667	0.00011516784388195359	0.011046363431491603	0.0004256644287281649	3.971756100461265e-06	0.04273163126155946	29.20800377916524	0.04367149973760513	27.959898131787714	46727.92759697952	-1149.8952311762225
5.2e-05	-0.015057651519430023	0.00017036978144143505	0.010496834117054567	0.0004368380877114268	3.882377658331892e-06	0.04401383535889146	43.207904676044194	0.04501183816818976	41.30615907343011	45537.556356725836	-1701.059884535526
5.2499999999999995e-05	-0.014571094668634784	0.00023149059077924816	0.010113052760123474	0.00044762990126794017	3.7653723184482847e-06	0.04524699379706687	58.70890538900641	0.04630260420073209	56.052503911037455	44511.39274809478	-2311.321610501514
5.3e-05	-0.014129160751657984	0.00029458491822742316	0.009708484205260022	0.0004580507195269311	3.629945562825894e-06	0.04642643618641059	74.71041494612813	0.04753870556624483	71.24187663417145	44138.31767560014	-2941.2879604949435
5.35e-05	-0.01376645878031871	0.000314316346176784	0.00924963195822985	0.0004681281803889845	3.486199661464386e-06	0.04754711896980218	79.7145515409226	0.04871464193959975	75.92435427518193	45098.33168442858	-3138.296727338955
5.4e-05	-0.013529858578115688	0.00033198918399478516	0.00876399429593837	0.0004779516785972246	3.334742931894509e-06	0.04861690443060538	84.1966039643911	0.04983846309493529	80.10322571607277	47584.85030010642	-3314.751467162861
5.4499999999999997e-05	-0.013442713533414079	0.00034898551493964437	0.008431518786480739	0.00048764999886420917	3.187794576094444e-06	0.04965086039187566	88.50708579452963	0.050925846527811854	84.11263283405367	50034.356359925965	-3484.451612986716
5.4999999999999995e-05	-0.013542953751543359	0.0003117187841300833	0.008188078235635766	0.0004973230455748768	3.0607688233563223e-06	0.050661440832466625	79.05577735952508	0.05198979039244986	75.05069777236085	53465.84264958461	-3112.361326366726
5.55e-05	-0.013704812758850856	0.00025941017113929703	0.00805578543958323	0.0005069997638096193	2.9683084714371604e-06	0.05165335362805347	65.78965971401463	0.053035182834805766	62.39140315573733	56402.80616756351	-2590.0851197443244
5.6e-05	-0.013859521450190102	0.00015630698114790957	0.007888018321150672	0.0005166997069089966	2.9292033029248145e-06	0.05263137121289634	39.64140286204869	0.05406700199502368	37.55502147261624	59622.571193349424	-1560.649623741867
5.65e-05	-0.014032584401619507	1.9516374011684732e-05	0.007832436659023442	0.0005265188158261401	2.9652507387562463e-06	0.05360896932079143	4.94959622994394	0.05509944366717195	4.684253477502571	61905.47709746964	-194.86155726671885
5.6999999999999996e-05	-0.014402053414651523	-0.00018159165341577536	0.007881275734335202	0.0005366164334552157	3.093971278294103e-06	0.05460850185953365	46.05391158203265	0.05615615353368648	43.53897646576642	65106.81198340148	1813.1048498071737
5.7499999999999995e-05	-0.01493223642542809	-0.00039715734576968755	0.008185006222180699	0.0005470921036361362	3.328097740002806e-06	0.055642977052134994	100.72406381120048	0.05725098206180891	95.11947703995608	67367.83092262177	3965.4240500957358
5.8e-05	-0.01554017961249833	-0.0006555142471495812	0.008442936818341329	0.0005579288526168635	3.6857471295107303e-06	0.056712232194051325	166.24660115775404	0.05838388085878174	156.81838531142367	70862.53739252088	6544.992780606261
5.85e-05	-0.015996661084776338	-0.0009525370163096352	0.008744052026563713	0.0005690781220491544	4.190975494989239e-06	0.05782224513124967	241.57528555178732	0.0595613227712325	227.60686017296024	72413.79441098472	9510.62150382855
5.9e-05	-0.01629019116949089	-0.0013190539196093283	0.009098069298321196	0.0005805168828240521	4.856626306200499e-06	0.058969090791744436	334.52855042039226	0.060779292743594435	314.80170595822153	71809.8590972419	13170.115552200108
5.9499999999999996e-05	-0.016706220735441327	-0.0016738230693983732	0.009336093700816027	0.000592261645288698	5.687539780410367e-06	0.060143783327679924	424.50243825657304	0.06202837640470581	398.9712555879979	73587.15457906188	16712.313962452623
5.9999999999999995e-05	-0.017218420776449597	-0.00206210239622824	0.009545674288751641	0.0006043058663882335	6.698457213747359e-06	0.06134161554141889	522.974925568594	0.06330367378633112	490.89479874656314	76608.66348484713	20589.095286444568
6.05e-05	-0.017680694211014963	-0.0024831508702937155	0.009708036157477996	0.0006165573553225119	7.895765121738144e-06	0.06255109805001283	629.7580779415908	0.06459302720968045	590.3660186604787	79603.13544601675	24793.06069989955
6.1e-05	-0.017963067045196252	-0.002900145035350871	0.009732938749648888	0.0006289130843186853	9.26771192498104e-06	0.0637633896930094	735.5130069073813	0.06588704566072766	688.6142044236688	82173.85131147142	28956.54579838779
6.149999999999999e-05	-0.018104221449782864	-0.0032683564498298327	0.009753189610334698	0.0006413674624882515	1.0819198141970826e-05	0.06498857518474745	828.8960209773227	0.06719653071435602	775.0272495977	83381.01473380948	32632.95872149501
6.2e-05	-0.01819935707812129	-0.003707384162792237	0.009940191841824216	0.0006538723014771845	1.254787503052677e-05	0.06622566148457998	940.2389329146844	0.06852047753031251	877.9709876288538	82463.7711238998	37016.438141385224
6.25e-05	-0.01813981054423147	-0.0040650352409700675	0.009944480769897667	0.0006663405769782864	1.4431714543293801e-05	0.0674599956985939	1030.943713788658	0.06984322832922037	961.3962552909826	81826.40490415246	40587.41121302892
6.3e-05	-0.01807919800848211	-0.0044050211816826544	0.009895955376260111	0.0006787221749898355	1.6455742383133748e-05	0.0686843069550708	1117.168395144808	0.07115696890936073	1040.4364581721784	81705.72063496389	43982.006429147455
6.35e-05	-0.01791120107805003	-0.004695345324211083	0.009783373796801527	0.0006910129119012843	1.8604702288030708e-05	0.06990293767413108	1190.7982241519828	0.07246633018847375	1107.5579301066207	81152.42515186277	46880.75260460727
6.4e-05	-0.017761979157572196	-0.0049667365681898305	0.009804647577601794	0.0007032098289489399	2.086630289343019e-05	0.0711231297076352	1259.6264335946162	0.07377908900378313	1170.0378593749003	79450.10801864731	49590.462943146
6.45e-05	-0.017464275084190625	-0.005201796687120503	0.009808470046403263	0.0007152351720649141	2.3212812747887644e-05	0.0723388423559686	1319.240615910084	0.07508874472190519	1223.8082769661735	76439.5112996124	51937.42456617635
6.5e-05	-0.017062554887770066	-0.005348502703495983	0.009732646854908985	0.0007269887923653552	2.562022400449959e-05	0.07352938724065344	1356.4470941794298	0.07637295231416862	1256.7083705200514	73185.587294545	53402.213199259895
6.549999999999999e-05	-0.016647105512886465	-0.005475619541440787	0.009403928551934658	0.0007383861341062787	2.8074771314931883e-05	0.07467678998268819	1388.6855121087694	0.07761218626641628	1284.982935769021	72319.61948077312	54671.413358158024
6.599999999999999e-05	-0.01615412509718884	-0.00556043425748125	0.009039188862138737	0.0007494695441631623	3.0568414046751863e-05	0.07578307457969828	1410.1955835239978	0.07880846712320427	1303.3266264458375	71039.19784408694	55518.24728524326
6.65e-05	-0.01589654100766721	-0.005651399071903066	0.008743003883762515	0.0007603476631668923	3.3093442273101365e-05	0.07686337317177439	1433.265396710105	0.0799780307012258	1323.099783668585	71424.6090536478	56426.48697075556
6.7e-05	-0.01564879604486758	-0.005701548671802052	0.008621495124306263	0.0007710365581623369	3.563274333561032e-05	0.07792810938514817	1445.9839616671306	0.0811320859979367	1333.3011653331646	70164.20160540969	56927.20647565789
6.75e-05	-0.015295904827024058	-0.005715572122081998	0.00849285738582041	0.000781483777609105	3.819366852177019e-05	0.07897734808621448	1449.5404838261584	0.08227064811746085	1335.05962046996	67925.1390529113	57067.22384559385
6.8e-05	-0.014811286347514732	-0.005798774335757137	0.00837239127555146	0.0007917179770077612	4.077451750050907e-05	0.0800159553973437	1470.6416044996452	0.08339895191263927	1352.9668114685235	64289.253733739795	57897.95771629489
6.85e-05	-0.014509017978645393	-0.00580515281414939	0.008321970594546977	0.0008019036279351005	4.336342757021456e-05	0.08106182805375556	1472.2592662940017	0.08453643642369527	1352.915238799129	61774.676352614275	57961.64373869651
6.9e-05	-0.014476222652329732	-0.005835018344258145	0.008489172952283372	0.0008121952503901968	4.5968254083622764e-05	0.08212939502384335	1479.8335377822948	0.08569885148149485	1358.295704588241	59777.79618723174	58259.83661520645
6.95e-05	-0.014636773660591053	-0.005876715797777381	0.008670680563318187	0.0008226281145141378	4.8598923793229045e-05	0.08321906056575674	1490.4085328409826	0.08688672355819899	1366.3781348787682	59568.55464220813	58676.16552558448
7e-05	-0.014756060804000583	-0.005951213661564079	0.008844380884016246	0.000833147556492459	5.12651177454584e-05	0.08432687434599245	1509.3021216560337	0.08809582771671955	1382.0273912930056	59025.26537874532	59419.99067168122
7.049999999999999e-05	-0.014734331045999232	-0.006036438713317856	0.008962391640845807	0.0008437013118983328	5.397217819991642e-05	0.08544483852810743	1530.9162593336944	0.08931749424763584	1400.1073667548726	57630.0239103813	60270.92160244401
7.099999999999999e-05	-0.014747184205747913	-0.006134956266667866	0.009007536371449772	0.0008543292251097776	5.672170887627978e-05	0.0865720515477411	1555.9015414538549	0.09055078043763146	1421.203953003902	57307.60819014137	61254.57173398977
7.15e-05	-0.014919092973509044	-0.006227391909374223	0.009111055566816604	0.0008651120479695867	5.95066297765556e-05	0.08771233551611966	1579.344375065155	0.0917999170595331	1440.8163913439437	57990.445000379754	62177.49692869687
7.2e-05	-0.015233584041595681	-0.0062940766117492875	0.00921763613292359	0.0008761221326253058	6.23165142182837e-05	0.0888750841958672	1596.256448551395	0.09307527168845378	1454.3890222881937	60066.33082648679	62843.3114361916
7.25e-05	-0.015579806700887293	-0.006339632152333892	0.009472148750816266	0.0008873824157556052	6.515186973080887e-05	0.09007162631652092	1607.8099026815328	0.09438939280698969	1462.9918499392	60982.0112430074	63298.16148032011
7.3e-05	-0.015815329213422293	-0.00640859879123145	0.009760825002555344	0.0008989072591530199	6.801284566737025e-05	0.09130573491413362	1625.3007037737275	0.09574658342007925	1476.9014285592086	60451.29685981029	63986.76002055014
7.35e-05	-0.01616547787439969	-0.006454825848871288	0.010075984631632381	0.0009107274501321905	7.089131683828951e-05	0.09257278473204603	1637.024463017046	0.09714191962109202	1485.4805498010758	60800.64542421456	64448.314837759746
7.4e-05	-0.01661377071599482	-0.0064872602807769285	0.010290315452153984	0.0009227973979525543	7.378084223503032e-05	0.0938573593048382	1645.250240089386	0.09855854527065841	1490.831397158945	63136.643071132	64772.15695650631
7.45e-05	-0.017006736926578246	-0.006504527490535929	0.010357673963598824	0.0009350371646736898	7.667913577874888e-05	0.09515031193313778	1649.62942017036	0.09998643961062506	1492.6666662670689	66387.67849780455	64944.56169630457
7.5e-05	-0.017242637643308033	-0.006526683330946716	0.010424982605860398	0.0009473415509872156	7.957059311760651e-05	0.09644298519306026	1655.248418048901	0.10141606656128342	1495.6113193761744	68070.98883783152	65165.77704923919
7.549999999999999e-05	-0.017301767894152782	-0.006473790774113733	0.010353183453342994	0.0009596465065017283	8.244148106670372e-05	0.09772665467309909	1641.8342049509204	0.10283776122828198	1481.3832405731996	69378.25561883688	64637.67044572141
7.599999999999999e-05	-0.017389921785390505	-0.0064341999263521675	0.010280257686282268	0.0009719452583371257	8.529972298975674e-05	0.09899620587660271	1631.7934714261576	0.10424581036890598	1470.2521089807574	70986.55811607504	64242.37497517398
7.65e-05	-0.01750080941344771	-0.006416932133347754	0.010126249158797023	0.000984190866806929	8.815271562384675e-05	0.10023606773584057	1627.4141434268618	0.1056228475480953	1464.288549112062	73631.41813730974	64069.964411952315
7.7e-05	-0.01762820081460649	-0.006410598248293322	0.009803037228129413	0.0009963227449068172	9.100030659206787e-05	0.1014322624413227	1625.8077910599957	0.10695318599675166	1460.898428518051	78130.47451410863	64006.7236324655
7.75e-05	-0.01769135562934026	-0.006392645343323547	0.009424352244704618	0.0010083229597352445	9.384856403411873e-05	0.10258845239399003	1621.2547101084965	0.10824071767591915	1454.9326984619988	82542.0312448847	63827.47255755901
7.8e-05	-0.017679249031347207	-0.006413594825710782	0.009160008999021418	0.0010202336614355744	9.670388381095737e-05	0.10372074154336172	1626.5677605235505	0.10950324218231379	1457.8589462315226	85060.49220178228	64036.643008968895
7.85e-05	-0.01767306631898698	-0.006424398777585266	0.009040175612277834	0.0010320385714019508	9.957346828652213e-05	0.10483991048804066	1629.307777671942	0.11075270573970193	1458.4912961033472	86195.2392291499	64144.515244130824
7.9e-05	-0.017414483255059652	-0.006477731288633143	0.008949117507498583	0.0010436465750346287	0.00010245715318353301	0.10594144136817671	1642.833568654323	0.11198400412846814	1468.7894124630584	84522.58351958556	64677.01457774227
7.95e-05	-0.01707125327331398	-0.0064877966224773055	0.008756664963920212	0.0010549800361883098	0.00010535886261525244	0.10701395494899582	1645.3862630440885	0.11318432527028999	1469.3069716169919	83017.14370866698	64777.51206903387
7.999999999999999e-05	-0.016646512657265012	-0.006558772600771881	0.008482699362643528	0.0010660175552437265	0.0001082887002061491	0.10805379154041246	1663.3866577061851	0.11434945263801496	1483.6514225432975	81511.72809417582	65486.172891517046
8.049999999999999e-05	-0.01626589153193763	-0.00661426551416472	0.008231421707816763	0.001076863906542678	0.00011124817824232294	0.10907083248780657	1677.4603537090059	0.11549035241308668	1494.498356464674	80220.29608590716	66040.2427978696
8.099999999999999e-05	-0.016153403090811466	-0.006692040982812237	0.008116286834736038	0.001087651611492446	0.00011422766452460515	0.11008170370739032	1697.1851840575841	0.11662562238842167	1510.3561474895844	80246.71942927809	66816.79324359946
8.15e-05	-0.01610137871678804	-0.0067042259233753175	0.008132250762645519	0.001098402553915121	0.00011722642845329816	0.11109484493274745	1700.2754371874432	0.11776473637315725	1511.3836011501448	79567.88911056038	66938.45398303306
8.2e-05	-0.01595162503257286	-0.006778716494016586	0.008152774444078149	0.001109048496507109	0.00012025687874363883	0.11210793847482461	1719.167176369714	0.11890509571456512	1526.4348883333203	77867.75195303609	67682.20631059931
8.25e-05	-0.01563004842935346	-0.006846693086403499	0.008131484311338739	0.0011195791790383279	0.00012329974642161904	0.11312490029944434	1736.4068893000592	0.12005111865001451	1539.9760330687218	74869.53675031324	68360.91971516248
8.3e-05	-0.01537121860553031	-0.006834547138408548	0.008214952427893092	0.001130130647868543	0.00012634330258622813	0.1141667174829177	1733.326525172537	0.12122651479962167	1535.4383254675165	71451.85733551953	68239.64829766662
8.35e-05	-0.01532398713044565	-0.006849788637034736	0.008531004274916171	0.0011408229549103098	0.0001293923599700907	0.1152471870993721	1737.1919596069101	0.12244698044471759	1536.9854728105677	67824.64903173532	68391.82729134645
8.4e-05	-0.015383159361504514	-0.006859281537042057	0.00883624374409169	0.0011516994024687818	0.00013244511805602147	0.11636876932591313	1739.5994776253365	0.12371546325082097	1537.1644272940748	65367.78664618028	68486.60930758042
8.45e-05	-0.015491077882929652	-0.006866427610317091	0.009191839975624264	0.0011627864091592116	0.00013550103191688483	0.11753350515774037	1741.4118110700545	0.12503445707982744	1536.7375769919022	62894.84447654907	68557.95939371227
8.499999999999999e-05	-0.015636226071132856	-0.0068734704271014024	0.009529885984934565	0.001174115308317647	0.00013856423845238572	0.11873715290148738	1743.1979573789408	0.12639934669410477	1536.2155949760772	60968.8530094978	68628.27851371445
8.549999999999999e-05	-0.015953204606809955	-0.006899216690933255	0.009817302103307333	0.0011857283817621287	0.00014163279819546091	0.11997419905361738	1749.7275314853287	0.12780405268243294	1539.8053723333132	61264.01945122727	68885.34250834126
8.599999999999999e-05	-0.01637708182607298	-0.00689753934055672	0.01006672518244093	0.0011976217595261825	0.00014470264759388634	0.12123680793475726	1749.3021344779227	0.12923982366241504	1537.222327580362	63005.859682250375	68868.59497592271
8.65e-05	-0.016802609457943006	-0.006905015196330001	0.010228192190354559	0.0012097282369306014	0.00014777577016298628	0.12252146523599378	1751.198104883536	0.13070278574871144	1536.6387471547096	65642.37732462383	68943.23778083158
8.7e-05	-0.016980811522681705	-0.006912256061438227	0.010421126985522333	0.0012219389585682952	0.00015086073118612963	0.12382397071750847	1753.0344787212046	0.13218826156331245	1535.9667887612472	65495.27813537476	69015.53431758081
8.75e-05	-0.016984420898997273	-0.006958242858784777	0.01051508019614247	0.001234211931443339	0.0001539652265619006	0.12513572717513097	1764.6973049530343	0.13368652142795157	1543.8706244537425	64593.23863605513	69474.69025194098
8.8e-05	-0.017112005159798386	-0.007000085766577553	0.010569825286738103	0.001246563126311272	0.00015709355563247167	0.12644662874750365	1775.3091890323728	0.1351860508137972	1550.8273270947645	65320.50252881295	69892.47145290517
8.85e-05	-0.01734986126699223	-0.007065403122888437	0.01050133894517628	0.0012589822819876867	0.00016024467822164335	0.12774587839357965	1791.8744864771083	0.13667447366826868	1562.9699062310458	68379.18374621993	70544.63367113606
8.9e-05	-0.017604858965891798	-0.007102569225125728	0.010382534602380174	0.0012714475087304059	0.00016341107629041992	0.12903062919921898	1801.3002742492254	0.13814846830389138	1568.8773664861221	72111.41637871035	70915.71923012138
8.95e-05	-0.017790055860606793	-0.007134084225105179	0.010268287544177246	0.001283882070622754	0.00016657533596172903	0.13029320839475134	1809.2928719003864	0.13959914528128875	1573.5542986947312	75101.21945097948	71230.38126568083
8.999999999999999e-05	-0.01782336662197189	-0.0070929546337124795	0.01002615266822402	0.0012962045380990497	0.00016972929152541218	0.13152883484016065	1798.861893770199	0.14102089458922176	1562.25968484424	77851.41094649177	70819.7221840437
9.049999999999999e-05	-0.017719293686255702	-0.007087755239867613	0.009835054541552844	0.0013083328812806402	0.00017288473327519652	0.1327367460256833	1797.543262545099	0.1424127104882433	1558.943219034472	78720.31539671235	70767.80875069553
9.099999999999999e-05	-0.017396040867814076	-0.007099636774121179	0.009580663239338172	0.0013201722473705978	0.0001760472056557748	0.133905399981463	1800.5565680449927	0.14376113848903246	1559.4523206116776	78032.7664555157	70886.44012484225
9.15e-05	-0.017051017215296484	-0.007119366127688568	0.00920404184568147	0.001331675418542063	0.0001792144044242947	0.1350244326587804	1805.5601785506083	0.14505401829748024	1561.7654398105262	78348.25462154446	71083.42817998536
9.2e-05	-0.01668205478077867	-0.00712088740203833	0.00878306094034661	0.0013428759393680596	0.00018238582345497754	0.13609688303945783	1805.9459927280664	0.1462946496129934	1560.1623721801773	78867.63389886175	71098.61736874793
9.25e-05	-0.01643900514598334	-0.0071383411297502464	0.008455287520043356	0.001353842980816661	0.00018556125100116662	0.13713590324042815	1810.3724760917103	0.14749807798262035	1562.1054113812631	79713.5599285495	71272.88440011437
9.3e-05	-0.01616964247006462	-0.0071389103558402315	0.008245711057062826	0.0013646123897515562	0.00018872941246792478	0.13815087758854674	1810.516838938379	0.14867505564360767	1560.3923487502004	79116.62350228301	71278.56784737075
9.35e-05	-0.01593692455498461	-0.007105671625615659	0.008068779390665855	0.001375240901366159	0.000191880390037015	0.13914442718118586	1802.0870817658035	0.14982853215708158	1551.3367070428858	78559.62478490152	70946.69519883212
9.4e-05	-0.015880521780499503	-0.0070616486879421896	0.00790133391170667	0.0013857468543032943	0.00019502654077113214	0.14011977861742375	1790.9223148777942	0.15096217689671068	1539.9786765961137	79668.33249382184	70507.14745367352
9.449999999999999e-05	-0.015678393765180678	-0.0070839693711042435	0.00777626594012949	0.0013961650589654389	0.00019818670885765098	0.1410874342511166	1796.5831189371204	0.1520881482682121	1543.1078162674135	78898.92521982986	70730.008681769
9.499999999999999e-05	-0.01560969167031076	-0.007124673040565641	0.007777633152824296	0.0014066108885918563	0.00020137401850345757	0.14206762464210057	1806.9060779453046	0.1532299991995509	1550.203223500241	78199.31706615911	71136.41513887874
9.549999999999999e-05	-0.01560111907919573	-0.007206002345255073	0.00797774706964702	0.0014171697146726171	0.00020457643543511932	0.1430772084999532	1827.5322055053612	0.15440745604139425	1566.0539990978914	76115.68319580196	71948.44891901198
9.6e-05	-0.015645277976498173	-0.007192597915651081	0.008250097738104941	0.0014278638794731004	0.00020779334282844126	0.1441188096740204	1824.1326747219923	0.1556237088216542	1561.2408449535717	73837.2987040831	71814.6121711949
9.65e-05	-0.015694984715558104	-0.007271153875956673	0.008492386873611568	0.001438687105067066	0.0002110386297102402	0.14518357788732703	1844.055447504241	0.15686854407840903	1576.3288798129593	71914.4565997408	72598.95544871998
9.7e-05	-0.0158531745553304	-0.007320196825758397	0.008622479996902173	0.001449676622617938	0.00021429630485154434	0.14626928702676273	1856.493352173346	0.15813945930606518	1584.9453931810258	72194.98872750317	73088.62558752729
9.75e-05	-0.016106060897973982	-0.007326853555401952	0.00882898704477157	0.0014608932332766775	0.0002175683982091866	0.14738155435398972	1858.1815819606918	0.15944314030141268	1584.3198921393696	72658.06355888417	73155.08981412339
9.8e-05	-0.016447332128894817	-0.007385023529450542	0.009049370885162744	0.0014723478928950768	0.0002208567250777122	0.1485167799491489	1872.9342139851883	0.1607754854143169	1594.772055467518	73865.06569762244	73735.8888766176
9.85e-05	-0.01680734218400216	-0.0073998421259187045	0.009198013556200478	0.0014840109126020408	0.0002241526860469155	0.1496678153245565	1876.6923951497822	0.16212820034183287	1595.811944331505	75975.46681980517	73883.84539674601
9.9e-05	-0.01713003063388042	-0.007419347718447575	0.009303494065045333	0.001495839848798628	0.000227454033937224	0.15083072277470685	1881.639257061012	0.16349672829866968	1597.830247917237	78144.18307904091	74078.59930612026
9.949999999999999e-05	-0.01736250106856236	-0.0074240626210279595	0.009388842861733937	0.0015077750930618454	0.0002307571502510589	0.15200057009428555	1882.8350152496207	0.16487531547145712	1596.6430195381954	79613.1214930028	74125.67532847075
9.999999999999999e-05	-0.017496459375160103	-0.007427298845359431	0.009415044109346186	0.0015197337646592293	0.00023406568100601586	0.15316787832352097	1883.6557621640172	0.16625280742660123	1595.14020558148	80689.0236205099	74157.98746352807
0.00010049999999999999	-0.017508647087310814	-0.007448406850719593	0.009348030041953607	0.0015316199115401098	0.00023738058258802102	0.1543192430971055	1889.0090159851288	0.16761334649931467	1597.4985744346957	81479.81509083426	74368.74069016807
0.000101	-0.017426648013317173	-0.007455943145572218	0.009158772258336167	0.0015433746505283653	0.00024070056958898017	0.15544972537249638	1890.9203144962137	0.16895101267970225	1596.9772709065028	82550.74144094413	74443.98695005859
0.0001015	-0.017253476313209334	-0.007471271741907037	0.009012369029498861	0.001555020594981976	0.00024402877674023412	0.15656246506487273	1894.8078379974402	0.1702694343498781	1598.152052056319	82283.47119933559	74597.03557224257
0.000102	-0.017222680310063417	-0.007492902311322656	0.008873581601404891	0.0015666064090680402	0.0002473638608086428	0.15766090634482757	1900.2936205904048	0.1715726217553531	1600.6916060468277	83361.71335764995	74813.00634828785
0.0001025	-0.017212949920995906	-0.007502191507587527	0.008782539267494423	0.0015781060390452802	0.0002507090648852562	0.1587387361550729	1902.6494767952659	0.17285300869836195	1600.6253035026746	84173.57380811058	74905.75448115543
0.000103	-0.01716648674870694	-0.00753840355487909	0.008542277045469492	0.0015894324305655517	0.000254064978351951	0.1597826840257102	1911.8333043159703	0.17409471111110578	1606.3554475426222	86108.56360722748	75267.31426284567
0.0001035	-0.016978652325086895	-0.007550342710292072	0.00823792788779761	0.001600500232863372	0.00025743900311746016	0.1607849296749418	1914.8612232616429	0.17528826409530263	1606.9803961422467	87271.90688545455	75386.52095640618
0.000104	-0.016674139499034093	-0.007619834972897955	0.007871964052797772	0.0016112736273307094	0.00026082654670848336	0.16174437667275185	1932.4853290918763	0.17643218524523974	1619.916694108673	87885.46549484896	76080.36759519587
0.00010449999999999999	-0.01634288243615617	-0.007611125602940846	0.007549991102905987	0.0016218223146913205	0.00026422123150280264	0.16268312739903773	1930.2765240813205	0.17755269877334764	1616.2531023988274	87792.76811606149	75993.40874763341
0.00010499999999999999	-0.015996486538998454	-0.007651943013117748	0.007539296409806896	0.0016322152744136446	0.000267633730906682	0.16361864814548624	1940.628329155701	0.17867060740252258	1623.1053453864115	84440.95392352699	76400.95085078759
0.00010549999999999999	-0.01569462305626359	-0.00769122305662449	0.007498073066454175	0.001642496819110704	0.00027105834477446616	0.164550275059493	1950.59023883916	0.17978510637717313	1629.6200785098142	81838.58816563513	76793.14309114154
0.000106	-0.01555813468391491	-0.007706411661910587	0.007476707742128444	0.0016527645582608426	0.0002744890856043705	0.16548032330895665	1954.4422588617908	0.18089895713960208	1631.020521976654	80689.14019944982	76944.7939703974
0.0001065	-0.01565792614793846	-0.007718770899477562	0.00747269793489966	0.001663174254460938	0.0002779270827870183	0.1664206919331888	1957.576715888996	0.18202643066778085	1631.79544431845	81725.54569928213	77068.1949811327
0.000107	-0.016030509643076438	-0.00773903743323759	0.007642595339080922	0.0016738246249026747	0.00028137445866631216	0.16738694623405068	1962.7165620014246	0.18318626602810822	1634.1834303650112	83749.26830761519	77270.54652074314
0.0001075	-0.016323956569578364	-0.007760939082714082	0.007888779016053143	0.0016847226536812836	0.00028482844962979384	0.1683883201687743	1968.2710938839098	0.1843896780858156	1636.8372307480422	84221.16899978934	77489.22390011413
0.000108	-0.01657951697760841	-0.007768779954260255	0.008207101163516015	0.001695812364640569	0.00028828110954693694	0.16942005709004276	1970.2596368489692	0.18563109578959314	1636.4581366918098	83594.52338030457	77567.51121101013
0.0001085	-0.01669774315431732	-0.007754954476534692	0.008376827462665054	0.0017069953012933984	0.0002917403392964003	0.17046965727498958	1966.753323002624	0.18689559048477516	1631.48155808592	83080.31956088085	77429.47050129906
0.00010899999999999999	-0.016711544780115772	-0.007798319015344189	0.008494231616798898	0.0017182500112262395	0.0002952158973963483	0.17153148782110533	1977.7511117146175	0.188176448656836	1638.504520982364	82045.89841297106	77862.44445217296
0.00010949999999999999	-0.01682385945506536	-0.007828369461705504	0.008573415791062328	0.0017296131441742286	0.00029870750252905504	0.17260902464191247	1985.3722802743634	0.1894779322440812	1642.6791074251157	82376.69044190357	78162.48362804753
0.00010999999999999999	-0.016946573274032414	-0.0078704691491329	0.008746691069490744	0.0017410887761633174	0.000302196879962713	0.17370517017746226	1996.0492868764968	0.19080363231679587	1649.3252058170128	81871.85871842765	78582.82864949634
0.00011049999999999999	-0.01703056121219549	-0.007818353355498924	0.008872528472556299	0.0017526455392683064	0.00030568528474899076	0.17481291716673422	1982.832070628395	0.19214515128459664	1636.2074121100893	81454.0120478938	78062.47765091292
0.000111	-0.017124872894471233	-0.007866095964403194	0.008933170467990316	0.0017642617217833421	0.0003091852713479198	0.17591997214166538	1994.9401926032447	0.19348763260132315	1643.9903694961934	81790.1875898635	78539.1645146455
0.0001115	-0.017308844080229428	-0.0078704271154816	0.008861405175329204	0.001775948297209042	0.0003126838605103492	0.177023299421746	1996.038626617481	0.19482738906030378	1642.693283160404	84343.59266423114	78582.40896381368
0.000112	-0.017501289358925132	-0.007859812856994719	0.008873252262033405	0.001787689833715013	0.0003161814036072144	0.17812683751715136	1993.3467180816608	0.1961691993808205	1638.2781711145817	86146.7782821102	78476.43072539978
0.0001125	-0.017552569654819862	-0.00786572383036081	0.008864793777817806	0.0017993708119096142	0.00031968272238192246	0.17922503779767895	1994.84581476174	0.1975063091703651	1637.3194982105256	86743.24111452689	78535.44893617956
0.000113	-0.01731480804449678	-0.007876788933855928	0.008787453315492388	0.001810854271516483	0.00032319045339041283	0.1803103577383399	1997.6520632231902	0.19882949541413747	1637.454705066684	85141.51352421609	78645.92864399236
0.0001135	-0.01687152911789061	-0.00789455430215164	0.00865775782453709	0.0018220663240109008	0.0003267072388491702	0.1813734350334041	2002.157582531612	0.2001272637443011	1639.0193843096772	82010.53455407583	78823.30725589264
0.00011399999999999999	-0.016452040176512875	-0.00791749925133116	0.0084299295713775	0.0018329963072803534	0.0003302294191747815	0.18240275022875443	2007.9767082507242	0.2013854233210777	1641.716234270511	80096.89526069898	79052.40147830558
0.00011449999999999999	-0.016145983968615503	-0.007918810522671661	0.008115072726831388	0.001843687709599685	0.0003337518564966021	0.1833908698134774	2008.3092630418698	0.20259471942622095	1640.0036804381575	80184.76536204493	79065.49388856869
0.00011499999999999999	-0.016041510295731764	-0.007918654749120985	0.007767759736923675	0.0018541967637374682	0.0003372773030166038	0.18434004159605807	2008.2697569236384	0.20375772851118382	1638.0652263962295	82609.39851636687	79063.93856499025
0.00011549999999999999	-0.015952155172801262	-0.007932340379226702	0.0074890337070391165	0.0018645871629504821	0.0003408122976485196	0.1852684708274232	2011.7406036667428	0.20489663206753247	1639.028498323968	84500.17545105693	79200.58296384117
0.000116	-0.015841429511449217	-0.007961584651638305	0.007434348203622235	0.00187493259512933	0.00034435435160423927	0.18619336113878723	2019.1573164428592	0.20603248559428025	1643.2036290263893	83940.64157257209	79492.5728826573
0.0001165	-0.01580685977025469	-0.007964080275603153	0.007432149829471451	0.0018853163739729897	0.00034789448425800984	0.18712389232129625	2019.7902378533825	0.20717657012580706	1641.839226873701	83617.42912597624	79517.49048117491
0.000117	-0.015923172296445923	-0.007952946157858269	0.007525018414728835	0.001895768742121122	0.00035142769601327796	0.1880633549101002	2016.9664865161287	0.20833296515273492	1637.6490023206682	83851.5055397662	79406.32169945037
0.0001175	-0.015971687113426298	-0.007932962762453125	0.0075757114307606396	0.00190627378009928	0.0003549628769925525	0.18901616348685366	2011.898447827202	0.20950715538204784	1631.6171218937484	83829.75727551669	79206.79715940049
0.000118	-0.015945463945051738	-0.00796180011719515	0.007739539100223206	0.0019168355958361714	0.0003585048533025227	0.18998234029902322	2019.2119611994722	0.21069922945334366	1635.597347251016	81932.19155974314	79494.72420205295
0.0001185	-0.016012091092920414	-0.007963515701815969	0.0077905897174911365	0.0019274600936132664	0.0003620463326398082	0.1909543087226571	2019.6470548888162	0.2118998848073298	1633.9867476587722	82087.71568568255	79511.85348491234
0.00011899999999999999	-0.01613419966459063	-0.007959565645175798	0.00783263228044667	0.0019381719421162971	0.00036559616937262355	0.19193866001886198	2018.645271184397	0.21311730752426142	1631.1892027798517	82887.13606638098	79472.41407942981
0.00011949999999999999	-0.016205794749644363	-0.008001091945017632	0.007989629483027918	0.0019489594804443285	0.0003691618670634601	0.19293399028945654	2029.1768595326016	0.21434981763782437	1637.6796710199487	82034.43721948845	79887.0341031012
0.00011999999999999999	-0.01629803993996619	-0.008030879155931939	0.008009106073245495	0.0019598029380229823	0.00037273888193393117	0.19393396225508963	2036.7312682948916	0.21558960714581493	1641.7399033856293	82760.99650390999	80184.44500032622
0.00012049999999999999	-0.016382607361948145	-0.00805197587085098	0.008064239141397917	0.0019707117133906022	0.0003763272502510497	0.19493988572152285	2042.0816587191048	0.21683832822936466	1643.9984935343846	83054.88429376936	80395.08549737115
0.000121	-0.016496056396691782	-0.008081926144299662	0.00810476928200797	0.001981691349282046	0.00037992412407619703	0.19595532520687628	2049.6774221769397	0.21810044568379577	1648.0322163450655	83782.94419139838	80694.12449515221
0.0001215	-0.016548249541877523	-0.008090218052533744	0.008217197686668341	0.0019927204200167192	0.0003835317488743996	0.19698551832046818	2051.7803536799884	0.21938253072784278	1647.6093372305822	83181.52425260423	80776.91518927595
0.000122	-0.016481176882887746	-0.008130264310984866	0.00834191609011396	0.0020037598980808006	0.00038714278488282826	0.19802494026335452	2061.9365850441936	0.22067776918439252	1653.621715963992	81266.58323571122	81176.75771534248
0.0001225	-0.01644670031159102	-0.008105555422245034	0.00836554000452791	0.002014719896626428	0.0003907510305830111	0.19906313943449203	2055.6701022190773	0.2219731607816053	1646.4619580297247	80686.47798066963	80930.0514093816
0.00012299999999999998	-0.01614347830477458	-0.00811771862006082	0.008322261506672632	0.002025507674513972	0.00039435567270710984	0.20009239589849936	2058.754841116632	0.2232590528573804	1646.813652389971	78091.06774067217	81051.49505799728
0.0001235	-0.015816110778012264	-0.008089353143574056	0.008221796755919683	0.0020360800358996053	0.0003979601538253478	0.20110569086326074	2051.561001964165	0.2245266208932269	1638.9804093160383	75825.5532421872	80768.27949154451
0.000124	-0.015431491689505852	-0.008116994710876369	0.008065699626598847	0.0020464146201658756	0.0004015626771363857	0.20209808847221075	2058.571248705048	0.22576960697232654	1642.537934357906	73543.87198265191	81044.26717484042
0.0001245	-0.015082925050605496	-0.008080550516102398	0.007885896925152397	0.0020564856869584197	0.00040515999109712515	0.20305643940270976	2049.328545683032	0.22697141750832966	1633.1991880303021	71858.84567381798	80680.3895127944
0.000125	-0.014793932566277737	-0.008093572603708552	0.007518440268373522	0.00206629596080252	0.0004087734332376401	0.20397190301457163	2052.6311097598855	0.22812079604031657	1633.9520361152495	72642.27249400063	80810.40876064647
0.0001255	-0.014599718492526198	-0.008153065500404125	0.007196534921540762	0.002075906917126714	0.00041240074495641236	0.20484897471218444	2067.719251492389	0.22922321345412341	1644.1490828315277	73917.20810996488	81404.41656606496
0.000126	-0.01451487156848004	-0.008155932539148486	0.006901336477082055	0.002085436007754764	0.0004160283813754583	0.20570846454774608	2068.446368330368	0.23030471201288333	1642.9494419017665	76017.46632475777	81433.04256155652
0.00012649999999999998	-0.014514243939361005	-0.008154525406952442	0.006913927660561513	0.0020949456283502195	0.00041967717690069285	0.20657152278487387	2068.0895020288513	0.23139187891290147	1640.8811043393398	75885.48287298458	81418.9930270048
0.000127	-0.014369973298703808	-0.008251067407089039	0.00695869423530694	0.002104370761078979	0.0004233553852611137	0.20743507251484392	2092.5737591772972	0.23248084916050524	1658.500569699695	73998.0376870773	82382.91821500324
0.00012749999999999998	-0.014126472253784926	-0.008286770416090394	0.0069218278161622265	0.002113666595169569	0.0004270529704473345	0.2082899156089107	2101.6284882291675	0.23356000924397566	1663.8804677746318	71934.89086792574	82739.39549551379
0.000128	-0.013928573759626662	-0.008338188845355653	0.006818745547401585	0.0021228638692940348	0.00043071915353663857	0.20913122087195796	2114.668844162529	0.23462321735535957	1672.4255670429268	70988.19670618896	83252.78364808958
0.0001285	-0.013900934551260376	-0.008145581354669825	0.006704223484328448	0.0021320370487686873	0.00043439470286238597	0.20996567491909285	2065.8211786491106	0.23567888499546794	1632.0696406118943	71855.67999779934	81329.69098990396
0.000129	-0.013930365244078848	-0.008380301005445269	0.006708620501617042	0.0021412209184691823	0.00043811774172494277	0.21079959514710261	2125.349013987598	0.23673499184230135	1677.3263022927185	72105.62914280655	83673.25320303944
0.0001295	-0.013957580087981453	-0.008359102227086848	0.006695642984698453	0.002150371581047525	0.00044179955443996425	0.21163155431467368	2119.972739000275	0.2377897277347024	1671.3196131409109	72506.93043038972	83461.59365190555
0.00013	-0.013812582173470452	-0.008194941375102821	0.006677098816509287	0.002159445110053056	0.000445469738169447	0.2124589013400503	2078.3394963908613	0.23883972086959634	1636.7777703760255	71244.35092070568	81822.52692564345
0.0001305	-0.013684909321010623	-0.008306816369939391	0.006621508352709801	0.0021684629968978307	0.00044916422158106957	0.213274866654994	2106.712392520878	0.2398763503436011	1657.4035879255644	70524.64312573055	82939.54465137511
0.00013099999999999999	-0.013745353034750931	-0.008304196795951523	0.006494151526777159	0.00217744302992136	0.0004528667116268321	0.21407622231165604	2106.0480358362474	0.2408954662065214	1655.1932283175404	72399.7407024777	82913.3894718143
0.0001315	-0.01374954489613526	-0.008342815531470777	0.006386675688294666	0.0021863133669745567	0.000456567041398006	0.2148598419997475	2115.842229553629	0.24189303191377842	1661.2327024153426	73514.68868817494	83298.97887169196
0.00013199999999999998	-0.013537226007184627	-0.008294483841355978	0.006209067189068243	0.002194953221017289	0.00046026922065652877	0.21562245295180876	2103.5847092255285	0.24286480943450675	1650.0046142304027	73168.1222311607	82816.41031692541
0.0001325	-0.013050945000915458	-0.00835113113483825	0.006048985554628193	0.0022032273717398567	0.0004639951340543346	0.21635482238112724	2117.951170438483	0.24379894064453697	1659.7222211463645	69911.1792387795	83382.0061502647
0.000133	-0.012379058991428086	-0.008401196487262739	0.005722971126811785	0.002211081177792032	0.0004677493010732741	0.21705295798844187	2130.6483691836343	0.2446902200020902	1668.1848382190765	66457.81874372256	83881.88448487245
0.0001335	-0.0117112727708727	-0.008478164124392914	0.005498718089143976	0.0022185526019745036	0.00047151756140590865	0.2177290644882373	2150.1683233687263	0.24555413359311087	1682.0141858294119	62029.354385271974	84650.3691235326
0.000134	-0.011013897751579838	-0.008464562374520267	0.005368879750157449	0.0022256728272962416	0.00047528811093240484	0.21837935532344924	2146.718749700483	0.24638576524958758	1677.9196930801306	56362.77506760445	84514.56222824818
0.0001345	-0.010547179881690074	-0.008488456721528264	0.0050837623673271855	0.0022324126959661498	0.000479067298406324	0.21897966738939512	2152.7786545679005	0.24715409540885422	1681.363900827632	54549.58201813623	84753.1357288924
0.000135	-0.010107099385360339	-0.00850340002579102	0.004565531216973087	0.0022387151590660785	0.00048285811185207975	0.2195078558119484	2156.568463186938	0.24783060417909547	1683.1847439211044	55329.87850843113	84902.33739604674
0.0001355	-0.0097398322567847	-0.008540729028568205	0.003924461648679064	0.0022445148504810575	0.00048664651444009906	0.21996280539232466	2166.0355645707764	0.24841367504095627	1689.5883052082409	58063.66347048441	85275.04943815155
0.000136	-0.009023780290768288	-0.008492560407597525	0.003388305020749277	0.002249784960689923	0.0004904264107529568	0.22036170164507898	2153.8194006145345	0.2489251869076896	1679.2000924589317	56267.495508977074	84794.10904993612
0.00013649999999999998	-0.00825973663453759	-0.008502483397730139	0.003023471904705641	0.002254580370131076	0.0004942049048112277	0.22071964271389632	2156.335994861025	0.24938440403722023	1680.3902845041855	52281.57130545624	84893.18530809891
0.000137	-0.0075477517872573185	-0.008486255637265032	0.0027299997558291526	0.0022589121764682338	0.0004979843834792193	0.22103215774682544	2152.2204321048266	0.2497855147681187	1676.5105060498915	48102.924385796294	84731.1589668693
0.00013749999999999998	-0.006905468638176822	-0.008506910367137318	0.0022933030783211057	0.0022627459810306456	0.0005017688459314263	0.22128070996755037	2157.4587296003124	0.2501046446083577	1680.054730188666	46050.24287950869	84937.38645694646
0.000138	-0.006336777992000426	-0.008508663561727076	0.0017018745715327724	0.002266133073089761	0.0005055598478280283	0.22145854937622678	2157.903361647568	0.25033304490742975	1680.0172134830143	46277.26942271303	84954.89125715922
0.0001385	-0.006033598074938992	-0.00853631279904452	0.001156679774652725	0.0022691812826763627	0.0005093642309146296	0.22157645428417375	2164.915553600096	0.2504844997037155	1685.2212414087276	48693.67097020016	85230.95552184735
0.000139	-0.005776480843267459	-0.008568827622163232	0.0007384996434348168	0.0022718239048337492	0.0005131916975132023	0.2216498395418008	2173.1617188882437	0.25057877834856984	1691.4807725982805	50301.80613940266	85555.60030798287
0.0001395	-0.004925609165094788	-0.008640100116119044	0.0004410800048390005	0.0022740233723643776	0.0005170386447755179	0.22168133052858566	2191.2373136258307	0.25061923780427886	1705.4809104373728	44775.85514872075	86267.22169596187
0.00014	-0.00445738373836362	-0.008656415933128997	6.509968733090269e-05	0.0022758530913914053	0.0005208981832717023	0.22166312637800845	2195.3752086217232	0.25059584900685505	1708.7414763058596	43854.83233871086	86430.12723921158
0.0001405	-0.004061947760020331	-0.00869671240213186	-0.0003577094870282615	0.0022772814581244246	0.0005247679926789667	0.22159181654672963	2205.59489650725	0.2505042349933664	1716.8531168240122	44128.140464483964	86832.46799664668
0.00014099999999999998	-0.0035064468016418994	-0.008702595661163826	-0.0007885101818569949	0.002278263374746049	0.0005286553139001263	0.22146710249548932	2207.0869644860136	0.25034403104855124	1718.2898095057312	42883.06863237437	86891.20949320163
0.0001415	-0.0029130421791363358	-0.008775448436039675	-0.0012161180153278338	0.0022788217504869663	0.0005325429427885494	0.22129534172529347	2225.5633382043366	0.2501234342998343	1733.0565387451231	41227.667865726566	87618.60922201448
0.00014199999999999998	-0.002358355766957186	-0.008703978984458837	-0.0015447295369765413	0.002279009935629205	0.0005364253762071895	0.2210883611407701	2207.4377925528297	0.24985766848045707	1719.3989886771253	38970.41940342053	86905.02130738944
0.0001425	-0.0018147196538308027	-0.008752088737983036	-0.0017822341201161429	0.002278849895843933	0.0005403091283932984	0.2208519581182292	2219.6390269893254	0.24955421024034316	1729.427401563092	35913.84410793007	87385.37393261738
0.000143	-0.0012656087169954896	-0.008709908382792817	-0.0020176597985891234	0.0022783001672639492	0.000544172409297449	0.22057933566569665	2208.941562034913	0.24920437329799255	1721.6946997569057	32781.848487252755	86964.2234825641
0.0001435	-0.0006447976075565053	-0.008660046442419538	-0.002364417843001712	0.0022772895975630564	0.000548025871102478	0.2202572562850117	2196.295951126785	0.248791229449691	1712.5458309417193	30045.561152690094	86466.37611892677
0.000144	1.1449203798558765e-05	-0.008665760076624219	-0.0028126203642546326	0.0022758650912108073	0.000551876692785169	0.21989123282213668	2197.7450001305515	0.24832192392023913	1714.4801426231575	27968.339516873883	86523.4239936042
0.0001445	0.0005099823611750004	-0.008648176012369186	-0.003070766048208275	0.002274203849791001	0.0005557214834593233	0.2195025287594741	2193.285461791529	0.24782377895435123	1711.8537566368975	25568.18683530847	86347.85561487963
0.000145	0.0007112861930186324	-0.00863864365707335	-0.003177183694617368	0.002272480875590836	0.0005595638595747859	0.21910785161377155	2190.867937419097	0.2473182329341302	1710.8315704817037	24620.794156432625	86252.67965666864
0.00014549999999999999	0.000691533113184429	-0.008637319754066407	-0.0031667761654883757	0.0022707437312635215	0.0005634129749150649	0.21870384431908094	2190.532179079559	0.24680100040506087	1711.4543704102057	24714.10496113652	86239.46112532423
0.000146	0.0006250265364409355	-0.008668944335050941	-0.003327154604545664	0.0022689366574310515	0.0005672715814880101	0.2182740979031001	2198.5525678423937	0.2462511087068967	1718.6654894040507	26979.442132526794	86555.21727423099
0.00014649999999999998	0.0005922224427334161	-0.00867999391800666	-0.003580501546037263	0.0022670303958461247	0.0005711370061767564	0.21781608907451244	2201.354880101184	0.24566538587573586	1721.8643694524517	29836.521849230296	86665.54201696292
0.000147	0.0006167069527785095	-0.008699599720044273	-0.0037814388545446558	0.0022650429860537947	0.000575013367959918	0.21733607804987679	2206.327156395556	0.24505189358644552	1726.8126653296088	31598.317717245944	86861.29646982516
0.00014749999999999998	0.0006034195007604744	-0.00872916891734862	-0.003934160353198312	0.002263047506292369	0.0005788979152940734	0.21685551454852756	2213.8262741831345	0.24443807197945158	1733.7458383741011	33255.836815247036	87156.53060657629
0.000148	0.0006441104809309794	-0.008736403321568983	-0.0037903192524409886	0.0022611045215914314	0.0005827840511044352	0.21638819988338284	2215.6610094589378	0.24384153417289237	1736.2181120703192	31413.3732185904	87228.76263448439
0.0001485	0.0005803520478092535	-0.008736310971118967	-0.003721201265017276	0.0022592492013524482	0.0005866678713321612	0.21591926427662983	2215.637588231257	0.24324328469473455	1737.2387502767172	31359.860660524264	87227.84055989751
0.000149	0.00022390176477035271	-0.008725992076108956	-0.0038163739369110198	0.0022575125223640944	0.0005905458273224873	0.2154384725574258	2213.0205875625793	0.24263028102200487	1736.2508124399603	35869.097480995275	87124.81138297566
0.0001495	-0.00014365151947708476	-0.008709944382395252	-0.003911773995931815	0.002255978608495655	0.0005944155747166672	0.21496116277442257	2208.950691983764	0.24202208825082502	1734.1120827235688	40491.46275013136	86964.58292118662
0.00015	-0.0006317960769550669	-0.008689084859737359	-0.0037604060053149473	0.0022547062149729045	0.0005982671089229839	0.21451294105751648	2203.6604564797653	0.24145129635217627	1730.9467708681416	43854.01392025167	86756.31067417374
0.0001505	-0.0008519349447861037	-0.008628054854229779	-0.0034442183602995556	0.0022536462560934496	0.0006021018794261969	0.2141021439155954	2188.1824847523885	0.2409284490887834	1719.6879234883475	42895.013324930944	86146.95558054399
0.00015099999999999998	-0.0009853826615275436	-0.00861371245663336	-0.0031588510278568512	0.0022526727705192338	0.000605929911511099	0.21371227923678784	2184.5450735699073	0.24043249658477867	1717.680966801786	41378.169423641404	86003.75367588161
0.0001515	-0.0009042691989831295	-0.008597757802433357	-0.0031077542219236035	0.002251653880834836	0.0006097466950554379	0.2133231939163817	2180.498773973931	0.23993778062430923	1715.3478111790575	40058.11382382642	85844.45416864715
0.00015199999999999998	-0.0007687109669713692	-0.008563137143505728	-0.0031463237800323993	0.002250607832064909	0.0006135509529169579	0.21293749802876577	2171.7185424204795	0.2394476157115258	1709.2782295747847	39089.72881426212	85498.78363024702
0.0001525	-0.0007276763732702097	-0.008541440244865126	-0.0030532731712619374	0.002249644279535417	0.000617351986419792	0.21257965994409359	2166.2159379075347	0.23899306888347324	1705.7224904616753	37750.95290515112	85282.1505889641
0.000153	-0.0006918471764558536	-0.008548639889460327	-0.002698543143149719	0.002248838364314929	0.0006211639857151301	0.2122667074592535	2168.0418577082114	0.2385957076578993	1707.8387509386462	33851.407901119645	85354.03555882315
0.0001535	-0.0007149580198803844	-0.008590744275596099	-0.0023317912037044194	0.0022481591175638337	0.0006249842707501642	0.21198734128520932	2178.720055961481	0.23824112489441698	1716.8589838934442	30420.317726717487	85774.42749460302
0.000154	-0.0007215102237294203	-0.008585893956089883	-0.0021586836406208665	0.0022475602480334722	0.0006288037648171292	0.21171946883256682	2177.489954348977	0.23790124845906774	1716.4729378259615	28757.343003435162	85725.99939972961
0.0001545	-0.0008915996693268695	-0.008587187951329437	-0.0021470434725291893	0.002247111619990534	0.0006326236640496712	0.21146372421718232	2177.818127705126	0.23757686757157376	1717.2885957529088	30339.3824203922	85738.91931647871
0.000155	-0.0012020806114474637	-0.008587715648051277	-0.0019637432606355726	0.0022468970390317994	0.0006364449663774454	0.2112475717348167	2177.951958185286	0.23730278650681497	1717.8648956635554	31609.2205128324	85744.1881130759
0.00015549999999999999	-0.0013075185050009526	-0.008593496501343601	-0.0015106476097776567	0.0022469443512632406	0.0006402649626451683	0.2110877904521576	2179.418054789318	0.23710023232720562	1719.3695131323016	28138.025917789506	85801.90713783934
0.000156	-0.001473496888381728	-0.008581843384382908	-0.0010576441056730417	0.0022472181732888456	0.0006440662508302344	0.21097411155283408	2176.462678768075	0.2369561469544466	1717.285398787079	25272.21887979007	85685.55639990962
0.00015649999999999998	-0.0015849039940276613	-0.008509381843705498	-0.0007696073126112049	0.00224766171951327	0.0006478482699297089	0.2108844616475764	2158.0855269294134	0.2368425324154305	1702.9788223934777	23508.656861108222	84962.06295538493
0.000157	-0.001850368028943816	-0.008495206364047946	-0.0006714069609781892	0.002248272310192199	0.0006516109161365163	0.21080866959902442	2154.490448221214	0.2367464901943507	1700.305183167894	25178.70385750241	84820.52764562814
0.00015749999999999998	-0.002113215342850886	-0.00842227808945976	-0.0005468589532367944	0.0022490564582171297	0.0006553366549308338	0.21075146444900278	2135.9949268327696	0.23667400704021765	1685.830867947123	26559.555554247687	84092.37408869587
0.000158	-0.0023319487706367596	-0.008329264486256937	-0.0003726449488262008	0.002249987679385912	0.0006590247557881568	0.2107196259738816	2112.405515220215	0.23663366761414537	1667.2802151478465	27004.060469060732	83163.67823790724
0.0001585	-0.002366741956477193	-0.008253051651742936	-0.0001391201999160806	0.002251054971593766	0.000662678391299741	0.2107227719019717	2093.076988406884	0.236637653440302	1652.0180036055542	25019.821909448016	82402.72993838103
0.000159	-0.002381414686244857	-0.008174302547591777	0.00018968720574235129	0.0022522466616646114	0.0006662970372087322	0.21075595723137722	2073.105231932824	0.23667969953752324	1636.1859543354456	21883.33907206736	81616.45821295363
0.0001595	-0.0024432082777605594	-0.008095732566884294	0.00034372700378384536	0.0022535587809001476	0.0006698822003484546	0.210806816694983	2053.1789034015255	0.23674414234561633	1620.354794670154	20962.305306020393	80831.97494849529
0.00015999999999999999	-0.0026387938575566385	-0.008023758436498232	0.0004737776304085041	0.002254953890742347	0.0006734373359873108	0.21086876538061075	2034.9253649010304	0.2368226416515334	1605.8231655626614	21616.64012368369	80113.34806004004
0.0001605	-0.002638101986355056	-0.007960723918405044	0.0005219728945151909	0.002256358954266717	0.0006769602777664379	0.21094686937853935	2018.939023743417	0.23692162121274643	1593.0501572185788	21128.52571724863	79483.97887753505
0.00016099999999999998	-0.002423870079994197	-0.007879009477513953	0.0007334548219560655	0.002257711263442405	0.0006804452201825397	0.21105085705123763	1998.2152208318532	0.23705341781987488	1576.4901859024626	16877.97894278507	78668.09969866279
0.0001615	-0.0019848607386272967	-0.00778987244901557	0.0009380217981796797	0.002258941253801166	0.0006838859348048768	0.21117061278750357	1975.6089569869475	0.2372052207937482	1558.418402911533	10452.180616180736	77778.10957176096
0.00016199999999999998	-0.0016204516581465056	-0.007680153945449289	0.00098690745642938	0.0022600230202723766	0.0006872851585891313	0.21129408356278703	1947.7829739799802	0.23736175710104968	1536.2279555136804	6325.6325006881925	76682.62336858104
0.0001625	-0.0012587066575386456	-0.007603322725856001	0.0009977365768601694	0.0022609196123403014	0.0006906317109519549	0.21140872616143805	1928.2976169862452	0.23750712298334464	1520.6386741190465	2605.6600621909934	75915.50079306135
0.000163	-0.0009297789873434343	-0.007443334456125393	0.0008450051476591602	0.0022616197374979554	0.0006938996910566406	0.21150331129958594	1887.7225933563554	0.23762707208004435	1488.4630140464446	846.4257964346531	74318.09528292668
0.0001635	-0.0006977582095388565	-0.007250048757892974	0.0006753370517977882	0.0022621601658606946	0.0006970775953737686	0.21158207393347847	1838.7029259375774	0.23772696668844046	1449.6663475201497	223.86441818195985	72388.23105033899
0.000164	-0.0004660832842461538	-0.007038338702633275	0.0005906774446861364	0.0022626057113763276	0.000700150687055511	0.21165444522932567	1785.0106114365722	0.23781876396403379	1407.2051807445052	-1244.0124438657747	70274.40852202362
0.0001645	-0.00037388217798470447	-0.0067787936804282216	0.0005726039889556181	0.002263023819641727	0.0007030959788953108	0.21172373987889948	1719.1867518078461	0.23790666665441132	1355.1941031648316	-1984.1411896221407	67682.97697959561
0.000165	-0.0003921742183702477	-0.006463729313284588	0.0005412240606363052	0.0022634355989023256	0.0007058991867419002	0.21178495012967546	1639.2824928061414	0.23798432042949885	1292.1071318187426	-1488.1906012322609	64537.21162461194
0.00016549999999999998	-0.000475372893275833	-0.006139960366289501	0.0004426570132439787	0.0022638404894439147	0.0007085508972399615	0.21183233341961138	1557.170643624508	0.23804443690940655	1227.3115526530105	326.65224219116914	61304.53524895448
0.000166	-0.0005834531351244698	-0.005782571984743537	0.0003189723150976619	0.00226424820517238	0.0007110427354663471	0.21186972914516347	1466.5324858977403	0.2380918844441282	1155.818645328003	2640.7130969485715	57736.1850761517
0.00016649999999999998	-0.0006486134751127958	-0.005421147987457326	0.00028211894246591817	0.0022646681085030066	0.0007133718994729004	0.21190099802184448	1374.8708456100487	0.2381315599878122	1083.5343412741422	3659.270688220635	54127.54123162467
0.000167	-0.0007367323435652307	-0.005051161580007514	0.00022049059724222047	0.0022650722253702276	0.0007155398966358644	0.21192332900653935	1281.0376711511215	0.2381598956423706	1009.5559032979914	5154.4242057650745	50433.40586201021
0.0001675	-0.0007213007555295102	-0.004696514997538538	0.00013845309150046242	0.002265428824150186	0.0007175560392237637	0.21193366052566612	1191.094867918308	0.23817300551762724	938.6617725270462	5819.452086436285	46892.43122718053
0.000168	-0.000715960063200879	-0.004368398101422118	2.7613637591416355e-05	0.0022657183979934176	0.0007194267630098212	0.21192987870401675	1107.8803245289264	0.23816820666709174	873.0873817329443	6872.806206364597	43616.34268201904
0.0001685	-0.0006468004273468568	-0.004042687827990016	-8.840186666121315e-05	0.002265972337216984	0.0007211654472039676	0.2119100991543189	1025.2761307136032	0.23814310826411111	808.0097641935271	7340.639394935924	40364.28310062607
0.000169	-0.0008128850885314097	-0.003774726089591148	-0.00022953057685725004	0.002266300387704876	0.0007227886116580481	0.2118817097866705	957.3176867242541	0.238107085906389	754.479578452099	10408.016353613753	37688.814716947905
0.0001695	-0.0011184094795301102	-0.003523291823363672	-0.00022679432256077117	0.0022667379363864953	0.0007243118953015671	0.21185843743568872	893.5508161235402	0.23807755733476094	704.2445364502227	13431.209483872371	35178.36515095953
0.00016999999999999999	-0.0012229573360522622	-0.0033256453185051566	-0.00014728069568237023	0.002267227464753213	0.0007257494026174828	0.21183928597160545	843.425193673202	0.2380532581069179	664.7546028750079	13681.16416143867	33204.96037290006
0.0001705	-0.001285880512355491	-0.003137627158404211	-0.00016055602790132208	0.0022677245734296593	0.0007271012251152823	0.21181787623240092	795.7414397218037	0.23802609429623856	627.1891779298181	14441.969422863958	31327.689961410804
0.00017099999999999998	-0.0012933387252112472	-0.002940392095452174	-0.00018357974891713977	0.002268258137639506	0.0007283830200083942	0.21179854102264684	745.7201640783019	0.23800156319864701	587.7777213153487	14746.31679288053	29358.39323183273
0.0001715	-0.0014164451036107694	-0.0028227713764610736	-0.00012721046506468075	0.00226887692926156	0.0007296008394534546	0.21178772495022105	715.8900805323988	0.23798784082083144	564.2733490620116	15412.654410878165	28184.007228791666
0.00017199999999999998	-0.0015396005009722597	-0.002652747818438306	-4.664487482614023e-05	0.0022695527859662146	0.0007307400816962227	0.21178732514441612	672.769982440033	0.2379873335898276	530.2858274216026	15837.893040487254	26486.404217673473
0.0001725	-0.0015055902828207035	-0.0024694751787543066	4.0218477944615444e-05	0.002270207246188775	0.0007318048802517572	0.21179228672581238	626.2897517430456	0.23799362833383583	493.6464130684446	14631.02888384581	24656.515532827376
0.000173	-0.0013572205081399363	-0.0023180365933546045	3.953296842947731e-05	0.0022708169743948054	0.0007327988900579005	0.21180074782871153	587.8830348542609	0.2380043630020841	463.368968436316	13156.472909629709	23144.474486494324
0.0001735	-0.001248217087015361	-0.0021511971633671003	9.646907209640988e-05	0.00227146443697548	0.0007337147009664003	0.21181250648577135	545.5704714048345	0.23801928149476012	430.0118223919527	11499.646995471017	21478.663454107253
0.000174	-0.0014738763332744103	-0.0019664413163990612	9.253718075725958e-05	0.002272251214253985	0.0007345478280368614	0.21182673942171348	498.7140808137543	0.23803733946265307	393.0731031712798	13792.003484449817	19633.96566174229
0.00017449999999999999	-0.001834828133987819	-0.001779436846906016	0.00013624012568556293	0.002273171726057046	0.0007352989467017206	0.211840932982785	451.2874114626097	0.2380553477986156	355.6862651749845	16959.579902198217	17766.816460797778
0.000175	-0.00207580194839643	-0.0015977178567449484	9.190427712581914e-05	0.002274138782180802	0.0007359676089859328	0.21185432452114739	405.2012056913976	0.2380723388511724	319.35757796449207	19808.258924027286	15952.440215163182
0.00017549999999999998	-0.0020569907065001508	-0.0014086992167870686	0.00012334857640517515	0.0022751100644923805	0.0007365551252815751	0.21187058530544464	357.2637175512074	0.23809297076294875	281.570044605234	19306.48164670606	14065.180496089464
0.000176	-0.002048683919857946	-0.0012328719678032082	0.0001380239504787236	0.0022760812617790413	0.0007370748754123892	0.2118853339023011	312.6717309367428	0.23811168435818011	246.42117682540058	19077.01588509765	12309.63043712846
0.00017649999999999998	-0.002080915012483729	-0.0011040112453587117	9.9041984220382e-05	0.002277052563393926	0.0007375396059799732	0.21190213522648116	279.991042115281	0.23813300296065484	220.66034244676536	19788.043842625975	11023.018434764941
0.000177	-0.0020161578770404613	-0.0009854948415937103	0.00017101907037937736	0.002278009438817388	0.0007379580097025875	0.21192039180143085	249.93380172264688	0.23815616859430153	196.96773253716242	18422.818758441932	9839.689452369312
0.0001775	-0.001992661047723358	-0.0008957180292340262	0.0001224333879778695	0.0022788933216111805	0.000738346550145166	0.21192582968614168	227.16528069892428	0.238163068789936	179.02309011091947	18673.318824649723	8943.311392983069
0.000178	-0.0018940158583607468	-0.0008512245573394046	-3.502593937084188e-05	0.00227960376317743	0.0007387262723145957	0.21191020218971576	215.88118045495045	0.2381432390047836	170.13375585578737	19260.54955257129	8499.065591155431
0.0001785	-0.0015514410173605908	-0.0008560696034442878	-0.0002161672475654749	0.002280161166462139	0.0007391102442958525	0.21188031795845647	217.10994466700527	0.2381053198935933	171.10862055901728	17648.713789497764	8547.441033666491
0.000179	-0.001435090083136903	-0.0008703324196169043	-0.00026418578433271	0.0022806536147688882	0.0007395063468412937	0.2118471459440404	220.72717300635247	0.2380632307070328	173.96675137266027	16966.44784336655	8689.848356294198
0.0001795	-0.0013122397658310615	-0.0009106106417775871	-0.0002690144027719004	0.002281107848152226	0.0007399375548726617	0.2118111116941856	230.9422332647796	0.23801751187729853	182.02610209982868	15788.058250163927	9092.006927833481
0.00017999999999999998	-0.001309276406393148	-0.0010281725352580865	-0.00031019277240157314	0.0022814999271768294	0.000740416898300538	0.21176604240264812	260.7573979264001	0.2379603326862371	205.53783574031382	16169.616647869942	10265.805586596565
0.0001805	-0.0011780108252532286	-0.0011270354070451122	-0.00041424181812485674	0.0022817998676219683	0.0007409418265151115	0.2117098738818093	285.8302571155878	0.23788907653297836	225.3171694300416	15897.872702426223	11252.90355575548
0.00018099999999999998	-0.001073412742388151	-0.0012331293337130924	-0.000488599518098648	0.002282009144004337	0.00074151095473386	0.21164260699061455	312.73700214626746	0.2378037475162901	246.54852770960198	15595.937102144642	12312.200111288084
0.0001815	-0.0009487630275457237	-0.0013257659924833607	-0.0005926347573091834	0.002282148207790782	0.0007421262771977309	0.21156917527071975	336.2308159422833	0.23771060663773483	265.0947395127733	15390.111531192666	13237.13235419102
0.00018199999999999998	-0.0008568174068880391	-0.0014408263588240211	-0.000587691715970303	0.002282264599767151	0.0007427905306442783	0.21149610884817302	365.4115620744661	0.23761793771255596	288.1284385675838	14422.72509215252	14385.954474088732
0.0001825	-0.000840955075818331	-0.0015457678457610543	-0.0005867630423176813	0.002282359986874627	0.0007434881261229209	0.21141952757356033	392.02603399416114	0.2375208201753569	309.1440750905791	14255.0750293741	15433.744476175807
0.000183	-0.0008188730300253581	-0.0015907376921289382	-0.0006441887304628308	0.0022824451694875856	0.0007442063911584149	0.21132984394353424	403.43094875498576	0.23740709870522003	318.17394931260264	14607.964207666118	15882.74664676572
0.0001835	-0.001005678553570561	-0.0016387016182913756	-0.0007973676281690658	0.0022825857604035446	0.0007449379668622965	0.21123181309430936	415.59519955099796	0.23728280750894162	327.80827203654934	18002.54425269982	16361.643256302032
0.000184	-0.0012021694922087131	-0.0016505846756440512	-0.0007783602276398586	0.002282790821109435	0.0007456781585906021	0.21114056568962336	418.60889132785155	0.23716713077564835	330.2235732101829	19774.63155766793	16480.289837856875
0.00018449999999999999	-0.001186509771504034	-0.0016774407001061583	-0.0006883319256042944	0.0022830297197968283	0.0007464049080648679	0.2110569750852162	425.4199145921803	0.23706117251199302	335.6320742773437	18719.387756576907	16748.43425574649
0.000185	-0.0012312368522894867	-0.001590146061105364	-0.0006552863832213722	0.002283307359769027	0.0007471025414700102	0.21097622974065405	403.2809037372972	0.2369588315186596	318.1982191403986	18836.02226886004	15876.839497081462
0.00018549999999999998	-0.0013149629190297451	-0.001546530000649131	-0.000642597799763035	0.002283642259252844	0.0007477811664761984	0.21089598785229496	392.21932599391477	0.2368571390076692	309.5018437836668	19545.297188900822	15441.35422418946
0.000186	-0.0014805927075560391	-0.0015046811313401613	-0.0006471939310021427	0.0022840248477503295	0.000748425247922699	0.21081250196873075	381.60592999960363	0.23675134627786795	301.15862913028286	21244.920684166187	15023.513500368792
0.00018649999999999998	-0.0015815239892654662	-0.0013912163990345704	-0.0006947411163743834	0.002284399423950219	0.0007490271902734738	0.21072244574604668	352.82985658990617	0.2366372402067181	278.48068627705425	22727.406380473632	13890.623014734454
0.000187	-0.001550178371748427	-0.0013152167337739786	-0.0007528042205704671	0.0022846931671677245	0.0007495925018942197	0.21062366327762483	333.55539216195405	0.2365120924854659	263.3007335587985	22994.167565590007	13131.803107124482
0.0001875	-0.0013583493206839458	-0.0012265185317029625	-0.0008350050087547823	0.0022849121899328226	0.0007501243545816285	0.21052568782300726	311.06042018044457	0.236387982640356	245.57421126744282	21899.582372024626	12246.194449903207
0.000188	-0.001201250989192273	-0.00116477979300161	-0.0007398324454460809	0.0022851175715759603	0.0007506215626335987	0.21044053263126425	295.40270486228394	0.23628012530009052	233.23800231034875	19380.77947429178	11629.762998045104
0.0001885	-0.0010909462748538129	-0.0010707504766650081	-0.0006289347207796516	0.0022853314535746885	0.0007510951422468598	0.21037013813907993	271.5556957116495	0.23619097260518807	214.42848649233585	17172.180084370157	10690.925742768837
0.00018899999999999999	-0.0010022095335894727	-0.001058542394492669	-0.0005025719743824285	0.002285504537577466	0.0007515526754834807	0.21030583024779856	268.45957358061844	0.23610953536997906	212.0009600707765	15024.515712499093	10569.033945557028
0.0001895	-0.0008096769051596365	-0.000998603292894382	-0.0005310999405466651	0.0022856033461516045	0.0007520002533462167	0.21024155775356992	253.25826871120543	0.23602814958635263	200.0128557833894	13387.008465049174	9970.57099994954
0.00018999999999999998	-0.0006676858621936368	-0.001013781374277152	-0.000502003009383607	0.0022856579052870276	0.0007524478249123623	0.2101754475099953	257.1076197404982	0.23594444364138675	203.0699107033093	11678.777773813386	10122.116803119574
0.0001905	-0.0006402636615676501	-0.000998574982374832	-0.0005606395483264401	0.002285717072656831	0.0007528990353631072	0.21010447578819444	253.25108880981858	0.23585459009974316	200.04190155264217	11990.437848058185	9970.288333101525
0.00019099999999999998	-0.0007665476604651653	-0.0010301424059157816	-0.0005801454178407757	0.0022858414617337526	0.0007533633964988171	0.21004018859169324	261.2569817310027	0.23577320645013014	206.38251601732634	13446.079186732803	10285.473792572875
0.0001915	-0.0008260656321453088	-0.0010577026537584649	-0.00045319385341699615	0.0022860088875302194	0.0007538454350494096	0.2099815369924906	268.24660484115594	0.23569896289858341	211.91977046359276	12772.78737103756	10560.649540386818
0.000192	-0.0008694624839508183	-0.0011096230094638675	-0.0004895599774648111	0.00228616086147144	0.000754348205301223	0.20991971888593172	281.4142555893404	0.2356207170208238	222.33985416553233	13569.18211514837	11079.049185758411
0.0001925	-0.0008074893083978522	-0.0011509158377309987	-0.0005040916461655923	0.0022862784120014955	0.0007548763740361168	0.2098624455274209	291.8866326298885	0.2355482290925824	230.6305900894162	13095.501609806464	11491.33810865274
0.000193	-0.0006416377378799091	-0.0012238188224735855	-0.0004165086252268083	0.002286427390594292	0.0007554248132310396	0.209828478358994	310.37574019759177	0.23550524108606444	245.25007091238464	10565.079763671252	12219.239158705735
0.0001935	-0.000574176175428415	-0.0012420552044319095	-0.00012947270510384266	0.002286662820333863	0.0007559956715855682	0.20982234468608674	315.00071445432087	0.23549747865862533	248.90652596972276	7025.593819190336	12401.320614266187
0.000194	-0.000582946577991931	-0.0013246191005877488	3.0881299084485854e-05	0.0022869362379229537	0.0007565921484176166	0.2098242448014979	335.93994983163816	0.2354998833301355	265.4516035595616	5512.104855972875	13225.681193198629
0.00019449999999999998	-0.0006158424049788922	-0.0013572401491071314	-3.3923190572153435e-07	0.0022871470556628266	0.0007572061448065233	0.20981107936097876	344.21305520826627	0.23548322206109967	271.99334256487975	6152.275686590349	13551.386588594018
0.000195	-0.0005436478927404892	-0.001403389948148861	-0.00021127937105469306	0.002287252039489051	0.0007578326538961941	0.20977833374899424	355.9172207060609	0.23544178268798888	281.25349919377044	7537.58368015276	14012.170016060281
0.00019549999999999998	-0.0004547231687462814	-0.0014134993371926535	-0.00031506691042212633	0.0022873360069633653	0.0007584659574150751	0.20974391660287275	358.48108804474964	0.23539822984944417	283.2918606101846	7685.981704665943	14113.107377217077
0.000196	-0.0004760227702720002	-0.001433938834283084	-0.00023814726950053213	0.002287498465944733	0.0007591065876041501	0.209722399137568	363.66479981826734	0.235371001748556	287.39614551849695	7130.642506645474	14317.185872044305
0.00019649999999999998	-0.00060028723061371	-0.0014464412674964012	-0.00010772007465900793	0.0022877593533094783	0.0007597482672844678	0.20971305791375633	366.8355730500527	0.23535918163800945	289.905363274181	7069.110582685819	14442.016622065366
