time	incid	trans	refl	U_in	U_out	eng_strain	eng_stress	true_strain	true_stress	F_in	F_out
5e-07	-0.0009764215242885875	-0.00033114677816831466	8.043686899605106e-05	3.8844214707886857e-07	1.2759253323993396e-07	1.3003658439951416e-05	83.04198121036212	1.3003742988224495e-05	83.0409013608023	8945.973525248934	3306.34045233509
1e-06	-0.0005616456246418957	-0.00024253051670063526	0.00012799661569790554	6.417089700672174e-07	2.4460094987762355e-07	2.7968713867101757e-05	60.81960006434591	2.7969104998892084e-05	60.8178990183542	4329.775661165488	2421.5499324153448
1.5e-06	-0.0003372118309141172	-0.00028355882590519005	0.00011187577603886224	7.67285075383239e-07	3.803981345358844e-07	3.453047139296367e-05	71.10830678498272	3.453106758346464e-05	71.10585138162948	2249.871545556662	2831.19776037936
2e-06	-0.00012222194471368466	-0.0003270079491824606	-6.69845281494473e-06	8.234841354306086e-07	4.753801383084347e-07	3.44815221119536e-05	82.00408327042956	3.4482116613289716e-05	82.001255644819	1287.2078292224005	3265.0162462627277
2.4999999999999998e-06	-0.00013124299567718504	-0.00010004697011288786	5.9138529070566985e-06	8.984519370580963e-07	5.160743555640204e-07	3.9299721378642765e-05	25.088870434503427	3.9300493632899354e-05	25.087884448885646	1251.3508870279104	998.9206183659982
3e-06	-0.00012859461804588852	-8.292101303776764e-05	7.131626412065892e-05	1.02040384340062e-06	5.522302163634231e-07	5.624856373724789e-05	20.794178474919445	5.625014574698993e-05	20.793008832246134	571.8966667098131	827.9262183128487
3.5e-06	-0.00014805129470476426	-7.964176309314695e-05	0.00020035391936239823	1.1683094011380035e-06	5.924812359905475e-07	8.991142411256871e-05	19.971837959358517	8.99154663869135e-05	19.970042262965446	-522.2164160115648	795.1844933134707
4e-06	2.2619662722870005e-05	-0.00010133352965367547	0.00033922248716927386	1.2571877336548025e-06	6.371860007503879e-07	0.000138979848481989	25.411502150273265	0.00013898950707604278	25.40797046355472	-3612.8188960974944	1011.7662932584823
4.5e-06	0.00036427817826324536	-9.966654350069355e-05	0.00044728714986778874	1.2927914971880753e-06	6.818180951403125e-07	0.00019906231209757517	24.99347050412662	0.00019908212762931825	24.988495246100726	-8103.087364927859	995.122242600423
4.9999999999999996e-06	0.0004386932125495862	-0.00010100679155880555	0.0005157646957512266	1.285326441087201e-06	7.174397209936055e-07	0.0002467000661177933	25.329565738616235	0.0002467305015848574	25.323316933073784	-9529.80068150356	1008.5039713770409
5.5e-06	0.0003584485831184958	-5.915397521524199e-05	0.0002478129635113077	1.310368206264407e-06	7.210412950395979e-07	0.00027103749542093714	14.834096606688275	0.00027107423272113636	14.830076010297168	-6053.228382305168	590.6238383245609
6e-06	-8.093991463967616e-05	4.296069804211956e-05	0.0001422876548317584	1.436118345679124e-06	6.901600566502472e-07	0.0002798698223841589	10.773293641360539	0.00027990899325155586	10.77027852158264	-612.5275208123192	-428.94179609084284
6.5e-06	-0.000342881766326201	9.588649662946606e-05	-7.157506324980769e-07	1.6449240949060064e-06	6.596792271506967e-07	0.0002930062191620109	24.04554468406863	0.00029304915387125843	24.03849918993306	3430.655058540263	-957.3803024517267
7e-06	-0.00038538255765634133	4.1160392938762805e-05	0.00021127687613222267	1.9373289196105177e-06	6.626846194681717e-07	0.0003124715709711805	10.321829479779952	0.0003125204003846066	10.318604201507108	1738.3610403480116	-410.9666201803339
7.499999999999999e-06	-0.00061731137220759	-5.4673137696849816e-05	0.00010073002001278142	2.187187482495633e-06	6.929291205669166e-07	0.000315925903816706	13.710432873442231	0.0003159758189182932	13.706101392544971	5157.815006176867	545.8848424347365
8e-06	-0.0004507254412803041	-8.131117999329069e-05	-4.536109167538308e-05	2.360554579665465e-06	7.35259210449389e-07	0.0003182345139735048	20.390479166199835	0.0003182851613218864	20.383990211972694	4953.184146446262	811.852813806541
8.5e-06	-0.0002917575927526454	-0.00010901195913328526	8.236542103419364e-05	2.5461502360685912e-06	8.007482217666048e-07	0.00033441988637301597	27.337028951704955	0.00033447581717319043	27.32788690558915	2090.679581980171	1088.4316986695299
9e-06	-0.00028327876092770115	-0.00018543755058413622	0.00017706722908331435	2.7764048725337317e-06	8.53326070101871e-07	0.0003648026835453462	46.50234459921694	0.00036486924023148713	46.485380419116	1060.4707863504561	1851.5042733305074
9.499999999999999e-06	-0.00026498364299756534	-5.096121850594434e-05	0.000309933588311437	3.02631430748825e-06	8.550089718561576e-07	0.0004108390513165053	12.779591494249104	0.00041092346880172644	12.774341139003393	-448.8034681888515	508.82312423057607
9.999999999999999e-06	-0.00012074152349085471	4.3394611735045945e-05	0.00042797571632815004	3.221719651934927e-06	8.534016371023719e-07	0.00046136127274929676	10.882106576018161	0.00046146773260687584	10.877085993478056	-3067.5848508547165	-433.27421449358326
1.05e-05	5.1978836379015005e-05	-3.616776679289979e-05	0.0003818365927496754	3.3124681073129923e-06	8.85722499461758e-07	0.0005020904007836246	9.069824043132195	0.0005022164903762678	9.065270171543341	-4331.43728623641	361.11766232315557
1.1e-05	0.00019284142251381286	-0.00010915221718529322	0.00027100384626549845	3.2847631337616705e-06	9.212124068486164e-07	0.0005295243173939147	27.37220159201833	0.0005296645649071347	27.35770734565475	-4631.270714069182	1089.832107496349
1.15e-05	0.0003714584559570242	-5.041632141058646e-05	0.0001687298536230045	3.1599756226957166e-06	9.175725651476535e-07	0.0005456271358544847	12.642947149996141	0.0005457760445083761	12.636048814953929	-5393.519060406354	503.38259022113465
1.2e-05	0.00044771639843442946	6.678165633839934e-05	8.93795530974103e-05	3.031250302536469e-06	8.956780813142003e-07	0.0005547673447581895	16.74689719623807	0.0005549212850983206	16.737606564547573	-5362.643360620339	-666.7825459360519
1.2499999999999999e-05	0.00027756098798775096	3.165959205744553e-05	5.712733966876544e-05	3.021724547484564e-06	9.136936782259039e-07	0.0005635741670974085	7.939304930896295	0.0005637330347102382	7.934830543732533	-3341.701111440873	-316.10571754001387
1.3e-05	-9.356851083790692e-05	-0.00011266071837195014	8.403575514187057e-05	3.162083310602171e-06	9.626507789127325e-07	0.0005824878031344868	28.25203165175942	0.0005826575150615423	28.2355751879085	95.17995601338015	1124.8627952918778
1.35e-05	-0.00023434434573902226	-0.00010745856583281226	0.0002191277803851484	3.3818547934723174e-06	9.991071970884976e-07	0.0006214109211593897	26.947483089342338	0.0006216040769494403	26.930737629052864	151.93004701239062	1072.921817715382
1.4e-05	-0.0001298926657548695	-5.6455566355123634e-05	0.0004047644236856155	3.6241974211467593e-06	9.782852992563862e-07	0.0006748255936081288	14.157414142497345	0.0006750533908870459	14.147860357094679	-2744.4615873295647	563.6815306853365
1.45e-05	-0.00010354525195970935	0.00015007428932460162	0.0004514105030620406	3.878480008897393e-06	9.286345855425716e-07	0.0007231742507749892	37.634267146387934	0.0007234358674106552	37.60705101344088	-3473.266320280308	-1498.4192097353416
1.4999999999999999e-05	-0.00026477903508980615	7.316359465166198e-05	0.0003235621048465884	4.169386302476494e-06	9.054160910388887e-07	0.0007674769941014018	18.34730171905144	0.0007677716553431012	18.33322058707823	-586.920526675024	-730.5031139758904
1.55e-05	-0.0003330628193166294	3.123062638597987e-05	0.0003865592210608734	4.514614491693136e-06	8.862487452790809e-07	0.0008163071463049039	7.831732816117524	0.0008166405064119322	7.8253397166517775	-534.1357029645031	-311.8227027389183
1.6e-05	-0.0004364502454299002	5.49489547077428e-05	0.0003961311909421567	4.845649781458959e-06	9.087450036378229e-07	0.0008583462515786871	13.779599758177651	0.0008587148416561574	13.767772090376965	402.56626258030894	-548.6387419158123
1.6499999999999998e-05	-0.0003781017429570252	-0.00015609588166504	0.00027770665600635776	5.0897316921453855e-06	9.543101459427589e-07	0.0008870741866306253	39.1443073791725	0.0008874678697715341	39.10958347454291	1002.3963966575951	1558.5418974836216
1.7e-05	-0.0002588559009093068	-4.877259232833514e-05	0.00018276865089192826	5.221661274885442e-06	9.85471694576518e-07	0.000902579480124274	12.230747700802464	0.0009029870502446653	12.219708478901142	759.6943990544421	486.97075016824783
1.75e-05	-8.578971323858659e-05	-9.133492392048556e-05	6.576312722326389e-05	5.2823091176684015e-06	1.0443878978661146e-06	0.0009107612407034413	22.904142622217247	0.0009111762357156046	22.883282416865388	199.95577740748578	911.9350498882318
1.8e-05	-5.5749012372554415e-05	-0.00017356214543675413	6.538095629157738e-05	5.336373777341948e-06	1.1426649528683435e-06	0.0009239003900365432	43.524338361109734	0.0009243274490621531	43.484126207921825	-96.17030245694167	1732.9340953452613
1.85e-05	2.3270537455034236e-05	-0.0002683078733624352	0.00014522428945978278	5.3930617510914465e-06	1.2701054671183703e-06	0.0009509555170704044	67.28381143128836	0.0009514079621275765	67.21982751959825	-1682.3393702308538	2678.924373914089
1.8999999999999998e-05	0.00015551302915545875	-0.000304685918791395	0.00028843785512407886	5.465459569586527e-06	1.4099928677535443e-06	0.000993398189958437	76.4063672408029	0.0009938919369590466	76.33046529388457	-4432.634904867751	3042.1415667370206
1.95e-05	0.00019928087789992903	-0.0003242711490311175	0.00039186871018827263	5.534888222009168e-06	1.541494935433778e-06	0.0010317130775788657	81.31777338693486	0.0010322456598623505	81.23387677669196	-5902.342783730168	3237.690620144925
1.9999999999999998e-05	0.00010269930914812852	-0.00026698406427049464	0.00022227426959405228	5.600308133845249e-06	1.6409109093910375e-06	0.001053462915806789	66.95183861141948	0.0010540181978778936	66.88130733229727	-3244.704041146503	2665.706780265549
2.05e-05	-4.821358597458033e-05	-0.0001800067239703357	0.00012635028051315454	5.699473191614269e-06	1.7070362527092153e-06	0.0010650310566621896	45.140451229411205	0.0010655986052450818	45.092375246940136	-780.1571115794652	1797.2800956949939
2.1e-05	-0.000212225229876702	-0.00011730384047874553	5.9073530874706135e-05	5.820673581661354e-06	1.7599287532576933e-06	0.0010872637958037974	29.416391640048186	0.001087855295867922	29.384408262414777	1529.145657267331	1171.2221243233867
2.1499999999999997e-05	2.365296493159342e-05	-0.00012050965740397037	0.0002972913578968854	6.026580020785036e-06	1.8175440534275568e-06	0.0011257405423523072	30.220317289999908	0.0011263746641857182	30.186297053623807	-3204.4738692149735	1203.2306561329997
2.2e-05	-0.0003327052432725943	-0.00013853833470976314	0.0003194460318020395	6.276243903211081e-06	1.8804560272458321e-06	0.0011560872537280658	34.74138522959002	0.0011567560380955938	34.70122115694924	132.38681497567862	1383.2382811745465
2.2499999999999998e-05	-0.00030340277861625056	-0.0001443243849061733	0.00016697637234369114	6.505403450258151e-06	1.9333633765766436e-06	0.0011853139272997052	36.19235834293338	0.0011860169674565973	36.14945903652768	1362.151696962592	1441.0091945122826
2.3e-05	-0.0002584672342421058	-9.355587557670932e-05	0.00030149313157941713	6.790228608292275e-06	1.9608274049462534e-06	0.0012310438777967342	23.4610927055773	0.001231802234755593	23.432211071035677	-429.59277952588815	934.11017822338
2.35e-05	-0.0002891563541722364	-2.9926973311118704e-05	0.0004315046613873384	7.172846325874555e-06	1.928661321609306e-06	0.0012976013421714182	7.504814539133937	0.0012984439557895693	7.4950762817152095	-1421.279014309155	298.8063571743733
2.4e-05	-0.00036431811468165743	0.00017455104500792315	0.0006353338976282911	7.626873426993583e-06	1.7816021716391265e-06	0.0013851116746400158	43.77232561335537	0.001386071828531663	43.711696054122164	-2705.9615416891306	-1742.8077793760663
2.45e-05	-0.00027437479612399596	0.00048665140311633355	0.0007673547093807287	8.068987158183521e-06	1.5488499072013634e-06	0.0014785926223049712	122.03801860044716	0.0014796868190902195	121.85757408650382	-4922.166050973646	-4858.978937404389
2.4999999999999998e-05	-0.00021505161706342137	0.0005598415698399253	0.0007310358984836898	8.404562256934248e-06	1.3051229004465198e-06	0.0015608377919059842	140.391983822342	0.001562057168209874	140.17285470831146	-5151.853543209635	-5589.74736066944
2.55e-05	2.454422844104228e-05	0.0005359956736976396	0.0005872582860603173	8.570632143210754e-06	1.0498209192680472e-06	0.0016278283154449373	134.41212658095452	0.0016291546675349787	134.19332671536688	-6108.552267140017	-5351.657618490683
2.6e-05	0.00030255787708946986	0.0006118845840109723	0.0004865217064837449	8.583891705800615e-06	7.444659019409827e-07	0.0016818415100491634	153.4428582074947	0.0016832573932316973	153.18479163914077	-7878.5780786119185	-6109.37169150838
2.65e-05	0.0005035934587024449	0.0007610424663943925	0.0003792468326392861	8.512786629881612e-06	3.785750991476714e-07	0.0017251748067212392	190.847317144932	0.0017266646345001897	190.51807216146324	-8814.733407222862	-7598.64102106917
2.7e-05	0.0005106890397270555	0.0008840635647648049	0.00031533539361238745	8.444361679077574e-06	8.134788033992185e-09	0.001763993742342517	221.69743078898313	0.001765551411385822	221.30635790837795	-8247.45453866141	-8826.947200832294
2.7499999999999998e-05	0.00041918322484634456	0.0007814978140541538	0.000306886887987588	8.450215975770292e-06	-3.365928392989053e-07	0.0018099577231824272	195.9769234343519	0.0018115976757909112	195.62221348821637	-7249.458981823897	-7802.877776166544
2.8e-05	0.0002912439080298408	0.0007684550530391024	0.0004298621385351735	8.58158776986669e-06	-6.820633145969699e-07	0.0018771185033773716	192.70617829488802	0.00187888249814568	192.34444596189556	-7199.895180527742	-7672.652114323371
2.8499999999999998e-05	0.00019459561866245765	0.00078483778231355	0.0006466468697135454	8.859465614771893e-06	-1.0589002583310343e-06	0.0019694793365967653	196.81449033738548	0.0019714213112302487	196.42686826552318	-8399.39945943508	-7836.225744178312
2.9e-05	3.645575683841403e-05	0.0009094839228720859	0.0008337896094552662	9.324291554761429e-06	-1.4544111358631554e-06	0.002076565031719286	228.07211730105465	0.0020787240823418986	227.5985107175571	-8688.979170956874	-9080.757184392596
2.95e-05	-0.0004099318052802631	0.0008687989009919247	0.000882669239285844	1.0016132906093141e-05	-1.7963264763272096e-06	0.002191490397690016	217.86949705753753	0.0021938952268540537	217.39203814678638	-4720.054684002656	-8674.536914364353
2.9999999999999997e-05	-0.0008585825845106968	0.000668509455624545	0.0009594503934024687	1.0958971508901544e-05	-2.0584191623963232e-06	0.002322647139829806	167.64272918489985	0.002325348668640626	167.2533542794453	-1007.116296652471	-6674.743653330927
3.05e-05	-0.0012782872438840496	0.0005099029430565303	0.0011428392761964822	1.2137071421890272e-05	-2.1664513829628075e-06	0.002466082708416158	127.86882859203462	0.002469128498856416	127.55349348489837	1352.3824608203026	-5091.134320309195
3.1e-05	-0.0017195413724265815	-2.4172074019525493e-05	0.0011562656662756838	1.3512540498617668e-05	-2.075683409135732e-06	0.002613914109969816	6.06165316675572	0.002617336348382653	6.045808526013394	5624.035551140764	241.34647055805885
3.15e-05	-0.0020952318212564317	-0.00038393586430264504	0.0012132993538538158	1.5139844870167722e-05	-1.8299757930379064e-06	0.0027716168039383917	96.27994874586719	0.0027754648456349536	96.01309762204082	8805.669224173591	3833.413950960596
3.2e-05	-0.0026936095213689983	-0.0007208065289425314	0.001314490975405076	1.7111797786960828e-05	-1.4129912889918961e-06	0.002946525379579121	180.7573142152932	0.002950874931630232	180.2247082014133	13769.8318018012	7196.904641900491
3.25e-05	-0.003369038898079159	-0.001154025298665677	0.0014890895778680551	1.951246167178154e-05	-7.741699165970717e-07	0.003149748177893446	289.39598234402297	0.0031547190754803492	288.48445787594517	18770.38490344151	11522.384572490166
3.2999999999999996e-05	-0.004167321505655978	-0.0017182220618501946	0.0017683349551982184	2.2379586639858727e-05	1.0190113725950276e-07	0.0033931522182409466	430.8801219949363	0.003398922014791652	429.4180801531932	23952.720664413988	17155.616432729905
3.35e-05	-0.004822267206753588	-0.0022207394081312313	0.00213314804302847	2.5677550482999873e-05	1.1966181863967358e-06	0.003689889585660939	556.896857711267	0.003696714021019006	554.8419697957108	26849.554512816954	22173.00914057794
3.4e-05	-0.005249573839221269	-0.002701290897631307	0.002623206010399837	2.93994228865031e-05	2.515495759556993e-06	0.004037027963056303	677.4051953807747	0.004045198758343546	674.6704916647029	26223.012777524487	26971.08339016763
3.45e-05	-0.005920361314840467	-0.0032286024842260864	0.0029410174737562246	3.358932230211236e-05	4.062288045642592e-06	0.00442261193676709	809.6396054759649	0.004432420615609147	806.0588836923075	29747.307576658142	32236.03459816987
3.5e-05	-0.006737663202373518	-0.003726033432729133	0.003239444098178345	3.835340888487086e-05	5.814848220648148e-06	0.004850926139664716	934.3808205574742	0.004862730070674038	929.8482082106306	34928.02617410042	37202.64208375767
3.5499999999999996e-05	-0.007817086758665139	-0.0041537692074583715	0.0036259332312957365	4.37619230788183e-05	7.763215084589225e-06	0.005337476184144974	1041.6445130038826	0.005351771399758049	1036.0847602233791	41846.64131760012	41473.376960662754
3.6e-05	-0.008701664499596352	-0.004606412940631277	0.00417289674546253	4.9917293924613384e-05	9.903825993921474e-06	0.005908205121832863	1155.1543970288667	0.005925727617467703	1148.329507903833	45217.556116800304	45992.80575826036
3.65e-05	-0.009825789221922367	-0.005018130476211434	0.004975222750854503	5.688124777669318e-05	1.220678366360513e-05	0.0065532252135288484	1258.4011809557394	0.006574791866268226	1250.1545946079657	48430.56069801281	50103.606262961264
3.7e-05	-0.011146387872040722	-0.00533635103296459	0.005363697333108604	6.463847135034043e-05	1.4612169355862848e-05	0.007261506716962788	1338.2016417689651	0.007287999787849035	1328.4842815586092	57737.3687823972	53280.88464500481
3.75e-05	-0.012378455423813063	-0.005478663937041521	0.005989229428751382	7.327154950828787e-05	1.7060121126775103e-05	0.008052381307466962	1373.8895792198973	0.008084976828796598	1362.8264964536634	63793.33201860716	54701.810176098676
3.7999999999999995e-05	-0.01376050516285654	-0.0055277352169418245	0.006687568229070477	8.286349760025697e-05	1.9532935390709742e-05	0.008934025402898596	1386.1952290770078	0.008974173107133547	1373.810925687057	70619.85512993703	55191.76317724118
3.85e-05	-0.015234765116957092	-0.005590449849418842	0.007444158770623886	9.346517791300369e-05	2.2002875029260357e-05	0.009920697525078657	1401.9222349702193	0.00997023555159469	1388.0141885233975	77785.43718159785	55817.93845655098
3.9e-05	-0.01661695269257377	-0.005514810422111174	0.008371045052673413	0.00010509690180490014	2.4440780711611115e-05	0.011020945796285202	1382.9540664257765	0.011082126346372729	1367.7126046209457	82331.40043465541	55062.7153507061
3.95e-05	-0.01804551946470998	-0.005446419843351587	0.009264652028658045	0.00011773068008724288	2.690621482514056e-05	0.012224920988107008	1365.803698278656	0.012300259973077009	1349.106855981935	87672.71531675241	54379.86849239695
3.9999999999999996e-05	-0.01945973463192444	-0.005638582836762408	0.010033666661834424	0.0001313276947168178	2.944355625241436e-05	0.01352610426784534	1413.9925883424978	0.013618415367647964	1394.8667771586165	94114.73065918774	56298.523060230495
4.0499999999999995e-05	-0.0208182583003843	-0.005769727110498519	0.010822784349530814	0.00014587170095392872	3.2022402491234405e-05	0.014931483112929758	1446.8797581216502	0.01504407993781123	1425.2756974468168	99799.9740380102	57607.93521801817
4.1e-05	-0.022047433293505735	-0.005825195386942752	0.011703800099668602	0.00016134464670084409	3.459871781428864e-05	0.016448125743254067	1460.7895886678862	0.01658489800228399	1436.7623378290405	103276.17572506418	58161.75913635223
4.15e-05	-0.023211496397351542	-0.005758347691396274	0.01260621311189696	0.00017765053363534875	3.7185034995811544e-05	0.01806056434038024	1444.0261307588828	0.018225647010659155	1417.9462039151217	105888.62536765818	57494.3172208571
4.2e-05	-0.024256978030735916	-0.005870165409594341	0.013239297765371161	0.00019474505886416923	3.9846439604697416e-05	0.01977764645686641	1472.0667624840385	0.019975841682929218	1442.9527464947253	110006.20979544558	58610.763067049695
4.2499999999999996e-05	-0.025080031989873363	-0.006095953279391395	0.014283526730334745	0.00021251958995401561	4.259365464078084e-05	0.021605978525943648	1528.687793631998	0.021842805140868757	1495.6589979899127	107797.88431254835	60865.145766123154
4.2999999999999995e-05	-0.025531190675086853	-0.006255983392012387	0.015022504806502947	0.00023079214114704502	4.539210407891243e-05	0.023525679430123028	1568.8186917155356	0.023806826430667494	1531.9111660902508	104924.14687036701	62462.96905728496
4.35e-05	-0.02585467747128034	-0.006326311690066788	0.01574806263618804	0.00024957610302785507	4.8206501738182406e-05	0.025538570487381146	1586.454983507032	0.025870340589377226	1545.9391910856805	100909.6620244061	63165.163105759006
4.4e-05	-0.026336848852798505	-0.0063276892522876205	0.016516234316168728	0.0002688687813460203	5.1077517684870326e-05	0.027639431794399986	1586.8004360483226	0.028028588364439617	1542.9421736248407	98054.08734112798	63178.91739840694
4.45e-05	-0.02673189081468732	-0.006580876946679075	0.017158123181202946	0.00028851702244990366	5.4047862301868086e-05	0.029810808434992606	1650.292546334425	0.03026418365256935	1601.0959913739532	95589.44037727184	65706.8740967337
4.4999999999999996e-05	-0.026805239809790125	-0.006774287508779048	0.01764651290423003	0.00030833215933866084	5.708397979385782e-05	0.03203568151940751	1698.794290342419	0.03256005345871419	1644.3722574900212	91445.4594039611	67637.98503466038
4.5499999999999995e-05	-0.026624796452910417	-0.0068766027547888355	0.018015608807736776	0.0003281660842379266	6.019143298629412e-05	0.03431099935571981	1724.451978403511	0.034913442108013754	1665.2843076835384	85958.57562145147	68659.5532910208
4.6e-05	-0.026081143273629103	-0.007095024707270019	0.018455083466971438	0.00034785715139503407	6.330326477109365e-05	0.03661655683838718	1779.2258517119017	0.03730377077383102	1714.076727184365	76142.5195502372	70840.39086752133
4.65e-05	-0.025497777957859586	-0.006896289635819543	0.01850031508442143	0.00036734262919828055	6.636324342238266e-05	0.038928833664464	1729.3888756117085	0.03970681829428592	1662.0657837318458	69866.28313322134	68856.11727842294
4.7e-05	-0.02504907603255891	-0.006861884376817766	0.018562786708190376	0.0003866333707979717	6.941752172661298e-05	0.04124037412802076	1720.7610372635093	0.04211488632814688	1649.796208301841	64762.462426279315	68512.59740412472
4.7499999999999996e-05	-0.024634014563361624	-0.006870659925385844	0.01848851205170075	0.000405721425462075	7.248075722193653e-05	0.043555961536180465	1722.9616896247728	0.04453299838547104	1647.9164365431636	61359.8708905556	68600.21701311672
4.8e-05	-0.024072893985077056	-0.0069021574008379	0.018627654512112294	0.0004244963481929571	7.5531190494616e-05	0.04587438637677553	1730.860340425881	0.04695994573704943	1651.458184404947	54368.083064858474	68914.70407474422
4.85e-05	-0.02318064046897851	-0.006813098998674498	0.018533992785666687	0.00044273132438539303	7.855813110662095e-05	0.048157657641816135	1708.527083252172	0.04935586467170003	1626.2484209051431	46394.5302082152	68025.49899377702
4.9e-05	-0.02220867519006122	-0.006796530483001771	0.018064183679184505	0.00046032674755664316	8.156403160551735e-05	0.05038680665240127	1704.3721813842187	0.05170054219894904	1618.4943098170806	41380.74364657137	67860.07037657319
4.95e-05	-0.021172620134949867	-0.00671849914345295	0.017666476144273854	0.0004772822923668613	8.45540197753814e-05	0.05255187139621805	1684.8041908137686	0.05398308906105287	1596.264577650314	35007.152333493235	67080.96518362149
4.9999999999999996e-05	-0.02035887151719021	-0.006724985999617494	0.01703698759446209	0.0004935855017311451	8.75494385900132e-05	0.0546398152706243	1686.4309056823536	0.05618927624501573	1594.284632529198	33167.404654908045	67145.73330567282
5.05e-05	-0.01947576887402466	-0.006742916227436063	0.016430318517702835	0.0005092296534117454	9.056549438684129e-05	0.05665972234274954	1690.9272853537582	0.05832821556594184	1595.119814863835	30407.34916517038	67324.75796019018
5.1e-05	-0.018486188949395417	-0.006817773311069212	0.015946436973469903	0.0005242689933643768	9.361140621213558e-05	0.05860630887238885	1709.6992648575626	0.06039385162283749	1609.5001016624242	25358.195369886234	68072.16974275118
5.15e-05	-0.017931677359638253	-0.006877153907424812	0.01525507570118585	0.0005386674384748425	9.670068368755891e-05	0.06045717390126502	1724.5901914554213	0.062361877241258065	1620.326342342185	26724.573275570976	68665.05628357842
5.2e-05	-0.017138922985128573	-0.007012752501657756	0.014412132911553046	0.0005523841578980327	9.983210969466385e-05	0.06220294264789372	1758.5943752700082	0.06422171015189156	1649.2046302041795	27225.68033171702	70018.94267761809
5.2499999999999995e-05	-0.016551095928377446	-0.007066660730620604	0.013570504821508117	0.0005655479998826577	0.0001029917465705878	0.06385386279330431	1772.1129912788322	0.065983685197153	1658.9567314794815	29759.76092240066	70557.19027621925
5.3e-05	-0.016173406374964734	-0.007139593269679281	0.012891820411687105	0.0005783024964720288	0.00010616948062537387	0.0654246206094038	1790.4023509749618	0.06766299253531229	1673.2659564242404	32765.04901607409	71285.38641182728
5.35e-05	-0.015995519490025107	-0.007148028662981391	0.012285596138567117	0.000590747711849957	0.0001093412064501106	0.06692280532013511	1792.517702288269	0.06926734342250057	1672.557389065135	37041.79071237544	71369.60973497236
5.4e-05	-0.015946088772355455	-0.007112579266005765	0.011728558140780724	0.0006029679069744932	0.00011253504707670544	0.06834969302575601	1783.6280245029327	0.07079774181352573	1661.7175965560216	42110.00394831008	71015.66464790338
5.4499999999999997e-05	-0.016126598798893606	-0.007247460497935826	0.011142788267072191	0.0006150536438560842	0.00011579928141661634	0.06971518055722803	1817.452314715032	0.07226448225673396	1690.7482984405215	49760.93821380713	72362.38852623288
5.4999999999999995e-05	-0.01632571531160396	-0.007429081133360243	0.010744384931543925	0.0006270833335624984	0.00011909978781946153	0.07103499659200066	1862.9974879996785	0.07368421212868592	1730.6594677887156	55726.88496476817	74175.78274738193
5.55e-05	-0.01660666220484039	-0.007410545738232075	0.010410727420334012	0.0006391475787992553	0.00012237504393914045	0.07232074204057612	1858.3493499671304	0.07506923313767973	1723.9521460068852	61863.412748140996	73990.71578990991
5.6e-05	-0.017027194511395404	-0.00731555165186431	0.010198273155428626	0.0006514138275200352	0.00012559939185132475	0.07359599574001514	1834.527595822695	0.07644484978502666	1699.5137106955876	68183.47758036069	73042.24577239183
5.65e-05	-0.017683074043281753	-0.007181653952635068	0.0102425569133078	0.0006640203470729428	0.00012882776405994157	0.07488776196934072	1800.9499470078429	0.07784021041909787	1666.080836057623	74289.96564363666	71705.34199248787
5.6999999999999996e-05	-0.018292432281223136	-0.007333645559340943	0.01046294975865217	0.0006769505708776301	0.00013209211406493346	0.07619984547932446	1839.0650215920402	0.07925951371927285	1698.9285511202963	78173.59700256304	73222.90468914685
5.7499999999999995e-05	-0.018812839987604205	-0.007343416121436774	0.010568219235695115	0.0006901883729148916	0.0001353607582905955	0.07753852169593382	1841.5151944080485	0.08070966187531325	1698.7268285530483	82318.55148034373	73320.45902706971
5.8e-05	-0.01924910519337042	-0.007352953091177218	0.01088919984319699	0.0007038389676587123	0.000138622186917325	0.0789278404874065	1843.906789054901	0.08221689670519611	1698.3712081347298	83469.61244757088	73415.68105827879
5.85e-05	-0.01985708336082257	-0.00731097358603645	0.011379960669952432	0.0007179907004574961	0.0001418879899052506	0.08037912285835318	1833.3795500571293	0.08379378393492258	1686.0141099570951	84639.97091339805	72996.53599884722
5.9e-05	-0.02050910147173136	-0.007372620948175057	0.011882403782958666	0.0007325639705530371	0.0001452106110736337	0.08187973393333309	1848.838915588931	0.0854268881553294	1697.4564770949173	86133.40493971914	73612.05509991189
5.9499999999999996e-05	-0.020961703686653944	-0.007566437595070226	0.012170642286557735	0.0007474612247798608	0.0001485737723848118	0.0834186313888424	1897.442493853381	0.08710443374346692	1739.1604378770999	87774.49711839236	75547.22059815426
5.9999999999999995e-05	-0.021352102078985902	-0.007554896186871791	0.01249608982730636	0.0007626769853187718	0.0001519961497707767	0.08500647728443866	1894.5482443364235	0.08883829273105849	1733.4993720399661	88422.99996414386	75431.98521819836
6.05e-05	-0.02160917472131208	-0.007832682936657172	0.01295522871542834	0.0007781374540954676	0.00015546981600472946	0.08664424230577822	1964.2090823000665	0.09062981634958085	1794.021674634049	86405.46621001333	78205.55158963763
6.1e-05	-0.021652205712489513	-0.007785499395566831	0.013296235215590793	0.0007937626951185685	0.0001589193972699083	0.08831835140591661	1952.3768224353153	0.09246441937078502	1779.9461201547063	83430.32484034082	77734.44674768709
6.149999999999999e-05	-0.021767464991184038	-0.007724392902888376	0.013537781927435455	0.0008095354608521224	0.00016236114036515608	0.09001805786620358	1937.0530912339925	0.09433052347714718	1762.6833339773825	82169.40588725464	77124.32796664191
6.2e-05	-0.021905205557210143	-0.0077502576771944	0.013706531056515654	0.0008254219998604822	0.00016583566857273033	0.09173926374110489	1943.5392244037355	0.0962237871316488	1765.2403669049788	81859.80037950474	77382.57523104698
6.25e-05	-0.02193439804539159	-0.007871800232094127	0.013882392478969812	0.0008413597346522984	0.00016934124842586488	0.09349551757672496	1974.0185623458742	0.09815930404129322	1789.4566751532843	80395.38199328615	78596.11886921238
6.3e-05	-0.021573612382019866	-0.007889871050907703	0.014268309006756632	0.0008571242380846143	0.0001728495990767264	0.09525605809522675	1978.5501981500138	0.10010331243826752	1790.0813055307137	72939.92168613532	78776.54725683141
6.35e-05	-0.021086810452148837	-0.007884258200474134	0.013951103008006054	0.0008725660022802738	0.00017636440982063008	0.09698612120960985	1977.1426585000152	0.10201735603720563	1785.3872609740424	71246.58832285566	78720.50565937403
6.4e-05	-0.02061104024058839	-0.007918916705907489	0.013779791750307677	0.0008877184334436397	0.00017988815906662593	0.09868535542735746	1985.834003688079	0.10390086527412856	1789.8612692143888	68206.71289118793	79066.554076833
6.45e-05	-0.020280072188497023	-0.007924447195630954	0.013456951736294303	0.0009025761235370517	0.00018340590958518108	0.10034011850175371	1987.2208896672823	0.10573849652998972	1787.8229101089069	68125.55836133251	79121.7733424259
6.5e-05	-0.01999865584854442	-0.007891945427546164	0.013066971168326879	0.0009170644657681331	0.00018692668324454682	0.10195818366633279	1979.0703914817652	0.10753864569097732	1777.2879690184664	69209.51968128678	78797.25890449127
6.549999999999999e-05	-0.01920764735220486	-0.007938039740572089	0.012868727025571364	0.0009312184862710375	0.00019046629753089508	0.10354960773725852	1990.6295046260213	0.10931232236732175	1784.5006002717837	63291.05424490853	79257.48833092027
6.599999999999999e-05	-0.01892251531056009	-0.007976656026564131	0.01263994549613889	0.0009450786434926573	0.0001940140948874759	0.10510206867539469	2000.3133460739225	0.11104561042343486	1790.0762754025525	62728.421629039854	79643.0532734532
6.65e-05	-0.01851092265643272	-0.007974832188182263	0.012244193431473009	0.0009586036225523051	0.00019755658246332715	0.10660644672260289	1999.85598045051	0.11272808603217627	1786.658440417734	62570.26100306288	79624.84312913638
6.7e-05	-0.018186211116246596	-0.007952782367441067	0.01186923281120097	0.0009718704345944008	0.00020109318655787706	0.10807412659295172	1994.3265266843875	0.11437225141685878	1778.7914291718175	63071.973769527576	79404.6863313363
6.75e-05	-0.01793838970877975	-0.00794837907567118	0.011655964440375468	0.0009849772623819126	0.00020463319923222842	0.10951883806776597	1993.2223091696005	0.1159933309599149	1774.9269178585964	62726.97840695686	79360.72159224766
6.8e-05	-0.01783505184669343	-0.007968107910324889	0.011501076208102638	0.000997983673566414	0.0002081656967415779	0.11094597368598454	1998.1697271263076	0.11759727330800956	1776.4808411604213	63241.68392583067	79557.70446628859
6.85e-05	-0.0177686204162537	-0.007914589641295407	0.011374243949666277	0.001010944205407449	0.00021170794898042335	0.1123570545833173	1984.7489017275523	0.11918570534394818	1761.7483610419708	63844.75698625551	79023.35042905502
6.9e-05	-0.017886109130581907	-0.008011966799926856	0.0112437377494318	0.0010239008412826168	0.00021533557823832542	0.11375636660334006	2009.1682610887392	0.12076338491713494	1780.6125798125333	66320.86628898658	79995.61427077951
6.95e-05	-0.017939744887116568	-0.008298458948477208	0.011185602566936365	0.001036842134981079	0.00021903962109413657	0.1151488697905823	2081.0121598831947	0.12233586257648069	1841.3859616521863	67436.8450678073	82856.09983934801
7e-05	-0.017926265798592234	-0.008355535071725696	0.011134600097924385	0.0010497857304210291	0.00022273472281726856	0.11654250643609691	2095.325191646868	0.12391209979584616	1851.130742013647	67811.49787735872	83425.9773305402
7.049999999999999e-05	-0.01793192588578667	-0.00825825812576303	0.01120377058161906	0.0010628690004816797	0.00022637314949842913	0.11795326906794966	2070.9309627085236	0.12551024146273404	1826.657885643017	67177.37727907272	82454.7140638552
7.099999999999999e-05	-0.018279756577410645	-0.00810071463718178	0.011409109692878843	0.0010762587289031417	0.0002300068150813531	0.11940394168379531	2031.4236376155725	0.12715626180472286	1788.8636480546393	68600.08680649508	80881.71851131076
7.15e-05	-0.01867010323737016	-0.008236851434574446	0.011843481096635173	0.001089953929644889	0.00023369615021743664	0.12089912885117919	2065.562787130035	0.12885563117017623	1815.8380455786	68160.52102806822	82240.97860364942
7.2e-05	-0.018939694676857903	-0.00835101422644659	0.012122626057489238	0.0011038495355118272	0.00023740609939199256	0.12242517765037422	2094.1914951307826	0.13059305964229312	1837.8097293054939	68065.1337368784	83380.83887650562
7.25e-05	-0.019076482102669483	-0.00832953558721928	0.012338157075048903	0.001117954899991128	0.0002410855716894604	0.1239893204867978	2088.8052770766485	0.1323769968949413	1829.8157301426775	67278.91705013013	83166.38504992399
7.3e-05	-0.019272201352334005	-0.008213985107579144	0.01273322906296431	0.0011323389548998765	0.0002447179271557573	0.12559317484607546	2059.8285773418643	0.13420953662199522	1801.1281666748246	65288.4763567055	82012.66938572776
7.35e-05	-0.019692991307537062	-0.008117690461469505	0.012974686489382858	0.0011469622380282905	0.00024836210018712516	0.12722073445206458	2035.6806806383954	0.1360726009920969	1776.6998893377	67079.02493948047	81051.21390807923
7.4e-05	-0.019967843830901735	-0.008267118849732396	0.013113196531382348	0.00116172663626091	0.00025204042058701235	0.12885799565501976	2073.152974583271	0.13795027943120833	1806.0106375922285	68440.33868682523	82543.18410804206
7.45e-05	-0.020171963046308715	-0.008271222721560546	0.01313019177830347	0.0011766005384322745	0.00025574277469163587	0.1305012105710646	2074.1821062847116	0.13983833744991236	1803.4988304697163	70308.68102742864	82584.15928379845
7.5e-05	-0.020364760710366	-0.008375178391844235	0.01320862761117239	0.0011915856277736757	0.0002594893345345734	0.13215516675686556	2100.2511650451775	0.1417423438466698	1822.6921220973309	71450.52861161085	83622.10638329845
7.549999999999999e-05	-0.020499709062327957	-0.008469979088643486	0.013302361809963935	0.0012066372857320168	0.0002632347608925646	0.1338055126557861	2124.0244227101857	0.1436458144054066	1839.8182459360391	71862.03200170815	84568.6454994894
7.599999999999999e-05	-0.020721932996597938	-0.008370082054611488	0.013150758921471812	0.001221694513819446	0.0002669611945949502	0.13543844866669746	2098.9731518841727	0.14553277762719327	1814.6914843999318	75594.51206116388	83571.22192038875
7.65e-05	-0.02080381349882058	-0.008384584943597532	0.013023301602203784	0.0012367067834980591	0.0002707043142406302	0.13705100225558492	2102.6100546538046	0.14739968843489687	1814.4452393108306	77684.64898240096	83716.02625397012
7.7e-05	-0.02084649896003092	-0.008445104836653951	0.012824052458936674	0.0012516876916782082	0.00027446708837664744	0.13866343832681288	2117.78668373002	0.14926995468219256	1824.1271005212768	80100.24901942417	84320.28812144246
7.75e-05	-0.02066469064588548	-0.008472954807902342	0.013021417931127745	0.0012665066449353668	0.00027823215495641104	0.14026903670547378	2124.770646557351	0.15113577205561032	1826.7311147446849	76314.38211422887	84598.35661736519
7.8e-05	-0.020227922874017947	-0.008455412045811506	0.012714452218696722	0.0012810148224041407	0.00028199884072882113	0.1418300238153046	2120.371432021782	0.15295309167349275	1819.639101320841	75018.3713171883	84423.20062077827
7.85e-05	-0.019982457535385984	-0.008480234967906309	0.012306351301085743	0.0012952419678086235	0.0002857640705034886	0.14333864203313318	2126.596298957178	0.15471258670601867	1821.7728733119693	76642.2089300487	84671.04549464714
7.9e-05	-0.019803768159682968	-0.008448865637294405	0.011875039933301003	0.001309212262140282	0.0002895234796263675	0.144788868672638	2118.729783155139	0.1564069033043702	1811.961294829083	79164.51736436099	84357.83789728349
7.95e-05	-0.01976356122913787	-0.008454064347356302	0.011370402375403712	0.0013228742806128172	0.0002932847587096417	0.14619056878939513	2120.0334684443815	0.15804725856022445	1810.104569839943	83801.63260072735	84409.74450338936
7.999999999999999e-05	-0.0191955321035615	-0.008457273290891791	0.011097216347493737	0.0013362348571808206	0.0002970684373425032	0.14756390825428015	2120.838178157256	0.1596570383287035	1807.8790078134841	80857.76684337824	84441.78425289057
8.049999999999999e-05	-0.018862816371763156	-0.008554776455558848	0.010915814189686963	0.001349364833976295	0.00030089075046993153	0.14891222817718316	2145.289136167535	0.1612400161000068	1825.829350816523	79346.97397550548	85415.30620394976
8.099999999999999e-05	-0.01855975118232989	-0.008630980417546981	0.01069618225813854	0.0013622197988415383	0.000304734940865724	0.15022598000294	2164.3988735914554	0.162784823671486	1839.2499316889196	78513.93324009312	86176.16591559553
8.15e-05	-0.018180403194735403	-0.00865314030033483	0.010361727893072643	0.00137486469613535	0.000308581674766396	0.15151558217976285	2169.9559277179405	0.1643035588604114	1841.1737920253292	78065.69212768014	86397.4216297104
8.2e-05	-0.01800234308785872	-0.008642416439403281	0.010309091540193532	0.0013875103646910833	0.00031243079781967647	0.1528167995289572	2167.26669527876	0.16583831436387603	1836.07193518056	76813.39659329595	86290.3490638853
8.25e-05	-0.017997693245119024	-0.008663882328654669	0.010547905564832063	0.001400298581251565	0.000316276269672245	0.15415128946562984	2172.649716009741	0.1674147645233446	1837.732960729705	74382.52760569123	86504.67558812264
8.3e-05	-0.01810994188822227	-0.008626000032468727	0.010842412327179227	0.0014132870972168245	0.0003200968248191212	0.15551571127032265	2163.1499378585568	0.16902914713507866	1826.746136688129	72562.76841686292	86126.4391788792
8.35e-05	-0.01841849980343965	-0.008551852667078126	0.011027678513626009	0.0014264781705390348	0.0003239172657916841	0.15690199648005773	2144.555935049221	0.17067207207915247	1808.070827276841	73793.7767103072	85386.11358978224
8.4e-05	-0.018670228630891687	-0.008625486685726522	0.011192857220920492	0.0014398698393646215	0.00032776696266662914	0.1583167523398132	2163.0212054252943	0.17235152594451184	1820.5787129402136	74657.93780833829	86121.31365988967
8.45e-05	-0.018864059291409677	-0.008683392080172454	0.01148402984142013	0.0014534628648378007	0.0003316171615462122	0.15976942864635268	2177.5421942875614	0.17407893510346195	1829.6375220529126	73686.0254081116	86699.47102299011
8.499999999999999e-05	-0.01896774112488261	-0.008627743782246204	0.011800677773947143	0.0014672698400610188	0.00033544353576620613	0.16125703238941697	2163.587219589207	0.17585097510029696	1814.6935652425818	71559.66188987557	86143.8496772084
8.549999999999999e-05	-0.019266166937953223	-0.00857627243988324	0.012043875929343027	0.0014813596964985826	0.0003392896081245163	0.16278132102359258	2150.679703867569	0.17766997741168403	1800.5892205733774	72111.08334614852	85629.93321293843
8.599999999999999e-05	-0.019651606175404044	-0.008716309895139052	0.012388693809992876	0.0014958041872153093	0.00034322371594290243	0.1643539871139505	2185.7970249311284	0.17955018513118826	1826.5525688618861	72516.66795114662	87028.13948785805
8.65e-05	-0.020085227540230385	-0.008972094540961116	0.012819310151893606	0.001510534505172008	0.00034723905415479203	0.16596685900779415	2249.940375108791	0.18148214001217347	1876.5248380971668	72546.67165196504	89582.02549045064
8.7e-05	-0.02029228092758243	-0.009081535282729885	0.013033145966604083	0.0015254394996177761	0.0003512669498703761	0.16760858679175467	2277.384930275174	0.18345250021955872	1895.6756605309133	72478.95239446766	90674.7383763955
8.75e-05	-0.020408075870420154	-0.009028555170488593	0.013281836429308068	0.0015405340314639676	0.00035522340305508014	0.16927636614894248	2264.099058947662	0.18545811001689191	1880.8405976477613	71152.05489089421	90145.7575744636
8.8e-05	-0.020726896322410916	-0.008760317756805075	0.01345072231364555	0.0015557563462835111	0.0003591184512646888	0.1709551540067961	2196.832916754665	0.1874810288163931	1821.2730071436722	72649.07904730452	87467.53670637238
8.85e-05	-0.020806155984177566	-0.008752468168297198	0.013458289860903418	0.0015709243998177397	0.00036302102078971955	0.17262420143705254	2194.864468246768	0.18949627536696662	1815.9777421531087	73364.8901435953	87389.16236082888
8.9e-05	-0.020639056238754613	-0.008794134844495129	0.01329459461497821	0.0015858852899826822	0.00036694250975250533	0.17426789762400116	2205.313258843693	0.19148488933184232	1820.9979536226679	73330.89786237302	87805.18397453622
8.95e-05	-0.020281065823538922	-0.00883753311368369	0.013051938986003712	0.001600589498298448	0.00037093324832220123	0.17588311353268257	2216.1962826026825	0.1934429066239008	1826.4047802189657	72179.33579246563	88238.49470693458
8.999999999999999e-05	-0.019941477521914032	-0.00910549261876397	0.012838088957612567	0.0016150341831898379	0.00037494438895679174	0.17745816902255643	2283.3927334004143	0.19535593930461276	1878.1860397717664	70923.89993559559	90913.94079200657
9.049999999999999e-05	-0.019757929946771044	-0.00892926419779399	0.012408214292873403	0.0016292097189935957	0.00037889094030938455	0.17897704827981464	2239.199770678964	0.19720421411025163	1838.434405214005	73383.35681252115	89154.38522475287
9.099999999999999e-05	-0.01963177788244345	-0.008815088442022088	0.011937649440908507	0.0016431510579645197	0.00038280364444819015	0.1804391529220922	2210.567811709186	0.19898663452723206	1811.6948282875376	76822.15195455906	88014.39551362635
9.15e-05	-0.019614972841943926	-0.008777081483403924	0.01149818340447155	0.0016568831405156764	0.00038671794762332125	0.18185439045486543	2201.0367718455623	0.20071495144182364	1800.7685713328428	81042.21761916253	87634.9144102783
9.2e-05	-0.019442151269216893	-0.008822277975848022	0.011186424314793058	0.0016704016138994284	0.0003906558608368189	0.18324448991208261	2212.3707376992465	0.20241548216568855	1806.9659903731301	82429.44154199386	88086.17953234338
9.25e-05	-0.01905748446812161	-0.008883236150906424	0.01109524936011461	0.0016836245220764078	0.000394653431687058	0.18459499120090528	2227.6572751549875	0.20407034586493733	1816.44290004912	79499.0673749673	88694.81743367207
9.3e-05	-0.01874795331319915	-0.009090508653577127	0.010551711840293757	0.0016965540376952632	0.0003987337864057093	0.18589793472393157	2279.635190710779	0.20566953352289197	1855.8557168336495	81835.50777353335	90764.333145187
9.35e-05	-0.018500638169324284	-0.009255446220598701	0.01033295381882716	0.0017093706282959367	0.00040286527358965633	0.18717853001377602	2320.9967356343013	0.20724378766152965	1886.5559784915001	81550.3787152257	92411.15499551457
9.4e-05	-0.018598439734206926	-0.009320408739624548	0.010193495716703853	0.0017221425922243092	0.0004069950079711867	0.18844595415641735	2337.2874460985904	0.20880429431469041	1896.8350831807256	83919.30176218526	93059.77433503771
9.449999999999999e-05	-0.01851110734718268	-0.009247565328799574	0.010121835684523708	0.0017349399924914209	0.00041109131972541334	0.1897225424153759	2319.020437171354	0.21037854974123174	1879.0499839179881	83762.82087751225	92332.46810174482
9.499999999999999e-05	-0.018565915651836008	-0.00917013503682912	0.010340385817436413	0.0017479141405668446	0.0004151670363437905	0.1910250510687859	2299.6031718532686	0.21198732787748095	1860.321358512056	82127.93790051974	91559.36407822355
9.549999999999999e-05	-0.018890321247124125	-0.009154966165497522	0.010537309388720868	0.0017610779864895385	0.00041924685659923037	0.1923444385800981	2295.7992600801617	0.2136195967178888	1854.2150403074384	83400.78426562804	91407.9102329609
9.6e-05	-0.019148280375233213	-0.009188585673002476	0.010610934231672975	0.0017743982434519495	0.000423319267335841	0.1936715194238495	2304.230054804998	0.2152640753599205	1857.966318988814	85241.27296715791	91743.58475851739
9.65e-05	-0.019470256200342897	-0.009121651733921602	0.010660624538578543	0.0017879432695245337	0.00042736636038781593	0.19501872954492064	2287.444969525792	0.21693626834967258	1841.3503576649525	87959.91220140619	91075.28174303482
9.7e-05	-0.019836230908036906	-0.009074753143266393	0.01093358307972568	0.0018017791877091784	0.00043139453539900886	0.19640399425034497	2275.6841669429477	0.21865861649963492	1828.730706903084	88888.63364594564	90607.02199338988
9.75e-05	-0.020168184996307223	-0.009036593069558849	0.011270595160457234	0.001815902336653805	0.0004354320732565718	0.19783161446364086	2266.1147302679606	0.22043673612563547	1817.805594619212	88838.13203703763	90226.01210991395
9.8e-05	-0.020448758864990296	-0.009116850061020337	0.011612492491443959	0.001830295922033453	0.0004395525865297796	0.1992951736712755	2286.240849609389	0.2222629062849915	1830.6040824321215	88225.84691920159	91027.33936098855
9.85e-05	-0.020808052100530824	-0.009409664367534362	0.011846655340829671	0.0018449104164794184	0.0004437815798928902	0.20078491749746075	2359.670161753576	0.224125179825693	1885.8839830046643	89475.21331753538	93950.94861971335
9.9e-05	-0.021022293936864868	-0.009604594625237996	0.012032201399909192	0.0018596608967585933	0.0004480366728868398	0.2022987440260816	2408.5530012216036	0.22602111757222432	1921.3057541542237	89761.72677743563	95897.23298338619
9.949999999999999e-05	-0.021033449427320904	-0.00952701265772524	0.012232672984455613	0.0018744910770415039	0.0004522337253037749	0.20383366097780445	2389.0977000886937	0.2279471463478063	1902.1191694459626	87871.49712268428	95122.61455291849
9.999999999999999e-05	-0.021042583542587763	-0.009343634517551217	0.012370256294315173	0.0018893762438247559	0.0004563848476209456	0.20537679567419678	2343.1117957264228	0.22988723350373086	1861.8910032137169	86588.99402692461	93291.6724966948
0.00010049999999999999	-0.021148957030741235	-0.009320503274167877	0.012364393850987232	0.0019042926723634105	0.00046058245195328276	0.20692253037551955	2337.311152612706	0.23183437028467618	1853.6688146391625	87709.6155305223	93060.7182167402
0.000101	-0.021141466557307625	-0.0095526254047415	0.012411931342177017	0.001919128226938991	0.0004648278283458428	0.2084621787844805	2395.5206321438836	0.23377761657589077	1896.1451818439937	87160.18791280431	95378.34544670433
0.0001015	-0.020882890384724257	-0.009535294418940453	0.012266837680030262	0.0019337035569070488	0.00046904228978136343	0.20997447405457753	2391.174524942695	0.2356900227197498	1889.0889116951485	86027.11992112843	95205.30393396546
0.000102	-0.020409892277905416	-0.009413626605399584	0.011973492415389276	0.0019479594589324161	0.0004731901876761049	0.21145008626272327	2360.66377577626	0.2375595724426836	1861.5012167510838	84233.37316401007	93990.50964883772
0.0001025	-0.020034675833140704	-0.00923601364567408	0.011678850963287456	0.0019619068788207044	0.0004773387751674132	0.21288649568071294	2316.123611001517	0.23938281692426594	1823.0521718920454	83428.87082471048	92217.13013161073
0.000103	-0.01965128019819079	-0.009416727146496611	0.011345117393107283	0.0019755208031582315	0.0004815790853756998	0.2142790912229063	2361.4413013102408	0.2411536274997502	1855.4338052892451	82933.01912232365	94021.46705240943
0.0001035	-0.01923750960366362	-0.009648414268327892	0.01097656561394937	0.0019888577537689124	0.00048585929733157277	0.21562518388740648	2419.5416933002152	0.2428682911001436	1897.8275707591094	82481.53111664522	96334.75093043192
0.000104	-0.019151347074820805	-0.009596132053936376	0.010599730478290537	0.002002022338310164	0.0004901542250558076	0.2169359393591809	2406.4308344564374	0.244540771981855	1884.3895008807326	85383.75653951497	95812.73830105805
0.00010449999999999999	-0.019028937029947228	-0.00971457881551083	0.010410151611832504	0.0020150522774782034	0.0004944430426557536	0.2182258617801219	2436.133837467672	0.2461894059608146	1904.5064313745738	86054.40474321721	96995.3719398569
0.00010499999999999999	-0.0188798885529572	-0.0095686599167802	0.01026580096129604	0.002027968379221793	0.0004987132895763606	0.21948967288141963	2399.5416214308707	0.24780730770024442	1872.8670158776576	86007.49921773576	95538.44229584251
0.00010549999999999999	-0.018935639009152846	-0.009631081946089018	0.009991617599397677	0.002040862988314583	0.000502996495876825	0.22073202583101095	2415.195250959287	0.24940029461547814	1882.0843104376067	89301.72885026182	96161.69607400759
0.000106	-0.019127203168076694	-0.009626927448514724	0.009921851806070239	0.0020538545569652963	0.0005072858838607475	0.22197033822679707	2414.153423793064	0.250990629858013	1878.2829717823377	91910.98205608962	96120.21542465627
0.0001065	-0.019436350708388554	-0.009658875825198173	0.009926852232513262	0.002066997088016955	0.0005115627029756078	0.22323483972463848	2422.1651475094277	0.25261721332575837	1881.4534990185555	94947.74391621671	96439.20451704368
0.000107	-0.01938617450930943	-0.009570415718399129	0.010341632579888366	0.0020802323767523745	0.0005158140311937643	0.2245235904747714	2399.9819254128533	0.2542777165249069	1861.1293664446043	90305.37763192735	95555.97312598089
0.0001075	-0.01946471747054489	-0.00954426450513584	0.010315539476159903	0.002093499428626201	0.0005200729377921878	0.22581145092922822	2393.4239616831433	0.2559398316083031	1852.9614242066914	91350.11814330125	95294.86590709651
0.000108	-0.01954325727519443	-0.00960448937914244	0.010327362178136214	0.0021069818723395877	0.0005243636890117574	0.22711476105863676	2408.5266085617136	0.2576247033291306	1861.514663354851	92016.25615210582	95896.18215201433
0.0001085	-0.02018551480211839	-0.009687443229245694	0.01056317975389027	0.002120837571254528	0.000528663807759101	0.2284456009780765	2429.3290216176556	0.25934809894281463	1874.3594933007275	96074.3625284726	96724.43623254754
0.00010899999999999999	-0.020780204431525704	-0.009646607345269334	0.010768632617189378	0.0021349757787324296	0.0005329592108856861	0.22981451368199665	2419.0885695479396	0.26112390182198114	1863.146906383603	99960.7034206842	96316.70967743886
0.00010949999999999999	-0.020845458037254027	-0.009666241012378805	0.01117344210258984	0.0021493586429767036	0.0005372892476148187	0.23123288578194123	2424.0121222523135	0.2629671977117381	1863.5008040535033	96570.4021560964	96512.74234956932
0.00010999999999999999	-0.021087445572404762	-0.009802325794589254	0.011561409074048751	0.0021638858033949976	0.0005416820665585324	0.23268276992867068	2458.138227871835	0.26485496459471497	1886.1718161430626	95112.86807364348	97871.48309546575
0.00011049999999999999	-0.02098913631284169	-0.009948520312838126	0.011678543474756779	0.0021783623609118413	0.0005460948671073306	0.23413762862558135	2494.799561267959	0.2667527972194262	1910.673108096538	92961.76730469253	99331.16466709257
0.000111	-0.020780190253758192	-0.009892166421316266	0.011641145313956373	0.002192723355232689	0.0005504636461008282	0.23559087342802196	2480.667644216631	0.2686521271635139	1896.244987231001	91248.94449317736	98768.498310452
0.0001115	-0.02049541376993495	-0.009750592063281325	0.011652674627934411	0.0022069698705705853	0.0005547931681835878	0.23704254597404883	2445.164912633867	0.2705530106862845	1865.5567964167226	88290.47438227736	97354.94680445977
0.000112	-0.020290675103903536	-0.00971566080781945	0.01161594387663328	0.0022210765609668214	0.0005591137371948415	0.23847934242998145	2436.4051696710508	0.2724379795427449	1855.3728669148911	86612.99659476026	97006.17510985569
0.0001125	-0.02010518390924235	-0.009710337561612565	0.011414228246765124	0.0022349950257982945	0.0005634500372270452	0.2398836180309419	2435.070254338534	0.27428372325578715	1850.9367915682806	86774.98973489532	96953.02507056219
0.000113	-0.019965652985107732	-0.009786390099847202	0.011094672485326279	0.002248686810616976	0.0005678228988355479	0.24124868610632189	2454.1420190889407	0.2760812049543394	1862.083481465418	88572.45068347042	97712.37288925101
0.0001135	-0.01971444371734412	-0.009874724502249087	0.010785777321150372	0.0022621213923551308	0.0005721849626406483	0.24257556677796696	2476.2937181785737	0.277831504697514	1875.6053659826869	89148.41646484438	98594.34918269316
0.00011399999999999999	-0.019421324629602044	-0.009737841376116281	0.010482572923603915	0.0022752789243538365	0.0005765158156257511	0.24386531823359228	2441.9674111215904	0.2795357681848509	1846.4562512923624	89249.11340643931	97227.63735877516
0.00011449999999999999	-0.019063919960144435	-0.009734395453736578	0.010190639274831183	0.002288176114330818	0.0005808678515519356	0.24511901420106907	2441.103274006651	0.28119517686217077	1842.7424459191386	88595.41692373925	97193.23149010676
0.00011499999999999999	-0.018828710949923923	-0.009833083409710286	0.009904645483273238	0.002300912361764921	0.0005853071756991987	0.24635058923696135	2465.8513432193085	0.28282799157021055	1858.3874118464794	89102.47840815932	98178.58300945112
0.00011549999999999999	-0.018694868207584297	-0.010126857843742081	0.009836066530850557	0.0023135479138327833	0.0005898055275312892	0.24757630869708133	2539.521427421527	0.28445569440755464	1910.7960865633622	88450.85102446961	101111.7786771664
0.000116	-0.018469825853749778	-0.010098481718641708	0.009810787430268331	0.0023260679810717193	0.0005942662985212214	0.24879376725975277	2532.405520510271	0.28607505407744666	1902.3588108331255	86456.3115372625	100828.45678945593
0.0001165	-0.018308041724530842	-0.00995788811392527	0.009703653975580775	0.002338589432924172	0.0005986636075673085	0.25001090280937016	2497.148733336502	0.2876966096366056	1872.834324065768	85910.65097867281	99424.6976311008
0.000117	-0.01848122882956783	-0.00981314624212348	0.009805609907590702	0.0023513138946927954	0.0006030356011958569	0.2512426717956118	2460.851681421935	0.289340342349103	1842.5807300887645	86621.8597971592	97979.52003181365
0.0001175	-0.018986251213680257	-0.009844065777435384	0.009938210904520402	0.0023642802708948433	0.0006074325192845052	0.2524922425890657	2468.605401644148	0.29101059596387463	1845.301687715536	90340.30726196019	98288.23664060756
0.000118	-0.019283574225645878	-0.009925210768808814	0.010090952123261825	0.002377452427119742	0.0006118108018001282	0.25375704273291333	2488.954205537757	0.2927040518179	1857.364546842848	91783.8865540569	99098.43014140613
0.0001185	-0.019667363761158928	-0.009760277135184849	0.010182319636447498	0.002390809046369572	0.0006161375078233991	0.2550384581891638	2447.5936469959593	0.29442268366544616	1823.3631369925174	94703.57904486897	97451.64756415166
0.00011899999999999999	-0.019846626642443226	-0.009693314263111855	0.010357276210395071	0.0024043363496284373	0.0006204840925593006	0.25635140986098365	2430.801306163789	0.2961866808116402	1807.6619642367812	94746.57544128978	96783.05566673345
0.00011949999999999999	-0.01992929874351031	-0.009849655140290703	0.010687808406052424	0.002417973251130024	0.000624858492322737	0.2576893980190429	2470.007051292611	0.297987522351232	1833.5124211422267	92271.8122507904	98344.04372595364
0.00011999999999999999	-0.019938092922044674	-0.00981837526274652	0.010758581896443286	0.002431675656196963	0.0006292402838320894	0.25903637044427424	2462.1629677183896	0.299803737811404	1824.3732091183153	91652.97879230854	98031.72927421572
0.00012049999999999999	-0.020079806361986238	-0.009882889661887023	0.010831815734663183	0.002445449478544536	0.0006336347499606563	0.26038738835206515	2478.341302748122	0.30162872762978205	1833.0124834804838	92336.71450184655	98675.8743533743
0.000121	-0.020194352549583294	-0.009875362463170629	0.010823426265513652	0.002459248525279583	0.0006380405831571323	0.26175245288166915	2476.4537002238544	0.30347608092599404	1828.2358697423747	93564.16758831151	98600.71891400556
0.0001215	-0.019968068440489074	-0.009933997893718158	0.011056966706307863	0.0024729373676632767	0.0006424744986954347	0.2631304156132694	2491.157760908735	0.30534435715027486	1835.6583839225977	88973.04180812911	99186.16533456788
0.000122	-0.019492112277661636	-0.010001625352412695	0.0110301694063594	0.0024863463262528116	0.0006469424205219464	0.26448327127988064	2508.11676073739	0.3071819945084524	1844.7618351056676	84488.40775528997	99861.392808038
0.0001225	-0.019112101235772398	-0.010086895833221565	0.010654529725187774	0.0024994734510734437	0.0006513916612382253	0.26579635919598726	2529.500117399642	0.3089688490594391	1857.1681956089947	84444.76183231789	100712.77732594845
0.00012299999999999998	-0.01886237135839979	-0.009917631967287937	0.01039273872833994	0.002512383067163235	0.0006557683673661196	0.2670729956808478	2487.0536625308914	0.3107091668850085	1822.828790459742	84565.18627806356	99022.75947298743
0.0001235	-0.018718419677037624	-0.009760768234745367	0.010070255778605233	0.0025249924207324773	0.0006600868651776632	0.26831787293533543	2447.7168004830705	0.31240911197971116	1790.9506350293682	86347.7346630785	97456.55095578979
0.000124	-0.018021404459165242	-0.009655917675589563	0.009883675291431984	0.0025373455218846482	0.0006644087330243829	0.2695469270928868	2421.423329619565	0.31409028954393897	1768.736111929585	81251.29070030648	96409.6688236297
0.0001245	-0.01781989189794497	-0.009775920474570361	0.009816629981811426	0.002549533543780188	0.0006687490393308787	0.2707617629893337	2451.516541558016	0.3157548006206001	1787.7396007682532	79908.70021539323	97607.83874350124
0.000125	-0.017507082757522236	-0.009738820063819039	0.009655773142049443	0.002561491140191418	0.0006730835260906527	0.27194928285272896	2442.212837534231	0.3173845668009563	1778.0548077930684	78391.52997058819	97237.40908223788
0.0001255	-0.017221704680116842	-0.00974975482258562	0.009378785817936924	0.0025732374902423336	0.0006774063505227065	0.2731073739128059	2444.954957016888	0.318976506872078	1777.2197293709087	78307.75235634943	97346.58736096509
0.000126	-0.01702899332193554	-0.009686384294666861	0.00918406373393448	0.002584906799450298	0.0006817945560996551	0.2742532766861217	2429.063471622319	0.32055419098407173	1762.8848552513318	78327.82848137703	96713.863282831
0.00012649999999999998	-0.01707068023733912	-0.01004371934689075	0.009183421790668759	0.002596619046536838	0.000686195568536345	0.27539836586296845	2518.6727103312555	0.32213324529732784	1825.0343617623741	78750.46166685935	100281.68098814049
0.000127	-0.01723509018320316	-0.009743966070538849	0.00917102273105216	0.0026084136799498906	0.0006905043365819184	0.2765363061554183	2443.5033063580518	0.32370491544880636	1767.7859279392449	80515.81408970743	97288.78947095799
0.00012749999999999998	-0.017555691174873038	-0.009628973190367485	0.00906883350819498	0.002620261451317827	0.0006949554058977002	0.2776564821358558	2414.6664363533487	0.3252544667243909	1744.2186481039546	84737.16993944405	96140.64116782742
0.000128	-0.017758748496013083	-0.010383776298273166	0.008886281519721087	0.0026321002109178093	0.0006994324836418094	0.2787591499690924	2603.9491038488104	0.32678214750593854	1878.074465097136	88587.29243263508	103676.9852114597
0.0001285	-0.0177958079522398	-0.009745911418865029	0.008788198320145773	0.0026438657605975194	0.0007037750217332412	0.2798447632559032	2443.9911431416185	0.32828848362277285	1760.0530202896282	89936.62650191339	97308.212833312
0.000129	-0.017702948989263733	-0.009778863596561813	0.008612917023274986	0.0026555028893755495	0.0007081251204529448	0.2809080910602676	2452.254590958544	0.3297661005852543	1763.3964350186022	90759.57365012167	97637.22439342458
0.0001295	-0.017575616477258246	-0.00977990526367847	0.008430988017687342	0.002666994462831714	0.0007124798372821574	0.28195484863396325	2452.5158107765574	0.3312228270001713	1761.0170865766515	91304.69323813287	97647.62493588107
0.00013	-0.017314109482431204	-0.009799627386600101	0.008347315543783271	0.0026783347987105435	0.0007168447346421195	0.2830015325763103	2457.461545626057	0.3326815758691947	1761.9961619665348	89529.10153948618	97844.54079652269
0.0001305	-0.016896807347970878	-0.009825678626682318	0.008429807793009732	0.0026894500421830348	0.000721169047679419	0.2840461631105978	2463.994438989478	0.3341395877181579	1764.1062726686669	84538.8962964396	98104.6498315366
0.00013099999999999999	-0.016334970245397432	-0.009617153507856309	0.008314401806521977	0.002700275589444804	0.0007254058955549681	0.2850806649628335	2411.7024037318183	0.3355855607824103	1724.1726787834878	80081.49747631587	96022.62735341972
0.0001315	-0.01575663586679781	-0.00943242068192436	0.00826745682807306	0.0027108240396938954	0.000729609589288135	0.28610716084688725	2365.3767835798362	0.33702241312619635	1688.6255476966671	74775.83127180478	94178.15941496819
0.00013199999999999998	-0.015217422229897453	-0.009468086958016608	0.008186075470190629	0.002721103154841113	0.0007338106062530835	0.28711948254422703	2374.3208483401186	0.3384414498113485	1692.6070749707335	70204.59735289187	94534.26993514367
0.0001325	-0.014772856047870273	-0.00942038548588601	0.008040261139787182	0.0027310559744545345	0.0007379826184340289	0.2881049988320501	2362.3587064334793	0.339824848714704	1681.7513540755783	67221.70457737618	94057.99380220432
0.000133	-0.01418000259127587	-0.009337676615007217	0.0077564160062771085	0.0027405913006242314	0.0007421118587962385	0.28904969933065056	2341.6177270422922	0.34115275222775443	1664.7738270933962	64136.40589389436	93232.18572076643
0.0001335	-0.013549965459475566	-0.009228076260214465	0.007386031622957636	0.0027496140788544152	0.0007461985824757855	0.2899498219036466	2314.1331455715263	0.34241963806887565	1643.1506521517367	61543.898756694274	92137.87917595878
0.000134	-0.012590033807574985	-0.00914651452364183	0.007041883829268658	0.0027580291099333944	0.0007502335608423042	0.29079566433986165	2293.6798341021727	0.34361159134879965	1626.6876829614876	55395.59469780609	91323.52467586535
0.0001345	-0.011687480287475384	-0.00899542070862158	0.006515984311951899	0.002765816122746216	0.0007541877364035139	0.29157168420056606	2255.789899562221	0.34470640238805933	1598.0654393442385	51634.88661294029	89814.92599505572
0.000135	-0.010885533497167359	-0.008783211643836743	0.005922709345318254	0.0027730434060172734	0.000758037628586522	0.29227635584609307	2202.5740377984266	0.3457015946041681	1558.8137245494877	49551.39935785228	87696.12109793037
0.0001355	-0.010314471688615656	-0.008526545259665138	0.005372355602786819	0.0027797600076654035	0.0007617800426017544	0.29291676410542566	2138.2095732863286	0.34660688890560426	1511.892144100054	49344.63933212848	85133.43136428659
0.000136	-0.009619490967179355	-0.008299971888488382	0.004892642185018936	0.0027860157512152434	0.0007654186797046397	0.29350882022564817	2081.3915612371056	0.3474445613313075	1470.484779670783	47195.299398577234	82871.20581376989
0.00013649999999999998	-0.009017405288419447	-0.008059946965602022	0.004597327183388307	0.002791806707212465	0.0007689361007986622	0.2940301551158624	2021.200291231101	0.34818275502980556	1426.906456080194	44132.34252793173	80474.67302399772
0.000137	-0.00866330753388237	-0.007754964509971604	0.003759063317152215	0.002797170026916459	0.0007723029829320514	0.2944597298174398	1944.719561175263	0.34879142897447607	1372.0779646209048	48966.50703230924	77429.57068031491
0.00013749999999999998	-0.008565490088111392	-0.007383098708768978	0.0031265183366277296	0.0028021502309974987	0.0007755218332892047	0.2948132230265899	1851.4664332207797	0.3492925793809435	1305.629646717417	54305.50289665768	73716.67047286882
0.000138	-0.008160253465745206	-0.007089388972051707	0.002539565691882696	0.0028065431645304456	0.0007785671895864755	0.2950949361870726	1777.8125732234494	0.3496921464957687	1253.1890853755003	56119.84951042189	70784.12077655437
0.0001385	-0.007075574322027085	-0.00660304049986012	0.001975967840061914	0.0028104548657392316	0.0007814157904658381	0.2953159450790257	1655.850520888777	0.35000572566692834	1166.851459402911	50917.10478228354	65928.1664579498
0.000139	-0.006969571384400876	-0.006204743820567872	0.001566547038413427	0.0028139242939313885	0.0007841243918291201	0.2954804286485112	1555.969297399642	0.35023916754454765	1096.2108224400731	53946.58543532513	61951.36671356171
0.0001395	-0.005993076147144326	-0.005973579342308182	0.0010699328200112087	0.0028167874112208563	0.0007867176860713926	0.2955758871354115	1497.9999692173606	0.35037467116774523	1055.2272993871202	49155.20551092377	59643.30117887466
0.00014	-0.005349888116192606	-0.0056863037866561605	0.00046015543631430593	0.002819075019511482	0.0007891589227223162	0.295592701816778	1425.9596147056636	0.35039854156307493	1004.4563595132048	48821.61635396947	56774.993669216376
0.0001405	-0.004666060287319979	-0.00528990306867122	-0.00019063569712534655	0.0028208143385184945	0.0007913935271492911	0.29554279360868857	1326.553843172087	0.3503276927228234	934.5004144886664	48491.76092513	52817.12418168021
0.00014099999999999998	-0.003954178245730652	-0.004757250869079141	-0.000609334693895504	0.0028220622810851328	0.0007934241131662806	0.29545195089052195	1192.9801626584235	0.3501987468328947	840.5118462273	45564.4699927336	47498.84953537997
0.0001415	-0.0031128823890453064	-0.0043726022943085105	-0.0008467681708466248	0.002822824722109875	0.000795293574401269	0.29533007505280334	1096.5214868549713	0.3500257773700207	772.6857138450811	39535.19613175167	43658.319515031246
0.00014199999999999998	-0.0022687071234155716	-0.00403280699507197	-0.001106759420868745	0.0028230854915681064	0.0007970093802892798	0.29517031558895535	1011.3107080859626	0.34979908775127727	712.8018072217391	33702.40122100286	40265.6277618654
0.0001425	-0.0014645137749441585	-0.003681742245072022	-0.0014539985317062387	0.0028228567008009844	0.0007985662583569762	0.29496933941672493	923.2738788153538	0.34951398692649666	650.9363926804715	29139.93412072795	36760.41599222604
0.000143	-0.0007282185404123898	-0.0033182410269689106	-0.0017674152044263116	0.0028221743782863473	0.0007999380747936996	0.2947323717871774	832.1183450347426	0.34917793371894457	586.866131595032	24917.696166075013	33131.03210229273
0.0001435	-2.2605502455197706e-06	-0.0028496743086122702	-0.0020308996324590843	0.0028211125303023816	0.000801154262083465	0.294464100883161	714.6154394144569	0.3487976243391435	504.18684657005383	20300.121279562703	28452.6199972744
0.000144	0.00047643622859910243	-0.0026185064440543493	-0.0022691701997619943	0.0028197824736712705	0.0008022476373328961	0.29416563510136057	656.6452620470624	0.34837467963942964	463.4827915006889	17899.581816611957	26144.520652036965
0.0001445	0.0007196615400787013	-0.002297490906596304	-0.002514888321142075	0.0028182316482401595	0.0008032344738957704	0.2938443943173631	576.1439013595797	0.34791966112480405	406.8472456249314	17924.47131805761	22939.335739181955
0.000145	0.0011039928148361617	-0.00213949075284694	-0.0026342269331235363	0.002816412072625459	0.0008041858549657309	0.29349789096205225	536.5220579236757	0.34742909167029407	379.05396546845685	15278.647718762482	21361.780605756623
0.00014549999999999999	0.0015230775909898702	-0.0021380771012073016	-0.0029198178873476154	0.0028143311131484635	0.0008050770564800774	0.29311780665176385	536.1675552057384	0.3468912558972367	379.0072974259938	13945.776458398264	21347.665977713128
0.000146	0.0017409546651966344	-0.001868913440879967	-0.0031724904916168415	0.002812133004651825	0.000805877760188112	0.2927134448119007	468.66913729253787	0.34631938376203086	331.4833796386175	14293.193000519906	18660.196984774575
0.00014649999999999998	0.0016606586126116391	-0.0017311838810616523	-0.0033089583828776596	0.002809984732289155	0.0008066263027562316	0.29229640312264105	434.1305692840924	0.34572992142446407	307.2357653967677	16457.476162534622	17285.03392980401
0.000147	0.0013136398976170552	-0.0016343882622987542	-0.003375733694851381	0.0028079537389718834	0.0008073456615427878	0.29187205717758047	409.85704320899237	0.3451304914133813	290.2312248588633	20589.00942964842	16318.576482460503
0.00014749999999999998	0.0010162737730474048	-0.0015999687351892	-0.0034260370878220698	0.0028059929526494973	0.0008080302498758906	0.29143712831541546	401.22562683432255	0.3445164846429901	284.2935823431751	24060.321444960176	15974.91414800554
0.000148	0.0008283457241812936	-0.0014780545084965727	-0.0035453655181178823	0.0028040506443052487	0.0008086642630837801	0.2909987005484938	370.6530844158691	0.3438979196568989	262.79351849656	27128.128813989642	14757.659546711782
0.0001485	0.0008771103395698154	-0.0013725745430421812	-0.0034821204519307355	0.002802113148455334	0.0008092290487337224	0.2905692449951733	344.20177675772516	0.3432923840373482	244.18732635923575	26009.766306296555	13704.493097012853
0.000149	0.0009505220714920363	-0.0011667958700403826	-0.0034015513941979907	0.002800179806269485	0.0008097129376511581	0.2901443672584345	292.59847023778974	0.3426936637887795	207.70267222986035	24472.342579770237	11649.892552393145
0.0001495	0.0009318118364894295	-0.0010088493509030733	-0.0034087433890961382	0.0027982610558222134	0.0008101255797651406	0.28971844915018713	252.9900768027316	0.3420938370594485	179.69418410105746	24730.963820176865	10072.872934633891
0.00015	0.0008682392405079996	-0.0008464583672478813	-0.0034182273365812965	0.0027963830753183574	0.0008104666063320281	0.28929532896433025	212.26714092511776	0.34149830672728154	150.85924856286795	25460.398079834922	8451.477487806553
0.0001505	0.000793350809910978	-0.0006868539152396392	-0.003363895955087572	0.002794565669542564	0.0008107357835190482	0.2889018051141307	172.24298614375394	0.3409447505772969	122.4816765285752	25665.65027466776	6857.90421203274
0.00015099999999999998	0.0010702799235429166	-0.0005234115804672125	-0.0029438325803892384	0.002792819679319511	0.0008109531165813994	0.28852421232516856	131.2564019824219	0.3404138920033899	93.38575198780792	18706.517312882617	5226.011532685888
0.0001515	0.0007276109208690406	-0.0004537540900409841	-0.003108539616414093	0.002791197016083694	0.0008111499777514766	0.28813979465543715	113.78832923494767	0.33987372765573937	81.00138341500457	23772.421715076383	4530.515174006774
0.00015199999999999998	0.0004063863523762064	-0.0004313665408211692	-0.0030532274624468277	0.002789772557716328	0.0008113505177836333	0.2877720477435032	108.17418298855722	0.33935726114607073	77.04467683695968	26427.428590840424	4306.986320657961
0.0001525	0.00010366161033643426	-0.00047029486709386644	-0.002841326804246787	0.0027885866563514858	0.0008115553833771397	0.2874368066503687	117.93627506376706	0.3388866783517366	84.03704877119834	27334.26314954159	4695.6668345045955
0.000153	-0.00014517531148473088	-0.0004508149855762475	-0.0025321970834582463	0.0027876567836555466	0.0008117497825683069	0.2871450951936278	113.05128731327783	0.33847737884699375	80.58916465594449	26732.26870673588	4501.169637144996
0.0001535	-0.0003497566334071517	-0.00042323617777693755	-0.0021435974811584483	0.002786953654358249	0.0008120070514857868	0.28689737345772776	106.1353243927193	0.3381299326812474	75.68537859336422	24894.93516012468	4225.808577138893
0.000154	-0.0004595474819470792	-0.000733487753365465	-0.0018270931430622473	0.0027864620501656108	0.0008124096494184331	0.2866838488138297	183.93739649203624	0.3378305470466401	131.20551572490388	22831.000924243745	7323.520535694189
0.0001545	-0.0007526692414567822	-0.00107665965146793	-0.0015954579644761947	0.00278618198705229	0.000812932772152666	0.2864932646261684	269.99492805486625	0.3375634022025394	192.64319968392016	23444.914702623642	10749.925995765074
0.000155	-0.0010429626626784316	-0.0012753873487652298	-0.0014593843743350321	0.0027861182208542227	0.000813508674560456	0.2863253814076314	319.830054931906	0.33732813676995116	228.2545924679043	24984.725142194115	12734.125957509817
0.00015549999999999999	-0.0013613061524065464	-0.0013139658603934336	-0.0012315878949607359	0.002786335336646164	0.0008141102431560346	0.2861918303433515	329.5044236679494	0.3371410226894607	235.20294955218782	25888.79325611871	13119.313741285801
0.000156	-0.001755550496252318	-0.001390786806760677	-0.0009090799671641377	0.0027868891116726467	0.0008147900479716788	0.2860985952377369	348.76888283037056	0.3370104147459157	248.9865953899667	26605.046681868076	13886.333743611112
0.00015649999999999998	-0.0022287643650594083	-0.001665728945178538	-0.0005853700792441641	0.002787738711813235	0.0008155592855236639	0.2860367003402934	417.7163749929787	0.3369237190004567	298.2341614118784	28097.771637630623	16631.498046071687
0.000157	-0.0025832825139356103	-0.0017928912948050753	-0.00040673296764098034	0.002788792136286623	0.0008163682147000025	0.28599531550892276	449.60499401189935	0.33686575575220246	321.02007189507884	29853.85874664927	17901.152617104526
0.00015749999999999998	-0.002816440088217379	-0.0018441891035426367	-0.0002566176314143468	0.0027899977947484374	0.000817159855469129	0.2859768461060742	462.46899254717164	0.3368398887454774	330.21356863667796	30682.995338141576	18413.336432037915
0.000158	-0.002900444294593809	-0.0017151597345781773	-3.9425364002726306e-05	0.002791358356641547	0.0008179269093043432	0.28599074370533834	430.112179376894	0.33685935272845907	307.10407732017217	29353.176952456128	17125.040575722433
0.0001585	-0.0029941064232226478	-0.001733642150850419	0.0002621876779225618	0.0027928557671968337	0.0008186896794449141	0.2860371781107918	434.74703185316207	0.33692438818143344	310.3932176698411	27276.887638891953	17309.578564936233
0.000159	-0.0029942116171313283	-0.0016958995295136695	0.00048210170671956614	0.0027944021577590247	0.0008193894338580166	0.28611490175161336	425.2822800919864	0.33703325641565113	303.6026823067656	25082.202712190014	16932.7367415215
0.0001595	-0.002712798732681738	-0.001450312937530286	0.0007637176428387817	0.0027958976171921653	0.0008200566304231698	0.28622005896210595	363.6963052266802	0.33718056997701057	259.5991273003997	19460.632194203685	14480.673375188358
0.00015999999999999999	-0.0023254886335431018	-0.0015495140188263163	0.0009218298455761809	0.002797248115563547	0.0008207046606687636	0.2863336262460671	388.57305134693206	0.33733968949418464	277.31152049326573	14014.854251644772	15471.148202751787
0.0001605	-0.001926225965879209	-0.0013641379704045016	0.0008985213157956826	0.0027984416150678305	0.0008212848999860868	0.2864507021264409	342.0861297013556	0.33750375142674843	244.0953176606856	10261.133979376791	13620.257998772382
0.00016099999999999998	-0.0015633568505359935	-0.001244714706833112	0.0009780685556325466	0.002799532876960831	0.0008218272144908017	0.28657435977972046	312.1382483889342	0.33767706582812723	222.687429694112	5843.820605537933	12427.874459726549
0.0001615	-0.0013610504795195512	-0.0011936216921159394	0.001004019462224327	0.0028005499776978878	0.0008223440892530576	0.2866988063480466	299.3256062379432	0.3378515162774877	213.50931222011945	3564.7820635644052	11917.735414057572
0.00016199999999999998	-0.0012172705447648265	-0.0011303333847805018	0.0009907139440869439	0.0028014986087171517	0.0008228300718034013	0.2868169586590397	283.454739374447	0.3380171715414784	202.15511310957737	2262.0581051948902	11285.832268689766
0.0001625	-0.001154088823699692	-0.0010547251586566105	0.000903129855229652	0.002802333250237899	0.0008233136332668829	0.28692805265214627	264.49439517946985	0.33817295573744943	188.60353343321734	2505.703947712977	10530.920691577403
0.000163	-0.0008178913680842787	-0.0011194477747341405	0.0008775773371875361	0.002803039529352286	0.0008238150285815493	0.28704004996715327	280.7249449614275	0.33833003120742033	200.14564273267302	-595.9355400480977	11177.144716167859
0.0001635	-0.0005624708540263475	-0.0011349091258918375	0.0009176090521719815	0.0028036574998977328	0.0008243147387815711	0.28714248493374267	284.6022021687185	0.3384737171549881	202.88081862037726	-3545.8831796378827	11331.518831064028
0.000164	-0.0005741146210631173	-0.0011118712184393167	0.0007243040401576016	0.0028042497605051844	0.0008247904153478911	0.2872270896283843	278.8249649919585	0.33859240807688656	198.73888178158214	-1499.5687248160464	11101.496465245613
0.0001645	-0.0007326731600088341	-0.0010268499031633827	0.0006318105799744883	0.0028048635208763016	0.0008252546125912913	0.28729991048180414	257.50409179887623	0.33869457887000415	183.52318927636082	1007.0640890395124	10252.599744696292
0.000165	-0.0008596623785880696	-0.0010602582693711045	0.0005354228033675132	0.0028054352839398	0.0008257293509961721	0.2873752415760282	265.8819384269972	0.3388002826250505	189.4740521408362	3237.375370914146	10586.166126498356
0.00016549999999999998	-0.0005036100318328875	-0.0010742447220404717	0.0006720468135428243	0.0028059755000739654	0.0008262201539088107	0.28745539845358375	269.3893339879434	0.338912770136909	191.95191564729362	-1681.7598169281734	10725.814093183068
0.000166	-0.0006404704457417532	-0.0011324869736681882	0.0006127744841136623	0.0028064807969819645	0.000826717720001083	0.2875106877979009	283.99479683457184	0.33899036736994537	202.34325746563897	276.5307843361625	11307.334812354673
0.00016649999999999998	-0.0007452049375303065	-0.001104653104870195	0.000273449247129522	0.0028069546562828054	0.0008272017216773823	0.2875371991344245	277.01487203349217	0.3390275775137579	197.36279161040082	4710.2524488357785	11029.427091612733
0.000167	-0.0009603996389269677	-0.0010714990987176008	0.00015149656954374101	0.0028074804597887576	0.0008276939961321747	0.2875493257415228	268.70081150963415	0.33904459834668615	191.43607433383883	8076.505998679493	10698.400371964048
0.0001675	-0.0012093251835684606	-0.0011418488957713423	4.287880463955208e-05	0.0028080379145200194	0.0008281801871810984	0.287551853566036	286.3424946249089	0.3390481464224884	204.00417954079367	11646.403052643245	11400.809077550559
0.000168	-0.0012565661173809034	-0.001044147092030994	-2.360724714744909e-06	0.002808574351728081	0.0008286339156769136	0.2875545837991534	261.84172371207626	0.33905197861485553	186.54793582879728	12569.775757974112	10425.303811397478
0.0001685	-0.0011115825223903747	-0.0009958918465699342	4.612317858972035e-05	0.002809045885677228	0.0008291002800891357	0.2875521049449958	249.74071155956798	0.3390484992608044	177.92724426015315	10638.096339671938	9943.498519533317
0.000169	-0.0010482458441835863	-0.001100960278182776	-8.585632080559808e-05	0.0028094168099442596	0.0008296062311465843	0.2875292588935703	276.0888184989055	0.33901643279630916	196.70520512711374	11323.461716661002	10992.556002823612
0.0001695	-0.0009856870507634137	-0.001173880001281864	-0.00028033924885668423	0.0028096792422233996	0.0008301434081776892	0.2874896868498167	294.3749643250969	0.3389608923473389	209.74519801484885	12640.660408377662	11720.624177272355
0.00016999999999999999	-0.0008285459419264069	-0.0012413574600710305	-0.00035395447810586313	0.00280987180422184	0.0008306761254222117	0.2874520785755701	311.29634853993844	0.33890811096150797	221.813566099148	11806.694890048697	12394.353974220574
0.0001705	-0.0006400616879205587	-0.0011538280575095821	-0.00024886231308752084	0.0028100342216998697	0.0008312036282046875	0.28742214335558114	289.3465199984464	0.3388661003257395	206.18192304801443	8875.476306433213	11520.415214923503
0.00017099999999999998	-0.0005700210398254801	-0.0012179123696316747	-0.00023096436385781715	0.0028101962517365175	0.0008317679180404553	0.2873879892451961	305.4170017121984	0.3388181711183084	217.64382370883308	7997.45193529242	12160.266083173974
0.0001715	-0.0007059435814208395	-0.0013192287802861135	-0.00031648620761422376	0.0028103912552675967	0.0008323690813200081	0.2873400856589748	330.8242109153356	0.33875095084209883	235.76515381286035	10208.467042493245	13171.861451503057
0.00017199999999999998	-0.0009386634344289436	-0.0013837015184635574	-0.0004513524319154156	0.002810632547722781	0.0008329914635234312	0.287281099181415	346.99209858716006	0.3386681848054971	247.3078270977748	13878.636276346266	13815.590566090856
0.0001725	-0.0010917121263717845	-0.0014146325984932945	-0.0004941320349663255	0.002810935283142943	0.0008336021787863954	0.287219987356104	354.74871388885	0.33858244384172465	252.85779277110032	15833.887108110508	14124.422443309826
0.000173	-0.0012489880921120711	-0.0013312450096711341	-0.0004854192785654013	0.002811355802960154	0.0008342154709140483	0.28716077093877695	333.83753177664596	0.33849936918107354	237.97248878336586	17317.2189148835	13291.837691404862
0.0001735	-0.0015909092259824805	-0.0014262186116110848	-0.0004637508547139147	0.002811882035907536	0.0008348400031412443	0.28710677225852416	357.6541490223348	0.3384236204948162	254.9692207116631	20514.78736462788	14240.103181816556
0.000174	-0.0016406577019295926	-0.0013817823705663378	-0.0004017850362768059	0.002812470368362141	0.0008354662135802701	0.2870673931865541	346.51083210918813	0.33836838363344707	247.03887082469976	20392.803107622134	13796.428802350652
0.00017449999999999999	-0.0016357836836300127	-0.0014337641317001442	-0.0002294155779680301	0.002813131222027837	0.0008361164612538279	0.28704102901734696	359.5463460140253	0.338331404427425	256.3417928747324	18623.11270065447	14315.441551231954
0.000175	-0.001758111435778401	-0.001489857783227888	-0.0001931713181952832	0.0028138404925021547	0.0008367458212265221	0.2870234318629248	373.6130024433983	0.33830672287073427	266.3773162934828	19482.61474592334	14875.509537371621
0.00017549999999999998	-0.0017129486985372126	-0.0013398495473336848	-8.889055184304967e-05	0.002814569822361624	0.0008373378120592565	0.2870177051307847	335.99529957631995	0.3382986907566409	239.55869975719406	17990.49362669424	13377.749839198343
0.000176	-0.0016580327444036208	-0.0013218399017790072	-2.9022879474002173e-06	0.0028153155139849445	0.0008379274831594962	0.28702045037807866	331.47900424640835	0.33830254113637515	236.33775115672717	16583.63314460938	13197.932236988783
0.00017649999999999998	-0.0016507179623619595	-0.0013294196434151596	4.690540156905682e-05	0.0028160847520919794	0.0008385140057849079	0.2870237660711261	333.3797830068433	0.3383071916214543	237.69186215624433	16013.292887957477	13273.612292003909
0.000177	-0.001754758079212642	-0.0013076838342064765	6.2412924360094715e-06	0.002816823899537244	0.0008390940338299967	0.28701964253483125	327.92907420066535	0.3383014080845363	233.80698854681222	17458.094611955115	13056.590747514116
0.0001775	-0.0016346675053893998	-0.001300218927853739	-7.233677188634964e-05	0.0028174434762920117	0.0008396686858203654	0.28701096939187637	326.05709278955203	0.33828924352753026	232.47513051092574	17043.612278169727	12982.057267274715
0.000178	-0.0012900732169659306	-0.0012835121961755065	-6.668359824118906e-05	0.002817925991446722	0.000840234706931945	0.2869961729405575	321.8675303671594	0.33826849103744616	229.492780957956	13546.56073332092	12815.248630090959
0.0001785	-0.0011165652022472302	-0.001261413058338296	-0.0001704862662036816	0.002818321865903192	0.000840785200804803	0.2869695760378718	316.32570930764706	0.3382311891245789	225.5498546177525	12850.586552328126	12594.59942493469
0.000179	-0.001089669675614495	-0.0012136991430103077	-0.00025583107629212267	0.0028187321974429145	0.0008413200585639179	0.28693889158494484	304.36044700898844	0.33818815618842424	217.02759770193094	13434.174384190934	12118.199052686365
0.0001795	-0.0012470853230286169	-0.0011911104849301898	-0.0002360049311693206	0.0028191286099488524	0.0008418576109177844	0.28691934030786176	298.69586850929056	0.33816073776829025	212.99424696392109	14807.93903247997	11892.662224614618
