time	incid	trans	refl	U_in	U_out	eng_strain	eng_stress	true_strain	true_stress	F_in	F_out
5e-07	-0.0004790587034301932	-0.0001994263828134258	9.707949772517952e-05	1.503214149507123e-07	9.287591619676488e-08	1.1694804800167856e-06	50.720197943018846	1.169481163855027e-06	50.72013862673741	3813.877661015267	1991.1759987703972
1e-06	-0.00021532022237089	-0.00021815921572659533	-0.00011558828833870172	1.1572965619019737e-07	1.9308026082283025e-07	1.4364370150778521e-05	55.48452741630803	1.4364473319340726e-05	55.48373041601858	3303.9614669751586	2178.214277053646
1.5e-06	0.00016202152571105004	-0.0002323762184362989	-9.324072100154003e-05	-4.543572549966309e-08	2.987693893482441e-07	2.4275578659380823e-05	59.10034384651034	2.427587331598897e-05	59.0989091514645	-686.7430757234301	2320.1641744074964
2e-06	0.00040574508372739345	-0.00024281971826871625	-6.361908653457772e-05	-2.6105528233467036e-07	3.9555159321936504e-07	3.1165250901573976e-05	61.75644366261969	3.116573654804355e-05	61.75451900755816	-3415.9626452386365	2424.4374702277732
2.4999999999999998e-06	0.00045467693672338733	-0.00019232920070315546	-4.542035713764052e-05	-4.333975079736895e-07	4.568762509140014e-07	2.7663983899443312e-05	48.91516855627349	2.7664366554477274e-05	48.91381536783811	-4086.2290491042545	1920.3140672771408
3e-06	0.00037561525900491635	-8.339668106821189e-05	0.00010083318268864149	-5.331052656142888e-07	4.7043736145817545e-07	9.7042101724056e-06	21.210313860668165	9.704257258586438e-06	21.210108031324637	-4757.107301290837	832.675533585187
3.5e-06	0.0003569279159296121	2.2423667876514545e-05	0.0001834072959341458	-6.056392921493553e-07	4.7314063763708857e-07	2.2908656927660105e-05	5.703021121179176	2.2908919334955803e-05	5.702890472624859	-5394.985808674059	-223.88948067060178
4e-06	0.0004853449149547734	-3.457804812293786e-05	0.0003327404626441584	-6.589260884898588e-07	4.924689646341095e-07	6.912491673304406e-05	8.79424989079514	6.91273059702155e-05	8.793641989003708	-8168.186906062391	345.2450901199741
4.5e-06	0.0004856833464431609	-5.232533144350103e-05	0.0003987014812741491	-6.756660945616871e-07	5.174429192721634e-07	0.00012387313377451977	13.307924111181194	0.00012388080668477512	13.306275616917508	-8830.154856064755	522.4431322884677
4.9999999999999996e-06	0.00045605553285182166	-5.9961730934962497e-05	0.0004677715407208809	-6.622102609757936e-07	5.471503234168782e-07	0.00016826542617459108	15.250092887020912	0.0001682795843896114	15.247526823642076	-9223.966608436223	598.6888885916647
5.5e-06	0.0001860197083254144	-7.360770933369924e-05	0.00023480337089746311	-6.269044870243025e-07	5.540852726212116e-07	0.00018259079869331718	18.720680457962363	0.0001826074704226337	18.71726223396546	-4201.71495494244	734.9373843221638
6e-06	-0.00011803974863687511	4.242702188614888e-05	-8.082767227360987e-06	-4.695220906688682e-07	5.265242785530436e-07	0.00018376291422936167	10.790482772840992	0.0001837798007024837	10.788499882280712	1259.2723337330613	-423.6132977352415
6.5e-06	-0.0005710272414312394	8.149180094334573e-05	2.6633261572672526e-05	-1.208667718463318e-07	4.938112548884561e-07	0.0001888187582610902	20.725844877036625	0.00018883658676705306	20.72193144874303	5435.510644464727	-813.6562266526796
7e-06	-0.0009165688319409088	6.559140562325023e-05	5.338308770110602e-05	2.9193181622045977e-07	4.789926306314812e-07	0.0002035536530734722	16.681890478274894	0.00020357437293007412	16.67849481852787	8618.492258464348	-654.8984680969553
7.499999999999999e-06	-0.0007062405087912695	1.0355988068185904e-06	0.00017981882327969045	7.060046951009759e-07	4.812993684601589e-07	0.00023288783582672612	0.2633842911373154	0.000232914958409889	0.26332295213976165	5256.065976002588	-10.33995331711756
8e-06	-0.0006912425278964192	-1.1407076540858362e-05	0.0002844388156259007	1.0884772449407106e-06	4.5415703661017197e-07	0.0002687402577549941	2.901166695906959	0.00026877637488899504	2.9003870356213106	4061.7383550579184	113.89414331173889
8.5e-06	-0.00046099920694412093	0.00013344352426037458	0.0002829797790379785	1.3840135878918338e-06	3.9656812661018823e-07	0.0003077700397075391	33.93874907229467	0.00030781741062598644	33.92830374214507	1777.4379054609442	-1332.3690624583949
9e-06	-0.0002500763427507877	0.00012548581325121878	0.0003347253252325207	1.5902991324095594e-06	3.5626007622544137e-07	0.00035004490866335814	31.914860999595042	0.00035010618868326886	31.903689364991436	-845.179157642603	-1252.9151660228063
9.499999999999999e-06	-8.354350963263344e-06	5.5745899287001036e-05	0.00033433817012921095	1.6738262454459628e-06	3.70025318180701e-07	0.0003780120242451481	14.177878605929049	0.0003780834888005898	14.172519197337719	-3254.790803271021	-556.5958481731813
9.999999999999999e-06	7.542427076872373e-05	-0.00011763672132484074	0.00010828357107342505	1.6562585334264614e-06	4.070881092874912e-07	0.0003887654527024457	29.918598065059967	0.0003888410415826389	29.90696674773898	-1834.2339679510483	1174.5457786054546
1.05e-05	0.00017375229759190132	-4.900376462313919e-05	6.190563609551804e-05	1.548578005109421e-06	3.9732747988086623e-07	0.00040014508866480306	12.463148589341994	0.0004002251680737747	12.45816152164467	-2352.930514300164	489.27889374735065
1.1e-05	0.0004904971888987196	9.288918120689263e-05	0.00011819424832697029	1.3545088435714314e-06	3.781881971190379e-07	0.00041399271802334604	23.624545514553464	0.00041407843666737133	23.61476512474383	-6077.4896649193815	-927.4535573241468
1.15e-05	0.0006012297045968463	-6.835776029252126e-06	0.00010096535003353886	1.1698479982051713e-06	3.725484750693955e-07	0.0004215780228674139	1.738545865429345	0.00042166691186545604	1.737812932700733	-7011.0780705649	68.25191817850343
1.2e-05	0.0003490851106607583	3.2192906318119084e-05	1.908352764979996e-05	1.108946994889426e-06	3.794085332024563e-07	0.0004243901545697619	8.187635746989724	0.0004244802335580492	8.184160994989497	-3675.9858237503468	-321.4306025460696
1.2499999999999999e-05	-3.0757828451191434e-05	-6.30368710273826e-05	2.5422693484955484e-05	1.2514207035306297e-06	4.158196721443063e-07	0.0004524650984610765	16.032194592871843	0.00045256749168115214	16.02494058436683	53.26874280675446	629.3926754151565
1.3e-05	-0.00016549942455558396	-0.000100673678178332	0.00041890559317722746	1.593675779898017e-06	4.4215432390986864e-07	0.0005247138248725313	25.604379986342597	0.0005248515353460196	25.590945014186474	-2530.1380578709045	1005.1779953516484
1.35e-05	-0.00022989149109585137	-1.773130526826388e-05	0.0007245393570318372	1.994477595709984e-06	4.351635866233799e-07	0.0006075713016492142	4.509610515454287	0.0006077559478868197	4.506870605523481	-4938.819751929154	177.0385090425521
1.4e-05	-0.0002608358645080378	4.916282523119829e-05	0.0005868050515575131	2.3440539611004817e-06	4.1686544469518645e-07	0.0006734522083857079	12.503602542384115	0.0006736790791876308	12.49518196363917	-3254.644708663477	-490.86703700427074
1.45e-05	-0.0002682531273440404	3.310867056828073e-05	0.0004558595581136501	2.644320532876765e-06	4.2043328296796374e-07	0.0007192433352220031	8.420542463654154	0.0007195021148007262	8.414486044608218	-1873.159493209633	-330.5740657615649
1.4999999999999999e-05	-0.0003570818496419558	-4.915026608239957e-05	0.0002688540160351569	2.914370622112768e-06	4.4876926155247177e-07	0.0007499322904583971	12.500408368654039	0.0007502136303445616	12.491033908774469	880.912255555082	490.74163997655455
1.55e-05	-0.0003714094052694944	-7.825301629664544e-05	0.00021684493860666524	3.1297503285042954e-06	4.898445395325167e-07	0.000773053641684402	19.902123381124348	0.0007733526017356128	19.886737972167317	1543.2514592099058	781.3185280858402
1.6e-05	-0.00023104343196383715	-0.00010642827938130087	0.00014908528071404478	3.2315366296970413e-06	5.356483480050891e-07	0.0007853461067952449	27.06795019194964	0.0007856546526030647	27.046692482647465	818.3125089565335	1062.634905697191
1.6499999999999998e-05	-3.205796155576037e-05	-9.951327747946377e-05	4.5461500312477724e-05	3.2276352753108276e-06	5.602595001662352e-07	0.0007916330314564117	25.309254776179824	0.0007919465383505704	25.289219134097454	-133.82785313783296	993.5919554909923
1.7e-05	0.0001490991561646957	-1.11425644957421e-05	5.403855475031069e-05	3.1872542630092633e-06	5.414344158989129e-07	0.0007990480635688676	2.833893233402446	0.000799367472632974	2.8316288165019348	-2028.2318152334726	111.25311844737114
1.75e-05	0.0001498146604731857	9.578328087566793e-05	6.331550041101991e-05	3.155289415065119e-06	4.987394203191118e-07	0.0008197458374452906	24.360603131385623	0.0008200820127957189	24.340633628371013	-2128.0015962769266	-956.3497430605446
1.8e-05	0.00032147807959871037	9.618053508371387e-05	0.00026425795582934607	3.141569637362695e-06	4.828199240059724e-07	0.0008624625480910324	24.46163696543274	0.0008628346828981186	24.440539719685052	-5848.291078168997	-960.3161342336305
1.85e-05	0.0004162646333939124	-2.460382641045362e-05	0.00041179834998356004	3.1632245489417674e-06	4.942359071307676e-07	0.0009205921445540804	6.257501781303284	0.0009210161497462687	6.251741174318883	-8267.808475040101	245.65730940545504
1.8999999999999998e-05	0.0004063597209477237	-2.672433638247976e-05	0.0005081900959695155	3.217718922494069e-06	5.145258850292736e-07	0.0009810814687328704	6.796811996952798	0.0009815630441592756	6.790143770656126	-9131.337686795128	266.82957609296716
1.95e-05	0.00030595918554331266	-6.45027859121858e-05	0.00044914459640826024	3.242758013708714e-06	5.430616907958187e-07	0.0010245307384939698	16.40502135769561	0.0010250559288574393	16.388213909049	-7539.346128588085	644.0291266894656
1.9999999999999998e-05	0.0002691110447096151	-6.379895278182935e-05	0.0002385055611275804	3.255990874451705e-06	5.608241327271145e-07	0.0010546833056194838	16.226015174125948	0.001055239875428111	16.208901866805068	-5068.306348743898	637.0016932248756
2.05e-05	0.0001486016125421641	-1.6063946548264992e-05	0.00023870424350147727	3.362743497095158e-06	5.707982075927122e-07	0.0010770316123070037	4.085550453153097	0.0010776120276418117	4.081150186161376	-3867.0616889181365	160.39073848298494
2.1e-05	-0.00027488357127215823	-2.8781156393273346e-05	0.00011499138127726846	3.5335124052204633e-06	5.993195481492478e-07	0.0010933883266102784	7.319923917295916	0.0010939865116988546	7.3119203979330685	1596.446200433352	287.36592931517055
2.1499999999999997e-05	-0.00023405225317836345	-9.945554430567067e-05	0.00014387826668827209	3.7482852136818922e-06	6.658344227282325e-07	0.0011166819212104994	25.29457147319175	0.0011173058750156247	25.26632548252287	900.3436510228281	993.0155176678321
2.2e-05	-0.0003629458589012661	-0.0001996064176138732	0.000224777963542755	4.06934120138269e-06	7.347591817757855e-07	0.0011598297667176978	50.76598627145615	0.0011605028897840213	50.70710636944173	1379.5396233800898	1992.9735591961394
2.2499999999999998e-05	-0.00039769570656082644	-0.00011029078652376733	0.00045810170102922787	4.458500999087329e-06	7.790102621543323e-07	0.001228668769306191	28.050303299188744	0.001229424201625961	28.015838767555465	-603.1246451472058	1101.2001717801331
2.3e-05	-0.00026255067049203896	-8.866944603824131e-05	0.0006313792323642393	4.869753882715721e-06	8.429515896856403e-07	0.001311210278559903	22.551338449361165	0.001312070666939445	22.52176890259108	-3682.574841404015	885.3215421391418
2.35e-05	-0.0002801670899678879	-0.00019882141943044208	0.0006749645141163641	5.338479487323598e-06	9.652800282025756e-07	0.0014004046068899754	50.566337344935796	0.001401386089843963	50.4955240131644	-3941.8613738598056	1985.1357319243646
2.4e-05	-0.0004156667173384784	-0.0003511876282147831	0.0007366701178283791	5.837815680868225e-06	1.1365682541290714e-06	0.0014976629583402785	89.31770093256662	0.0014987855765178084	89.1839331203558	-3205.063731096973	3506.438649196123
2.45e-05	-0.00029017208391985576	-0.0004189527835883981	0.0008025898297888589	6.212692357253662e-06	1.2824518196834195e-06	0.0015929750708613879	106.55244212227538	0.001594245204689845	106.38270673823519	-5116.243410346297	4183.040957422941
2.4999999999999998e-05	0.00011312185167428913	-0.00023696404107154497	0.0007058679544405659	6.331325320488517e-06	1.4049418024893977e-06	0.0016675737428229085	60.2671667558184	0.00166896569158347	60.16666681098207	-8177.217187452968	2365.9713649559208
2.55e-05	0.0005341209525847434	-0.00031377133662126544	0.0004747684246829151	6.199521071037911e-06	1.5262985724355221e-06	0.0017086470737008386	79.80159935591422	0.0017101084760299072	79.66524658669809	-10073.272578529324	3132.8550704691897
2.6e-05	0.00070854026528186	-0.00023186892718483567	0.0001752789202788516	5.912868994483994e-06	1.6339951095102818e-06	0.0017233093898890571	58.97132424375775	0.0017247959956823587	58.869698406954285	-8824.507192650204	2315.09911656485
2.65e-05	0.0008123484911522525	-0.0002523526529261273	5.6774324622764435e-05	5.623451276580212e-06	1.7344266539090886e-06	0.0017432429993134684	64.18095904509094	0.0017447642155475893	64.06907603754637	-8677.771046842921	2519.619213083942
2.7e-05	0.0008044012072756497	-0.00019920430928164302	0.00025870507782341055	5.458182609892982e-06	1.7949591987182102e-06	0.0017978335104512158	50.663717885911936	0.001799451552721483	50.572632956132594	-10614.60218636979	1988.9587019403095
2.7499999999999998e-05	0.000802651351386221	-7.296010093763667e-05	0.0006052720106348928	5.397632799679834e-06	1.7862252086236912e-06	0.0018782787944214515	18.555973935312426	0.001880044971965334	18.52112064295989	-14057.433961419847	728.4713276417476
2.8e-05	0.0007427585100239557	0.0001122295760676093	0.0006678958124219324	5.437707977337841e-06	1.7165749280172518e-06	0.001971787521922482	28.543396479971744	0.0019737340541244714	28.487114966959247	-14084.701280691688	-1120.5580478640454
2.8499999999999998e-05	0.000556973311215944	0.00020092969391904454	0.0008120206867646441	5.6921568191336614e-06	1.6109367848183214e-06	0.002082555950907463	51.10253570480966	0.0020847274859710986	50.99611181497115	-13668.74308596326	-2006.1858332264205
2.9e-05	5.2059567716742104e-05	0.00027403700426054497	0.0009410565930223466	6.242144532167146e-06	1.4853670124895416e-06	0.002212968812501291	69.69594947129039	0.002215421046463361	69.54171450875276	-9915.784638709047	-2736.126975581906
2.95e-05	-0.0004609159667003258	0.0002905456204250392	0.0011229234304114633	7.011619902313347e-06	1.3302454041925682e-06	0.0023558387965251994	73.89459293970164	0.00235861815074121	73.72050919080085	-6609.824408146159	-2900.9575251607307
2.9999999999999997e-05	-0.0007376407887510758	0.0004069069840795378	0.0011382093242094879	7.948061536602173e-06	1.1314533237414923e-06	0.0024993142982397886	103.48882873846898	0.0025024427980438226	103.23017762909484	-3999.4831296398697	-4062.7694741333785
3.05e-05	-0.0012020408882279	0.0004868953416419045	0.0011325066601797975	9.144639027936228e-06	8.918488318258759e-07	0.0026494189636625557	123.83230221206539	0.0026529348855581945	123.50421856227075	694.2656434376644	-4861.414545624525
3.1e-05	-0.0018023384543806977	0.0005904063880926883	0.001243125827831387	1.066966456389538e-05	6.071804562763252e-07	0.0028108495881125598	150.15831129474793	0.0028148074441812646	149.73623886729342	5583.467666041316	-5894.9222911530305
3.15e-05	-0.0024995476721521655	0.000689510073107354	0.001311757026230775	1.2554665288938882e-05	2.954145729336751e-07	0.0029891013475641867	175.36339424272	0.00299357763327036	174.83921528467567	11859.515237436462	-6884.424663943492
3.2e-05	-0.0031546270951247134	0.0007122412993817617	0.0015093456330754669	1.4843208999711978e-05	2.1635278950475732e-08	0.0032001495200106173	181.1446368238691	0.0032052809489702145	180.56494690128469	16427.339814508116	-7111.384966495661
3.25e-05	-0.003794891544251694	0.0005187160362490364	0.0018308096751357918	1.7588107587864522e-05	-1.786614234899758e-07	0.0034630002370715685	131.92527319408447	0.003469010301640817	131.46841594173762	19610.407721542448	-5179.128794221217
3.2999999999999996e-05	-0.004386621365276942	0.0003818513207069762	0.0023291989507674762	2.077188976072507e-05	-3.156576004551308e-07	0.003786933795636029	97.11641106773934	0.003794122383632327	96.74863764855604	20542.367932011097	-3812.6007911492916
3.35e-05	-0.0048014572900886435	0.0002341063236245148	0.0027975376734099607	2.43419732680414e-05	-3.7057350831114266e-07	0.004152988948516423	59.540362245132414	0.004161636557707713	59.29309177873771	20008.168367215363	-2337.4384381108434
3.4e-05	-0.005456858855294237	1.2804750747424464e-05	0.002995836644019301	2.835634868787039e-05	-3.3680233433561626e-07	0.004558635845571297	3.2566377796060815	0.004569058112231722	3.2417919538879274	24572.11674002043	-127.84924441197066
3.45e-05	-0.0061724687742753005	-0.00016464557747038758	0.003424136676532332	3.293000132679682e-05	-2.0717548239778732e-07	0.005017509719940319	41.87438072099709	0.0050301396868684895	41.664275608713005	27440.76702627574	1643.9064758519855
3.5e-05	-0.007129065333917299	-0.00041817835331741597	0.0038382337553281728	3.812834726168182e-05	4.756951645887654e-08	0.005522409052264205	106.35548093748558	0.005537713925656061	105.7681424667985	32857.362014196	4175.308645646803
3.5499999999999996e-05	-0.008252771731295334	-0.0007271976190419574	0.004152558893691376	4.390449736043047e-05	4.6359074330947617e-07	0.006061438505100469	184.94848405291847	0.006079883597108347	183.82743019022016	40938.64250511609	7260.7165860997775
3.6e-05	-0.00918680857551873	-0.0011433031537494602	0.004378394335151345	5.030523164622998e-05	1.039233958162692e-06	0.006639873023476993	290.7767841394475	0.006662015048275704	288.8460632145866	48009.69105738981	11415.329140248372
3.65e-05	-0.010437361801167383	-0.001444884680766415	0.004776203426164869	5.7448785570398224e-05	1.7492720946426785e-06	0.0072731712015671685	367.47814396187545	0.0072997496627773256	364.8054125080066	56523.928893043885	14426.474856261726
3.7e-05	-0.011658349396681781	-0.0017475651205370267	0.00524669441136717	6.54146742122391e-05	2.635082140982354e-06	0.00797012721290264	444.4589907388441	0.008002058454001844	440.91659604173714	64017.27464063263	17448.592684735606
3.75e-05	-0.013127234625367589	-0.002235184482813888	0.005783684548407126	7.43006798830294e-05	3.741789991369415e-06	0.008741094105930894	568.4754334312299	0.008779521564921164	563.5063361706976	73321.7965081989	22317.236226296387
3.7999999999999995e-05	-0.014624015199159793	-0.002740758463834748	0.006418028123883847	8.416221791448387e-05	5.078096395606059e-06	0.009597274665101995	697.0582820516571	0.009643625303876961	690.3684222612233	81932.81290066871	27365.14795397059
3.85e-05	-0.016164756052339312	-0.0032674978473471775	0.007132319203707839	9.50059041072203e-05	6.575588097099989e-06	0.010546297026276135	831.0241366152867	0.01060230333758599	822.2599092345372	90184.51425371545	32624.38599088721
3.9e-05	-0.01757055562529763	-0.0034654744245198018	0.007887389522230477	0.0001068040907082269	8.190579867838953e-06	0.011591612699657116	881.3756048644559	0.011659319168818367	871.159040209941	96681.7311958805	34601.086381394955
3.95e-05	-0.018932362223726427	-0.003795797742017725	0.00865630595130483	0.00011951996564548346	9.955321464089343e-06	0.012724994618036627	965.3868766547267	0.01280665081811662	953.1023338449721	102601.45284188734	37899.2049771247
3.9999999999999996e-05	-0.020302854319555943	-0.004138774598323429	0.009281170535807995	0.00013315508284396827	1.1872153831419595e-05	0.013941103413939953	1052.6163284267843	0.014039193317534346	1037.9416953369848	110046.18299058049	41323.66303916835
4.0499999999999995e-05	-0.021756151158609	-0.004479623197254625	0.009965583429948036	0.0001477588936943961	1.3933164156590289e-05	0.015260782595838584	1139.3044995829785	0.01537842676795499	1121.917821304382	117723.11738287208	44726.87148045702
4.1e-05	-0.023019105023209238	-0.004787022726433576	0.010920327940231633	0.00016332962144368962	1.6108879924849878e-05	0.016714313599011443	1217.4855544042641	0.016855573997808057	1197.136119045685	120800.43874955388	47796.10713473395
4.15e-05	-0.023985163946984123	-0.004995357986956283	0.01208399017169039	0.00017973454910751743	1.8352005106025466e-05	0.018297765045298384	1270.4715510570138	0.018467239669463932	1247.2247611190369	118827.465274395	49876.23396949929
4.2e-05	-0.024713620113193203	-0.005090106681806049	0.012976514699312953	0.00019680565413192217	2.0647085201323418e-05	0.01999402243446214	1294.5690274782692	0.020196607779450374	1268.6853852999088	117189.3220217555	50822.253871370434
4.2499999999999996e-05	-0.02519508438271867	-0.005228955940002794	0.01386931417866991	0.0002144988086732677	2.3005142272724605e-05	0.021811172633902063	1329.882619193809	0.022052552567441874	1300.876319803747	113082.33885477953	52208.596573213894
4.2999999999999995e-05	-0.025597147548490663	-0.005373261662528869	0.014889825567100801	0.0002328734986737675	2.5422602814251652e-05	0.023760391831594084	1366.5839558353123	0.024047222526733643	1334.1133855738954	106907.4324052518	53649.41943288518
4.35e-05	-0.026169190515021916	-0.005496043842266877	0.015959505059966305	0.00025185484632427344	2.7873900345494037e-05	0.025831789111521453	1397.811200557558	0.026171289133188697	1361.7032364070328	101938.77232442761	54875.340125634044
4.4e-05	-0.026391129219508952	-0.0055253984077874635	0.016823477800119495	0.00027120180499265033	3.0342828356025194e-05	0.028001691852083524	1405.2769598654847	0.02840121511177614	1365.9268274684987	95528.37293705989	55168.4312678106
4.45e-05	-0.02625404125710117	-0.005575313415562397	0.01751850238940451	0.00029077078536750024	3.281776859122213e-05	0.03025190885391156	1417.9718653185935	0.030718941061947374	1375.0755096915643	87220.13148058022	55666.80848379244
4.4999999999999996e-05	-0.02611828162407519	-0.005552430371922259	0.018094571991473674	0.0003104943644248555	3.528337321306189e-05	0.03257097468567552	1412.1520109613477	0.03311321561733549	1366.15684356	80112.86077673068	55438.33235825551
4.5499999999999995e-05	-0.02585950623411923	-0.005533338941972981	0.018608138855377546	0.00033023062226320476	3.773615465816387e-05	0.034937978275542826	1407.296479349221	0.0355629084914032	1358.12838552647	72401.39684188765	55247.7136619681
4.6e-05	-0.025416600288346095	-0.0054947752321129395	0.018853259239680932	0.00034984284676919204	4.0220091661898406e-05	0.037333707536032455	1397.4885543900225	0.03804845635232063	1345.3151254154725	65531.786634635726	54862.67366668975
4.65e-05	-0.02484720468198963	-0.005673419526178176	0.019062765872986727	0.0003692539649934695	4.27705099645443e-05	0.03974340123025063	1442.9232347394955	0.0405547398508104	1385.5765576767926	57754.824413669296	56646.350558592094
4.7e-05	-0.024291384724564286	-0.005793686232234896	0.019074267443181907	0.0003883923164438518	4.537394743333607e-05	0.04215129300535196	1473.5107179555882	0.04306543937573509	1411.4003359365158	52090.39329153147	57847.155463003146
4.7499999999999996e-05	-0.023649317890343254	-0.005911802533697739	0.01903424778807124	0.0004071125654466859	4.803263074733259e-05	0.04453390936121531	1503.5512878439638	0.04555600453564234	1436.5922710711823	46079.24333102942	59026.48961738317
4.8e-05	-0.022811548027718412	-0.006042080759916144	0.01867424585210875	0.00042531431998622273	5.0732877889206786e-05	0.04687329370955788	1536.685005300218	0.04800742898159748	1464.6555177077075	41308.96161036872	60327.254709488145
4.85e-05	-0.02200229202285651	-0.0060986804311406045	0.01835003613283067	0.00044286568660501267	5.347559280767682e-05	0.049154673987317314	1551.080024091188	0.05040387318442519	1474.8371911787453	36466.00899536388	60892.37505761119
4.9e-05	-0.020805297347831413	-0.006233022961453772	0.017756244042330976	0.0004596317601422716	5.628244183997276e-05	0.05135255063083706	1585.2474177605836	0.052718046370951926	1503.8409194776295	30443.32287049479	62233.720260787864
4.95e-05	-0.019793054270098184	-0.0063870380959208635	0.017028465308845376	0.0004756627498133942	5.915131479281259e-05	0.05347737165277534	1624.418153328203	0.05496040122580062	1537.5485400231557	27603.083947334075	63771.48690365565
4.9999999999999996e-05	-0.01865645305370124	-0.006511892845539186	0.016600028760334427	0.0004908797509461923	6.207265181467182e-05	0.055496287442579166	1656.1725156418988	0.05709566133636492	1564.2610896593364	20532.402175048202	65018.10120445795
5.05e-05	-0.017809335999445095	-0.006622925294243422	0.015352355446434084	0.000505329347262897	6.501052227648736e-05	0.0574053071759374	1684.4114462032862	0.05911889486687333	1587.7172897233218	24531.76273661915	66126.70651447562
5.1e-05	-0.016945343769720043	-0.00658622994715629	0.014860758090358332	0.0005191600126906766	6.796138644262471e-05	0.05923937331717899	1675.0787027538481	0.061066553603406126	1575.848090145757	20813.579996628614	65760.32121802864
5.15e-05	-0.016212773093013843	-0.0066813471544915955	0.014166101921109396	0.0005323906913862585	7.096080244846114e-05	0.06097625180587934	1699.269903114471	0.06291450915212901	1595.654793616011	20435.02197341696	66710.02053887185
5.2e-05	-0.015785844454832536	-0.006804527110416649	0.013322617059496635	0.0005451805371686893	7.401508872156228e-05	0.0626289073721627	1730.5983144259078	0.06467603178870089	1622.2128328933068	24594.134436541426	67939.9128345017
5.2499999999999995e-05	-0.015563669486452903	-0.006928053021158342	0.012833147277990968	0.0005576178785433255	7.706580053549272e-05	0.06420662100817912	1762.0147125750527	0.0663605758135409	1648.8817017139106	27262.94389386537	69173.25932168752
5.3e-05	-0.015386994845635183	-0.00678845574624175	0.012136548100513449	0.0005697711020055952	8.004962363200248e-05	0.06571587760254834	1726.5108774445741	0.06797468744359617	1613.051699942958	32454.138980311647	67779.4480346036
5.35e-05	-0.015369663825478124	-0.0066273101995155586	0.011749711451981793	0.0005817448888498147	8.300592050082873e-05	0.06716417178949523	1685.526661052127	0.06952605480694912	1572.3196588334479	36143.47400334321	66170.4876732751
5.4e-05	-0.015545039852264032	-0.006664693238872127	0.011171726153027917	0.0005936222475556975	8.596638006651366e-05	0.06854540594252126	1695.0343055730161	0.07100783510175308	1578.8474910110142	43665.42254922997	66543.73924449537
5.4499999999999997e-05	-0.015997432918075392	-0.006646026378374965	0.010688385378066306	0.0006055905272796184	8.893660258347653e-05	0.0698854886428778	1690.2867548927406	0.07244756992324294	1572.1602390804771	53008.272470584256	66357.35966888467
5.4999999999999995e-05	-0.016605119642883158	-0.006708589094976313	0.010520442413011163	0.0006177915525311119	9.19182841707329e-05	0.0712197439150576	1706.198357585961	0.07388310626955044	1584.683347490397	60752.5598642619	66982.0181416356
5.55e-05	-0.01713612343185096	-0.006697548268259343	0.010596157547177455	0.0006302582504927901	9.489027414782851e-05	0.07256455879250005	1703.3903393657079	0.07533209209021482	1579.7845709382284	65298.39692535611	66871.78082571346
5.6e-05	-0.017632506763572517	-0.0066650140004254526	0.010687564076098095	0.0006430153003458301	9.786285645239583e-05	0.07392364688515407	1695.1158849972012	0.07679859296751299	1569.8067368852526	69341.89447277122	66546.94189349949
5.65e-05	-0.018215698791694376	-0.006700211471293319	0.010822052682878055	0.0006560813461137691	0.00010086560748495546	0.07530247028093139	1704.067672941838	0.0782885898425054	1575.7471676434393	73821.98116209367	66898.37162020261
5.6999999999999996e-05	-0.0187094629898288	-0.006800657629600292	0.010999904982547739	0.0006694951237382818	0.00010393610648267418	0.07671452298102885	1729.6141877011808	0.07981679975543306	1596.927660350465	76976.2087074906	67901.27793965711
5.7499999999999995e-05	-0.019253255367807143	-0.007004817613976045	0.011347956489229571	0.0006832973510240668	0.0001070705552553806	0.07817048074135091	1781.5382845708994	0.08139497571243098	1642.2745804068704	78930.58665591208	69939.71666107072
5.8e-05	-0.01976113368017443	-0.007088186476240691	0.01169476871089233	0.0006974738073182183	0.00011024260192409556	0.07967618097457943	1802.741523263259	0.08302969366695072	1659.1059634053468	80538.75368728561	70772.1144373542
5.85e-05	-0.02014860178185403	-0.007173864020746582	0.012135206068300479	0.0007120089226799089	0.00011343844987368409	0.08122913359194463	1824.5319301056486	0.08471851697633928	1676.3267822123282	80009.88128238377	71627.56328944174
5.9e-05	-0.020625884451786206	-0.007195201001928409	0.012442608883447418	0.0007268847284496662	0.00011663918879926066	0.08282092759066677	1829.9585737311372	0.08645254508236165	1678.399707202231	81706.0494861636	71840.60272893865
5.9499999999999996e-05	-0.021065679257268516	-0.007195854663951452	0.012749929449288542	0.0007420666007926087	0.0001198311038403933	0.0844498158605139	1830.1248198753476	0.08823010026998898	1675.5711158351182	83028.74071040182	71847.12922815721
5.9999999999999995e-05	-0.021414938046667754	-0.00715552734682113	0.013029681612702178	0.000757540132557999	0.0001230472259105567	0.08612702699458386	1819.8683559185479	0.0900636963928199	1663.1285049017622	83722.73076059255	71444.48046708619
6.05e-05	-0.021612246497721685	-0.007304693500978385	0.01351471158206344	0.0007732529492736785	0.00012631633021712054	0.08785187790985698	1857.8058482328574	0.09195288752309914	1694.5941156736862	80849.97052946844	72933.83238630887
6.1e-05	-0.021736831749183772	-0.00739374431205044	0.01378365292751271	0.0007890888182885977	0.00012959457540041256	0.08960357035702501	1880.4541794157312	0.0938751373631748	1711.958771047292	79408.64473511538	73822.96167389968
6.149999999999999e-05	-0.021740702460341186	-0.007345792406227949	0.013939519265542353	0.0008049178709017033	0.00013285927783187782	0.09137621229747168	1868.258550528769	0.09582414538922965	1697.5441605890855	77891.04189903932	73344.18508164524
6.2e-05	-0.021374626775524437	-0.007332853842711414	0.014115210222549154	0.0008206561473045268	0.0001361035510234279	0.09316315788109332	1864.9678800898885	0.09779273245892744	1691.2215830339062	72481.76395439182	73214.99978143952
6.25e-05	-0.021106180785478885	-0.00725393913869637	0.014165895969609236	0.0008362548251294238	0.00013933224795148412	0.09494368679163215	1844.897469385993	0.09975811267844427	1669.7361018899346	69295.38787713462	72427.07462144787
6.3e-05	-0.02084852182206034	-0.007262820365999148	0.014013656703226445	0.0008516148321896995	0.00014256470119353325	0.0966972677901479	1847.1562357559135	0.10169753013274895	1668.5412745767824	68242.82317845266	72515.74938150437
6.35e-05	-0.020459568558566923	-0.007270828152460828	0.013739404660323057	0.000866626383592698	0.00014580759867172756	0.09841371677785561	1849.1928595400486	0.10359953018979914	1667.2069171936414	67097.5869552083	72595.70325711918
6.4e-05	-0.019869477127598418	-0.007309779392413807	0.013425986686626515	0.0008812111384080591	0.0001490750039287849	0.10009592219660926	1859.0993451949053	0.10546710155635608	1673.0110817825089	64335.13627117739	72984.61255298341
6.45e-05	-0.01908257604012719	-0.007381019210858913	0.013197448587980913	0.0008954018766305245	0.0001523399912905837	0.10174055469079041	1877.2177989420247	0.10729633780949399	1686.2286188022385	58760.15182696052	73695.9076917884
6.5e-05	-0.018692560997739655	-0.007298908132348831	0.012831338545393702	0.0009092912039250846	0.00015559874671267093	0.10335081411473697	1856.3344529343785	0.10909059053964343	1664.4807759543755	58521.471963336095	72876.06827808662
6.549999999999999e-05	-0.01827138789833246	-0.007352999371259046	0.012653442962759423	0.0009229229566989852	0.00015890097697318813	0.10493568324549037	1870.091501053112	0.1108597009937113	1673.852171658519	56092.463596414644	73416.14314251687
6.599999999999999e-05	-0.017936302668257506	-0.007494378251736373	0.012429498900903578	0.0009363954513275089	0.00016228030112934883	0.10651587042941722	1906.0484526941646	0.11262670663264304	1703.0240426748016	54982.77277461284	74827.74289962047
6.65e-05	-0.017629435596356123	-0.007699626375054424	0.012579344100095478	0.000949751324764639	0.00016571294591278732	0.10809027508847391	1958.2492964103344	0.11439035677986184	1746.581591269531	50422.721593242044	76877.0461621979
6.7e-05	-0.017503471523295497	-0.007734116678748966	0.012337981732496187	0.0009630258292143971	0.00016910483936525948	0.10964287792121784	1967.021230222816	0.11613263597684557	1751.351361609052	51574.917762789955	77221.4151666296
6.75e-05	-0.017608633817117848	-0.007516401599141251	0.01223429735061119	0.0009762698151527617	0.00017247341721364913	0.11117459354268716	1911.6496601371553	0.11785445594227435	1699.1227861753912	53660.15083087659	75047.63537395874
6.8e-05	-0.0176968267981375	-0.0076292858368600764	0.012007410144010591	0.0009893944350851354	0.00017586984928113727	0.11266793721671758	1940.359556997202	0.11953600057080281	1721.743248251583	56806.0741456692	76174.72990184528
6.85e-05	-0.017679238241803282	-0.007641638810577965	0.01162700346865655	0.0010024017994814311	0.00017927260978720732	0.11412604618419396	1943.5012941300588	0.12118060281382984	1721.6971756771309	60428.637621571856	76298.06837107637
6.9e-05	-0.017727268683516584	-0.007657739551464047	0.011449767825834905	0.0010154498491301265	0.00018266984045989636	0.11557610930560147	1947.5962025030162	0.12281881691458608	1722.5006109193532	62677.81054711504	76458.82648323037
6.95e-05	-0.017989503553916042	-0.007616775758058091	0.011499665832208569	0.001028658596840096	0.00018604003304613866	0.11703475653315609	1937.177863260556	0.12446944102507981	1710.4607236724373	64797.891457863385	76049.82281431842
7e-05	-0.01831393753685061	-0.007536171808451709	0.011585624238999531	0.0010420436228113358	0.0001893767330202847	0.11850809841754706	1916.6778259969328	0.12613946427381817	1689.5359815589582	67178.95476960354	75245.03135394039
7.049999999999999e-05	-0.018549514911912056	-0.007466187391971174	0.011732230916593478	0.0010555882610884164	0.00019270334535636188	0.12000084471696715	1898.8786591728508	0.1278343314159901	1671.0116160570867	68067.28416159216	74546.27079669575
7.099999999999999e-05	-0.01872447696214146	-0.007490816106421214	0.011892728342820545	0.001069326792650095	0.00019606438389473284	0.12152518806950327	1905.142490739995	0.1295680434444585	1673.6196912536152	68211.70643781446	74792.17660114173
7.15e-05	-0.01892122046322327	-0.007620973335184033	0.012232301888380823	0.0010833444386164834	0.00019946707786707454	0.12309797041746409	1938.24543486119	0.13136000370237255	1699.6513556588625	66785.61750987705	76091.7335921616
7.2e-05	-0.019212801760769175	-0.007678105880126376	0.012659348426836862	0.0010976438680461338	0.00020288430934487637	0.12472319899824268	1952.7759796546295	0.13321509864872802	1709.219512545177	65433.06258428195	76662.17442668395
7.25e-05	-0.019358125224628153	-0.007686336382650278	0.013062342541712693	0.0011121231501911599	0.00020630018903344222	0.12638799704226664	1954.8692469109153	0.13511893443646456	1707.7972383143206	62860.34573180662	76744.3520144846
7.3e-05	-0.019395203170700967	-0.007672028010423292	0.01328559480068612	0.0011267139916594485	0.00020971198505244994	0.1280715597924366	1951.2301924319795	0.13704792242274225	1701.3330981731197	61001.48524301118	76601.48983668286
7.35e-05	-0.01956273478831991	-0.007667975523705273	0.013359322288630212	0.0011414234523317041	0.000213110930628803	0.12975866740913067	1950.199521737362	0.13898471201744111	1697.1442306147978	61938.07411836002	76561.0277164036
7.4e-05	-0.019872432027927416	-0.007614250278507445	0.013341697654362805	0.0011563384312820969	0.00021651592585089971	0.1314529505762364	1936.5355569573337	0.14093352156879468	1681.972244099497	65206.224750877016	76024.60712221345
7.45e-05	-0.020373215323444074	-0.007695175739243158	0.013472886185057152	0.001171485008067932	0.00021997124212507106	0.1331641877462032	1957.1173642851306	0.14290569469831674	1696.499420146111	68896.4497582366	76832.60871574955
7.5e-05	-0.02064541185640796	-0.00784050211547698	0.013610020293670295	0.0011867588330611784	0.00022346140926322628	0.13487842747423207	1994.0782842242795	0.1448852356533957	1725.120140987594	70244.98275527012	78283.6223091505
7.549999999999999e-05	-0.02089782446681319	-0.007851871032191956	0.013520406190243375	0.0012020365422184467	0.00022695908562039334	0.13658372783674358	1996.969745715213	0.14685834942814374	1724.2161734682354	73659.95410416149	78397.13544505317
7.599999999999999e-05	-0.020804354633167033	-0.007874264815690766	0.013468541365714437	0.0012171976379133	0.00023046262640048169	0.13827818404818729	2002.6651663297234	0.14882277971697008	1725.7402638730885	73244.54820643565	78620.72654466314
7.65e-05	-0.020545135933386957	-0.007878238455049452	0.013348781161073426	0.0012322211333605315	0.00023395504778582816	0.13995601457578613	2003.6757837414393	0.15077174520037845	1723.2493065469728	71852.1225683227	78660.4014121865
7.7e-05	-0.020448807482693888	-0.007824270163699175	0.013205414869506757	0.001247122939367649	0.0002374412715139839	0.14160791615854965	1989.9500049286462	0.15269430970088974	1708.1573314710051	72321.77266406312	78121.55411969034
7.75e-05	-0.020408364547356967	-0.007850372755377085	0.012938416542777163	0.0012618896856059804	0.00024093829360494884	0.14322043672852292	1996.5886883267597	0.1545746125239706	1710.6363844173725	74583.81869512991	78382.17587555591
7.8e-05	-0.020464820113735294	-0.007872821402616493	0.012582151008041968	0.0012764377263231423	0.00024444444906763184	0.14479045144461836	2002.2980624600757	0.15640875404436533	1712.3844220697968	78704.63931640238	78606.3147630861
7.85e-05	-0.020097747253028445	-0.00789143791684998	0.012265697363007286	0.0012906834292588636	0.0002479269889596025	0.14630713677570303	2007.0328085533995	0.158183794817738	1713.3895849190537	78199.23092508988	78792.19165559922
7.9e-05	-0.019949476926149744	-0.007766641860765417	0.011738133140640138	0.0013046470658371013	0.0002513804870465182	0.14776445089977888	1975.2933737914552	0.15989232428245398	1683.4152330471893	81986.29706208788	77546.16338134994
7.95e-05	-0.01976916870225642	-0.007760861121021928	0.011326058559473991	0.0013183214774632958	0.0002548545211418799	0.14917131457494778	1973.8231557595657	0.16154448039807814	1679.3853608764393	84300.37206767946	77488.44549031672
7.999999999999999e-05	-0.01944752770356711	-0.00785897517740702	0.010939678774677677	0.0013317477533134068	0.00025838901574311713	0.15054996694627212	1998.7765460314038	0.1631661588422971	1697.860803093392	84946.75754219512	78468.06689978075
8.049999999999999e-05	-0.019099995285392878	-0.008032701632189039	0.010879572171102997	0.0013449609128415097	0.0002619818960333419	0.15191923301682897	2042.9604701951714	0.16477940364173566	1732.5954824794208	82076.94976960422	80202.64154448587
8.099999999999999e-05	-0.01863787355210449	-0.008121486966043371	0.010791126423005297	0.0013579857430144995	0.0002655621812268499	0.15328243321003832	2065.5412824427754	0.16638809118883413	1748.9300887741638	78345.9757503608	81089.12017043056
8.15e-05	-0.018349236764856544	-0.007976071978167043	0.010783570522823005	0.001371003746786121	0.00026914097002341534	0.15465399251728928	2028.5578258663743	0.16800925912660883	1714.8332590439475	75539.51901107458	79637.22183262778
8.2e-05	-0.01847488533971272	-0.008114758915990736	0.010923421997113119	0.001384159002046925	0.00027276310815831106	0.15603865970424574	2063.830134571436	0.16964859077206054	1741.7928465156758	75397.70992810951	81021.94384403715
8.25e-05	-0.01875889038992427	-0.008170977828189692	0.010991022468368087	0.0013975049002014667	0.00027640417685048316	0.1574438465410446	2078.128314755247	0.17131496798684076	1750.9397992743225	77558.40500547794	81583.26249740843
8.3e-05	-0.019007293188745635	-0.008199873856598141	0.011248176372141294	0.001411080503379984	0.00028006569934450215	0.1588900469571925	2085.477454121701	0.17303288671934652	1754.1158435081377	77471.02945417423	81871.7753682482
8.35e-05	-0.019142580774897364	-0.008262941530260167	0.011640124155359812	0.0014248751517236989	0.0002837343335257064	0.16038289613577908	2101.5174827619253	0.17480931979934647	1764.4700225965955	74908.40149578023	82501.4755930755
8.4e-05	-0.019253869809273568	-0.008231849187464519	0.011986463321868803	0.0014388688319330067	0.00028738914942657483	0.16191526346002014	2093.6097538102213	0.1766360660226181	1754.6223789395713	72561.53958609758	82191.03358511835
8.45e-05	-0.019412027018926224	-0.008200812238823504	0.012265558351014338	0.0014530360279880305	0.0002910506110852295	0.16347975212982202	2085.7161132777533	0.17850455338475343	1744.7437600659305	71354.03393854672	81881.14466100906
8.499999999999999e-05	-0.019525657281259684	-0.008261729622097716	0.012494832011529776	0.0014674016480471835	0.0002947374483959474	0.16508139614914635	2101.2092576363375	0.18042103930094572	1754.3386997842194	70199.39052764144	82489.37527609768
8.549999999999999e-05	-0.019716135025238828	-0.008314905399774959	0.012853597737933748	0.0014821036030890052	0.0002984422711140394	0.16673480272793065	2114.7334761048987	0.18240332341027002	1762.1338071443975	68519.11639962243	83020.30970279254
8.599999999999999e-05	-0.020218654926791535	-0.00834259501122005	0.01331405250390644	0.0014972395125494595	0.00030216905678127323	0.16844172757627698	2121.7757869247976	0.18445390171786058	1764.3802078456702	68939.11643758285	83296.7770836221
8.65e-05	-0.020820259167134918	-0.008413654479607341	0.01370060498794503	0.0015127392350306815	0.00030592808190216996	0.1701863446511143	2139.848372163938	0.18655411502585031	1775.6753995977203	71086.30423493728	84006.271514309
8.7e-05	-0.02125788262982594	-0.008487548968131135	0.01391058877774812	0.0015284486633110705	0.00030970049261718586	0.17194783561189214	2158.64198929699	0.18867912611259433	1787.468171376423	73359.1762924246	84744.07225017075
8.75e-05	-0.021496076722826742	-0.008473838341699656	0.013967659656275519	0.0015441917782904786	0.00031344841720855473	0.1737111569929037	2155.154959764002	0.19081087771748564	1780.7804982044022	75167.60400590813	84607.1782750942
8.8e-05	-0.021380374485033233	-0.00837745527519331	0.013939557935779874	0.001559848024274206	0.0003171812645060565	0.17547211676674618	2130.64181289451	0.19294431919984917	1756.773583914173	74292.95520035583	83644.83996254067
8.85e-05	-0.02114287523168668	-0.008406048315590787	0.013930283664670067	0.0015753492711735725	0.0003209413815420829	0.17722668230388489	2137.9138931894704	0.19507455039211705	1759.0185068481185	72014.23911204992	83930.32764460224
8.9e-05	-0.020784671198385826	-0.00850006456455685	0.013838359505959155	0.0015906126775853421	0.0003247368131907086	0.1789467283399975	2161.825086333259	0.19716728532535246	1774.9735598905897	69355.56332523027	84869.03442850248
8.95e-05	-0.020619827872489234	-0.008564828699605878	0.013383960551550955	0.001605619203887036	0.0003285627748530904	0.18061339624487738	2178.2965767296337	0.19919926284957767	1784.8670339779044	72246.63625985091	85515.67299994663
8.999999999999999e-05	-0.020474484759942634	-0.00863733259473977	0.012993570156149905	0.0016203704737553551	0.000332410547878375	0.18222685375401437	2196.7365236461424	0.20117030816937054	1796.4321384155749	74693.31488531728	86239.58933323859
9.049999999999999e-05	-0.020314287088258703	-0.008662896222444014	0.012541825868590152	0.001634874521110199	0.0003362436514160369	0.18378682443805858	2203.2381321044068	0.20307971357524568	1798.311992324098	77604.26686601772	86494.82979444583
9.099999999999999e-05	-0.020209440729515093	-0.008571376133473554	0.012147060562240065	0.001649136363958929	0.00034006186337300813	0.1852983449144494	2179.961788408762	0.20493330013998626	1776.0184770398753	80498.96736611587	85581.04596107107
9.15e-05	-0.01999209279577949	-0.008595941193728283	0.011775028334162142	0.0016631144226336644	0.00034388510349716265	0.18675825769256785	2186.209430776962	0.20672686762128878	1777.9167665339962	82043.41524676222	85826.31620915719
9.2e-05	-0.01975026936663328	-0.008593983611157865	0.011330290981481039	0.0016767599719625886	0.00034772691063587847	0.18816943483065623	2185.711557957626	0.2084636241782857	1774.4274493939067	84069.41265321878	85806.77069379039
9.25e-05	-0.01926839029062822	-0.008679421585698332	0.01100371340232246	0.0016900763017190976	0.0003515620320524599	0.18953816807324209	2207.441034867395	0.21015103092420506	1789.0467049889273	82518.80230401971	86659.8275556184
9.3e-05	-0.018941781894255667	-0.00856392349015459	0.010658552386351014	0.0017031346940863678	0.00035536817332636547	0.19086752821918118	2178.0663544195186	0.2117926277629076	1762.344213054102	82704.04123950297	85506.63492129405
9.35e-05	-0.018731799375613402	-0.008549122034203913	0.010380574825755091	0.001716013747623946	0.0003591888246060844	0.19217157002844273	2174.301893744496	0.21340558215230188	1756.4628851077998	83382.9388540687	85358.84954094437
9.4e-05	-0.01853614545037118	-0.008629162894625723	0.010257851562135092	0.0017288599892784089	0.0003630628426967335	0.19346883403705376	2194.658720292976	0.2150127386880685	1770.0606565686414	82654.76146375586	86158.01882809904
9.449999999999999e-05	-0.018691540587660566	-0.008789068110614608	0.010273305918574206	0.001741886705892702	0.00036697312752656996	0.19477909685753222	2235.3274828341146	0.21663862536659043	1799.9324145468647	84052.00249148354	87754.59508678365
9.499999999999999e-05	-0.019141865166248773	-0.008792224198468392	0.010463577344813986	0.0017551618078092475	0.0003708282880785389	0.19610305733064304	2236.1301720190213	0.21828419877853258	1797.6182086967945	86648.50746768426	87786.10709786166
9.549999999999999e-05	-0.01959153631343544	-0.008541220169942718	0.010490091909277476	0.0017686386735002245	0.0003746353471504234	0.197444115608856	2172.2922091992887	0.21995378853198563	1743.385895109927	90873.52132669995	85279.9532472822
9.6e-05	-0.01977843019695202	-0.008575951927094838	0.010734175871247807	0.0017822668427146537	0.0003784430010786302	0.19881006778234891	2181.125551973762	0.22165724114854263	1747.4958331440453	90302.5060478868	85626.73304773179
9.65e-05	-0.01987783877252427	-0.008543894743111005	0.010884075308885539	0.0017960717948964677	0.00038225575097338257	0.20019703469818087	2172.972434546581	0.22338987502212954	1737.9497966694687	89798.37920527102	85306.65756706435
9.7e-05	-0.02024068592241399	-0.008598864242011386	0.011066765830975057	0.0018101767874000568	0.0003860904191404842	0.20161368074218947	2186.952850907361	0.22516268932982508	1746.0332370263034	91597.1560182205	85855.50143280941
9.75e-05	-0.020757153145997784	-0.008642442948638944	0.011353792228834201	0.0018246041463318998	0.00038993103262920044	0.20306356426374883	2198.036242157145	0.22698035778119272	1751.6951684438186	93888.01171582597	86290.61374578472
9.8e-05	-0.02116406595154083	-0.008625595398877257	0.011592798991015492	0.0018392375031622973	0.00039376453108655945	0.2045378733983804	2193.751397560796	0.22883204188936995	1745.0461519389858	95564.47236698875	86122.39910813097
9.85e-05	-0.02129678190275725	-0.00861045258181834	0.011740364356958653	0.0018539368182579371	0.0003976199314520548	0.2060253259493381	2189.900118367903	0.23070371490534552	1738.7252326846617	95416.20814145076	85971.20540218234
9.9e-05	-0.021252610939006444	-0.008724070028176347	0.011800813357123956	0.001868676523790796	0.00040151200739292647	0.20751877145294623	2218.7964924973467	0.23258645988718546	1758.3545702701908	94371.62839125351	87105.62066378443
9.949999999999999e-05	-0.021383536535158232	-0.008775352081306287	0.011835211862033877	0.0018835341253989621	0.0004054056370935721	0.20901513942062025	2231.839079185129	0.23447645099388048	1765.3509228848604	95335.40472114737	87617.6471665944
9.999999999999999e-05	-0.021736438945912213	-0.00873105599107986	0.011847065754145441	0.0018984673374833705	0.0004092614397698222	0.2105067523117125	2220.573235455275	0.23636399796609547	1753.1275753892733	98740.60926408037	87175.37212527882
0.00010049999999999999	-0.021798750089311255	-0.008605275475120053	0.011759955610812388	0.0019132331843547908	0.00041308278059746704	0.21198001671306368	2188.583422588715	0.2382318299446164	1724.6474720904253	100232.50855869219	85919.51449521573
0.000101	-0.021274329549324948	-0.008576109776108795	0.01155667325893429	0.0019276358162383727	0.0004169081145919065	0.2134199882558467	2181.165697781554	0.24006083026056743	1715.6613401769591	97026.09903840363	85628.30909380747
0.0001015	-0.02069258461624056	-0.008623229418556744	0.011233045962731437	0.0019416290015442706	0.0004207443240796199	0.21481617261085226	2193.149656765557	0.24183741359639577	1722.0256415363758	94448.9192482117	86098.77593871222
0.000102	-0.0201263877142364	-0.008625007806450528	0.010863675039659553	0.001955255158932111	0.00042458470329157476	0.2161684147092557	2193.601954925508	0.2435610963878805	1719.4144978261365	92483.70702475632	86116.53228188331
0.0001025	-0.01973781834239456	-0.008641977193700636	0.01053759354567023	0.0019686286900817674	0.000428432074962617	0.21749280482661748	2197.9177865028296	0.2452521615003495	1719.8864823380186	91859.79578072381	86285.96340794383
0.000103	-0.019431337606626308	-0.008656447067917208	0.010422875476023169	0.001981788433960175	0.00043227019301837223	0.2187821397459123	2201.597915852424	0.2469012176525203	1719.9276129620898	89945.13828729698	86430.4381050165
0.0001035	-0.019331396465555317	-0.008600371397100928	0.00998279221976239	0.00199476044233752	0.00043610509438695534	0.220027967673076	2187.33616631124	0.2484972159324641	1706.0610350199606	93341.2928300514	85870.54964758611
0.000104	-0.019275811205606362	-0.008641984306276747	0.009734311775013875	0.0020076643725686614	0.0004399693049170476	0.22125456120361223	2197.9195954473794	0.25007106598091705	1711.6198597958487	95267.2579748467	86286.03442357699
0.00010449999999999999	-0.01932971908032234	-0.008732150272106567	0.009678378913308005	0.00202062297258762	0.0004438570325197655	0.22248223793250907	2220.8515444207023	0.25164879008681107	1726.7515227021154	96363.96461398315	87186.29799218543
0.00010499999999999999	-0.019504472437188135	-0.008747720984313584	0.009751455021089416	0.0020336745770650013	0.00044776138649442774	0.22371843762304294	2224.8116503711403	0.25323998649411333	1727.080263944565	97379.16277955001	87341.76402427698
0.00010549999999999999	-0.019612993916966675	-0.008806905211430375	0.009813267622476404	0.0020468066002149654	0.0004516734984641488	0.22496316052603807	2239.864000376789	0.2548447159534209	1735.9771157035318	97845.52834397864	87932.68991321005
0.000106	-0.019731155513390417	-0.008782602223096634	0.009886347699928046	0.0020599970152334634	0.0004555842073646461	0.22622105698966033	2233.683010873272	0.25646904953062705	1728.3768791736734	98295.64551152181	87690.03632652882
0.0001065	-0.019667042044785105	-0.00880059677835612	0.010021759067566097	0.0020732489372060573	0.0004594581901850411	0.22749764085207916	2238.2595738725195	0.25812021630173354	1729.0608012019413	96303.48650286114	87869.70325943788
0.000107	-0.019711944788528054	-0.008617475645943267	0.01018210394156442	0.002086694996085159	0.0004632720513598983	0.22878741148344792	2191.686297295473	0.25979121253511367	1690.2560625534993	95150.85265487885	86041.32730143209
0.0001075	-0.02033121344589668	-0.008530279839743938	0.01023045955426404	0.0021004517699294016	0.00046707492243002634	0.2300889429958742	2169.509750301845	0.261480281190498	1670.3295450356504	100851.14333804982	85170.71934049857
0.000108	-0.0209228373951675	-0.00856806230339684	0.010368237604027617	0.002114561826720972	0.0004709273740160604	0.2314102230497049	2179.118980576272	0.26319790181118174	1674.8485712292713	105382.57518518224	85547.95897017415
0.0001085	-0.02160708203538049	-0.008753202102676818	0.010543009976457764	0.0021290759819554608	0.00047485137280924554	0.23277428292489633	2226.205665568179	0.26497423528245206	1708.0022381222045	110469.40942113886	87396.49034071177
0.00010899999999999999	-0.022062676216303048	-0.008889750471282298	0.011045292731991629	0.0021438557290805993	0.0004787643123015286	0.2341826871961446	2260.93407104172	0.26681163272014036	1731.4624547118513	110003.246580138	88759.85977259307
0.00010949999999999999	-0.022099410561234826	-0.008703477642604505	0.011244826856281179	0.0021586484138709887	0.00048266185970116345	0.23562044747974314	2213.5592221944503	0.26869081668565564	1691.9994077380816	108377.76950589557	86900.01565140029
0.00010999999999999999	-0.021656242990380555	-0.008820545057387122	0.011509895857159684	0.0021733503816025192	0.0004865836738841143	0.2370881210336295	2243.3330282811153	0.27061274720317857	1711.4654157532636	101306.36980846901	88068.87717947266
0.00011049999999999999	-0.021218108973463125	-0.008812585144857112	0.011718249427913356	0.002187896844602859	0.0004905207826060634	0.2385631364629822	2241.308580294667	0.2725480207381479	1706.6149755981776	94851.50385786917	87989.4013019159
0.000111	-0.020840871560476627	-0.008889311853812691	0.01162609209817265	0.0022022995889044777	0.0004944752136637445	0.2400342333055116	2260.8225172715224	0.2744818905393054	1718.1477176984156	92005.11707855549	88755.48038925472
0.0001115	-0.02063394329138157	-0.008890469253364437	0.0116562318874315	0.002216617814522623	0.0004984110107161318	0.24150633139703567	2261.116879198643	0.2764208274888181	1715.0428368434643	89638.10715133326	88767.03646411256
0.000112	-0.020445015199243004	-0.008805530260344025	0.011641938372061768	0.0022308141675469175	0.0005023055062321408	0.24296345866038016	2239.514308474054	0.2783437554552562	1695.3941663677883	87894.46534771667	87918.96169147729
0.0001125	-0.020322919709318425	-0.008704770662218458	0.011419295975441519	0.0022447806266129773	0.0005061873837048585	0.24438133667263184	2213.888076430478	0.28021844365007137	1672.8551490687962	88898.37759111494	86912.92582699952
0.000113	-0.02003255218144318	-0.008748797434699383	0.011020759837979706	0.0022585009183032864	0.0005100992723583852	0.2457507030998035	2225.085424461977	0.2820323331274296	1678.2691169433213	89978.38885236636	87352.51186085623
0.0001135	-0.019983879084725344	-0.008839705932998461	0.010651527050762515	0.002272040243863935	0.0005140447316332769	0.24708445365663398	2248.2062220384223	0.283802213722736	1692.7094159586136	93179.02235376593	88260.18925711495
0.00011399999999999999	-0.019782573110863545	-0.008899736543460648	0.01045708502858546	0.0022853842133587297	0.0005179916308884807	0.2483981577571333	2263.4738330853056	0.28554856035101067	1701.2311028154388	93110.48911529181	88859.56587447891
0.00011449999999999999	-0.01942279102806884	-0.008846180324477954	0.010334261675994582	0.0022984653395351053	0.0005219308911749597	0.249696616066355	2249.8528568154643	0.2872776423331408	1688.0722118214214	90744.57077678198	88324.8329253134
0.00011499999999999999	-0.018842073361327087	-0.008865390466912853	0.010215797411290955	0.002311326378393325	0.0005258885214203292	0.2509809460053198	2254.738580625254	0.28899085654325585	1688.8421586652357	86129.19408236843	88516.63690836573
0.00011549999999999999	-0.018656844510480376	-0.00892877472130957	0.010110658929934825	0.002324160852538674	0.000529884862793096	0.25225514172929575	2270.8591253802565	0.2906934577635859	1698.0232348601953	85329.53047110242	89149.49803874473
0.000116	-0.018883023205887087	-0.009039442147544947	0.010055408190208292	0.002337118877025678	0.000533915132799279	0.2535245267512752	2299.005219619724	0.29239251820410467	1716.151009316922	88139.46729430143	90254.45877591927
0.0001165	-0.019288484045507058	-0.009081323511921464	0.010034522322715804	0.002350296094048231	0.0005379466999916302	0.2548041685704621	2309.656925082827	0.2941082341652262	1721.1467126040873	92396.33300274353	90672.62394727625
0.000117	-0.019706220108421327	-0.009045274512754881	0.01021773745959187	0.002363691105756618	0.0005419653984355677	0.2560998216852181	2300.4885675787577	0.2958484220822463	1711.333855632955	94737.91104547198	90312.69212227118
0.0001175	-0.020014322376064684	-0.009023463474262179	0.010287925198781446	0.002377245415951612	0.000545977254408519	0.2573986838124051	2294.941356752958	0.29759596483621037	1704.2264720980913	97113.37256732662	90094.91944975796
0.000118	-0.020371665197321934	-0.009014509622789308	0.010268524916224826	0.0023909408674817447	0.0005499715481745858	0.2587104499172416	2292.6641198465395	0.29936397416405663	1699.5279538919244	100874.970282902	90005.51957248087
0.0001185	-0.020444692454105812	-0.00894450086507497	0.010492150087077644	0.002404760699528166	0.0005539723423717255	0.26005685250267835	2274.858762305967	0.301181923441643	1683.266152692539	99371.32293329579	89306.51597978701
0.00011899999999999999	-0.02038272623751325	-0.009043736644297985	0.0108166994073541	0.0024186946425097636	0.0005580314323073035	0.2614416045753417	2300.097440830914	0.3030551071176373	1698.7562752204426	95512.15219917348	90297.33724937304
0.00011949999999999999	-0.020350815821892555	-0.009206608221050159	0.01109908850233361	0.0024327243705424047	0.000562111242390515	0.26285512606745925	2341.520639184215	0.30497083361058747	1726.0399363818904	92374.02356692574	91923.53118588055
0.00011999999999999999	-0.020358072382392747	-0.009136897881416039	0.011272018816141682	0.002446832085989252	0.0005661679940476965	0.26428965446314634	2323.7911784426765	0.3069187899749853	1709.637210847554	90719.85125251595	91227.50715341614
0.00012049999999999999	-0.020368994334677395	-0.009102933694548338	0.011431554401722603	0.002460905086530045	0.0005702219430471558	0.26574463183456576	2315.1530521496516	0.30889839784339973	1699.913556665471	89236.01598691598	90888.39117109403
0.000121	-0.019878352528197647	-0.009124296665186733	0.011595654666895772	0.0024748531620972427	0.0005742920354332254	0.267205613805382	2320.5863056848375	0.31089012641217983	1700.5126174859568	82698.73300525459	91101.69010274745
0.0001215	-0.019712279000181344	-0.009175517051313198	0.011526586234106797	0.0024886080845552116	0.0005783792927340541	0.26864830712247273	2333.6132085770314	0.3128608229220719	1706.69197061417	81730.18403670713	91613.10089034712
0.000122	-0.019299349457030386	-0.009201472982762682	0.011306209166785437	0.002502070031788331	0.0005824734804643309	0.27005084563135473	2340.2145918160036	0.3147803988152831	1708.237662337256	79807.64067525826	91872.25831475019
0.0001225	-0.01903052389986956	-0.009206677417183654	0.010891075894291977	0.002515301711641745	0.000586580593055178	0.27142081113043465	2341.5382378666873	0.31665895799215926	1705.9960300519824	81268.45246502948	91924.22207581336
0.00012299999999999998	-0.018779545896764296	-0.009259585310030528	0.010790692210000244	0.002528309893731472	0.0005906841815261995	0.2727616203718181	2354.9943250708166	0.31850096024506225	1712.6422569980643	79764.84101231002	92452.48180201405
0.0001235	-0.01848708241151208	-0.009190832387093914	0.010429634187483048	0.0025410032661481417	0.0005947667889551184	0.27406374894664653	2337.5083645308378	0.3202930764791853	1696.8820589533718	80449.72429767036	91766.0171123106
0.000124	-0.017976288965524893	-0.00916525104789643	0.010178512382895197	0.0025534046223824386	0.0005988513565625595	0.2753360711597091	2331.002251500859	0.32204727802550537	1689.1932497081766	77857.02852381478	91510.59981040783
0.0001245	-0.017645859569397886	-0.009199645676427368	0.00995790360428822	0.0025655329251595654	0.0006029288573989661	0.27657365279640966	2339.7498522077226	0.3237565387787626	1692.636688952773	76760.52276218441	91854.01354459516
0.000125	-0.017298417076574306	-0.009133477667529167	0.009628690419497503	0.0025774743779297363	0.000607014393131696	0.27778581742164693	2322.9213139698704	0.3254335323111752	1677.6467179625836	76578.51193634904	91193.3579716172
0.0001255	-0.0172080132978292	-0.009235771909447327	0.009555641102917985	0.002589422320924194	0.0006111221092979248	0.27899920763906605	2348.937852631027	0.3271150427228488	1693.5860529535612	76405.23602346236	92214.71651227935
0.000126	-0.01730820136383239	-0.009233204593278048	0.009648087262333488	0.0026014737955000794	0.0006152209842914273	0.2802173217793367	2348.2849060025464	0.3288059483382651	1690.2547988676715	76482.5352171029	92189.08310176764
0.00012649999999999998	-0.01759874534668977	-0.009196020523341761	0.00963040429942196	0.0026135875581590295	0.0006192795729815784	0.2814197845357823	2338.8278654601227	0.33047793673820686	1680.6354314960513	79560.03222592913	91817.81814399622
0.000127	-0.01783596569708663	-0.009052070659025866	0.009400380531882356	0.002625669601249565	0.0006233158393744363	0.28258853599091316	2302.2170343906764	0.33210573407145033	1651.6368931088734	84225.23880530203	90380.54835647655
0.00012749999999999998	-0.01798966101550509	-0.009095655754328996	0.009096872164423007	0.0026376722286197483	0.0006274363291296831	0.283725773990836	2313.302050475075	0.3336921881267022	1656.9586357294463	88790.19652567022	90815.72445728819
0.000128	-0.01797764729136731	-0.009430752933552826	0.008901632622941935	0.0026496367528161856	0.0006315551759422969	0.28484753872854923	2398.52746057681	0.3352595264714741	1715.3128168586684	90619.61771208556	94161.50775392646
0.0001285	-0.018063230483328876	-0.009088268810426701	0.008851984476908178	0.0026615575600742267	0.0006355687573958622	0.2859692164332872	2311.4233258468053	0.3368292033328512	1650.4274085087716	91969.83723018116	90741.96939441733
0.000129	-0.017782466078147232	-0.008957462335045676	0.008900255194979733	0.0026733120673738064	0.0006395738323641255	0.2870896925195399	2278.1552585532154	0.3383996624409005	1624.1203658634	88684.58063107223	89435.9299898611
0.0001295	-0.01733453557639395	-0.009050022234760702	0.008832967053938523	0.0026848529333280496	0.0006436036232699607	0.2882019046635598	2301.69605776394	0.33996098175053485	1638.3428699597657	84884.05072087345	90360.09583071465
0.00013	-0.016952688319464053	-0.009068589309692334	0.008769465858140816	0.002696173743697919	0.0006476397764408968	0.2893068230989271	2306.4182299383024	0.3415144797285474	1639.1556990974013	81705.51923829349	90545.47909570536
0.0001305	-0.016460562921733913	-0.009078628039031252	0.008717533125321232	0.0027072673394418147	0.0006516654505063121	0.29041287614049205	2308.9713843002437	0.34307199378343634	1638.4163636595165	77310.40833651931	90645.71095387683
0.00013099999999999999	-0.015913136639431658	-0.009021473504754036	0.008787422710694255	0.0027180894997993186	0.0006556573070823625	0.29151583449093804	2294.4352469497835	0.3446275694179309	1625.5710412497958	71146.80790394715	90075.05056647882
0.0001315	-0.015289122334908915	-0.008926578970597232	0.008668554975694498	0.002728569418193192	0.0006596238296537812	0.2925928648010625	2270.3006791546763	0.3461489157491324	1606.0268994810117	66103.16367340225	89127.57452964823
0.00013199999999999998	-0.01478471003362627	-0.00890756759759703	0.008377072407692417	0.0027387247001178674	0.0006635950900057615	0.29363469110338103	2265.465508460932	0.3476227406143064	1600.2462436786423	63977.1632498299	88937.75516328542
0.0001325	-0.014386659127548183	-0.00894788082163101	0.00811139851146004	0.002748527079569468	0.0006675917215459954	0.2946356980814292	2275.718388114462	0.3490408693241373	1605.2105121956126	62655.4428180836	89340.26321160424
0.000133	-0.013844029005296502	-0.009021640688516887	0.007731045099998408	0.002757931903510849	0.0006716050052115414	0.29558876067766254	2294.477766868287	0.350392946606719	1616.255927357239	61035.18833055749	90076.71981550835
0.0001335	-0.013357975372773017	-0.009022751552389217	0.007352606433039734	0.0027668219598829635	0.0006756252717972349	0.29648804549693225	2294.760293355994	0.3516704096750309	1614.3912990949082	59960.704937145965	90087.81125410981
0.000134	-0.012380662564912173	-0.009053037061319066	0.00687993075436396	0.002775076166012521	0.0006796502329267135	0.2973283783041774	2302.462819902665	0.3528656062645841	1617.8752835553425	54922.14722203276	90390.19741606552
0.0001345	-0.011432091118516813	-0.009043859003671951	0.0064196020217206105	0.002782644264236571	0.0006836569671108488	0.29810960612815385	2300.128560543262	0.3539780212322104	1614.438141315593	50047.27981741732	90298.55894855461
0.000135	-0.010231232482165837	-0.008971085677230897	0.005944505342627605	0.0027895444960830997	0.0006876218345663388	0.29882041085783934	2281.6200890462114	0.35499123482682826	1599.8254366159224	42800.89762000922	89571.9524739455
0.0001355	-0.009543804145403373	-0.00885561921389542	0.005305050450438641	0.0027959380450150286	0.0006915733182852063	0.29944937391351345	2252.2534536315043	0.3558886444582279	1577.8175670470018	42321.90597374114	88419.07567192477
0.000136	-0.009248369450324381	-0.008910910166751895	0.0046492375432747495	0.0028019406531248478	0.0006955494053538806	0.2999923850879455	2266.315625515563	0.3566640655521102	1586.43819565507	45920.108158727715	88971.12909998077
0.00013649999999999998	-0.009146387073885607	-0.00896623997518669	0.00394473242894869	0.0028076475240304834	0.0006995221973770727	0.30046599912386335	2280.387679555612	0.3573408786581362	1595.2087170281866	51936.00634365845	89523.57048219747
0.000137	-0.009016999966122393	-0.008896095093088325	0.003550923267931327	0.0028130474792150413	0.0007034585542221423	0.3008707138319965	2262.547701441747	0.3579195950985794	1581.8133594300257	54576.13268279899	88823.20775335273
0.00013749999999999998	-0.00885687850981464	-0.008802421341818776	0.0028542967584355666	0.0028179654628118565	0.0007073513136070867	0.30119939560903863	2238.723615884815	0.3583898358242676	1564.421415844627	59932.87620918801	87887.92064333575
0.000138	-0.008053311069829244	-0.008700073646121975	0.0023475875771340263	0.002822200228393208	0.0007112008555111058	0.30146083057233247	2212.6934823010847	0.3587640253682035	1545.653067324613	56968.89004352069	86866.02839254169
0.0001385	-0.006849298588719276	-0.008608108344664826	0.0017900146123359544	0.002825829832574044	0.0007150184657483934	0.3016455894450606	2189.3039075217043	0.35902855357057056	1528.9100398629455	50514.50406219737	85947.79932777208
0.000139	-0.006545919211394052	-0.008556503550553643	0.001134072918621904	0.0028289666295672603	0.0007187987124366513	0.3017606682288419	2176.179237980981	0.3591933527967937	1519.4939369421081	54034.668308074004	85432.55041232739
0.0001395	-0.005736347730898207	-0.008440115600968372	0.0006872222200851157	0.0028316955326883496	0.0007225257340992391	0.3018260520525801	2146.578240570975	0.359286998173468	1498.685004797464	50413.0766956553	84270.47301569174
0.00014	-0.005498457996419982	-0.0083171949643036	0.00034757530220025075	0.002834058722700094	0.0007261536278185672	0.30184673709669113	2115.315782038837	0.35931662596264474	1476.8146153012785	51429.07296677725	83043.16989748068
0.0001405	-0.004799466172862483	-0.007994419846748656	-2.0203313677268255e-05	0.0028358796747195813	0.0007296657679203725	0.3018172039617548	2033.2242471952038	0.35927432506415896	1419.5621898795036	48122.069247890504	79820.41642821186
0.00014099999999999998	-0.003855243955712943	-0.007796747407651844	-0.0004472030432799574	0.0028370435674546527	0.0007330913704103923	0.30173174223035326	1982.950130514015	0.35915192660088996	1384.6311328781148	42957.852815247694	77846.75270932363
0.0001415	-0.002730372425061705	-0.007605332321225392	-0.0009053576184915013	0.002837561819631634	0.0007364325433472563	0.30159347300455475	1934.267449035945	0.3589539288597429	1350.9050113615338	36301.006409490095	75935.56563107486
0.00014199999999999998	-0.0017880945619040665	-0.007417138065071452	-0.0012829612054039243	0.00283756269255008	0.000739645203362233	0.30140923872612235	1886.4039227100568	0.3586901713262853	1317.8243524360475	30663.00681224311	74056.53698564858
0.0001425	-0.0011316152607541148	-0.007027516805599633	-0.0016328238304351152	0.0028371850868381993	0.0007426586609228869	0.30118870067382386	1787.3113797654903	0.3583745312390869	1248.993387594383	27601.587567219674	70166.35711312496
0.000143	-0.0006609534793002727	-0.006521490630026723	-0.0018575231245202464	0.0028365063086283272	0.0007455209287679424	0.30094099166461374	1658.6135243096326	0.3580201220919075	1159.4687255155518	25145.77106723012	65113.93044150947
0.0001435	-0.00020751484507031318	-0.006347742645983736	-0.002062845161137209	0.0028354821759420464	0.0007482641933529323	0.30066038234240705	1614.4241245996384	0.3576187925700426	1129.0307500347053	22668.446818082113	63379.14083754416
0.000144	0.00037112078273693485	-0.005986432138894602	-0.002378220147495584	0.002834070423362504	0.0007508608800390669	0.3003388406065934	1522.5318675174944	0.35715911914205045	1065.2564116406986	20039.91661421079	59771.63013775619
0.0001445	0.0008874716815159315	-0.005688703983081279	-0.0027106622779707874	0.002832341637734964	0.0007533039652220542	0.2999873067461793	1446.8105372550422	0.35665681088339346	1012.7857408119092	18203.67649269921	56798.95846989425
0.000145	0.0013218836454377623	-0.005295814180493019	-0.0028528907074321214	0.0028304053786384724	0.0007555630045071569	0.2996184862615355	1346.8867043301207	0.35613007278160763	943.3345488129416	15286.36518791594	52876.14377487328
0.00014549999999999999	0.0015467201032199837	-0.00486120295187657	-0.0029842491515864942	0.0028283368303337005	0.0007576331676041591	0.29922765068683693	1236.3518431311995	0.3555721960271108	866.4011856887099	14353.032423601398	48536.760815564405
0.000146	0.0015682560045482388	-0.004446595359428205	-0.003201312676950118	0.0028262387994197353	0.0007595450468691602	0.2988147358663674	1130.9045153454206	0.354983141367471	792.9735813023965	16305.281201237141	44397.10449053586
0.00014649999999999998	0.0013298414975323725	-0.004149532462561055	-0.0033336864819762894	0.0028242336644663762	0.0007613357815453115	0.2983822403268699	1055.352380677639	0.35436652514144185	740.4539729967495	20007.423200440015	41431.07511156216
0.000147	0.0008406859027682932	-0.003901909097194208	-0.0035112070571846313	0.0028223532089820323	0.0007630118533320704	0.2979334236345187	992.3742233769923	0.3537270413257106	696.7127734796384	26663.862383028907	38958.67554788706
0.00014749999999999998	0.0005109549904824393	-0.0036339890013721288	-0.003591993316422674	0.002820563917527269	0.0007645670018822334	0.2974753339780254	924.2339898667569	0.35307476661558734	649.2971750573005	30762.67783307006	36283.62294520166
0.000148	0.0002840386029535831	-0.003358218071585145	-0.0036579656859996837	0.0028188564575037964	0.0007659930237592763	0.297018776074998	854.0970503685767	0.35242509602743644	600.4141898188361	33687.03044495343	33530.183561686594
0.0001485	0.00016726954326719525	-0.003053413957912433	-0.003567751009982308	0.002817185640654676	0.0007672807984200789	0.29657429838008675	776.5760886922585	0.3517930204856622	546.2635800495999	33952.16312538391	30486.861876213352
0.000149	0.00031047227815644954	-0.002736635546166385	-0.003466778191715009	0.0028154535368418725	0.000768426357500822	0.2961340808349122	696.0096986230652	0.35116739669450003	489.8975062691395	31514.188299421796	27323.982614709374
0.0001495	0.0005102492346868719	-0.0024139890073679444	-0.0035003277217732533	0.0028136513158617754	0.0007694534778183417	0.2956979161460833	613.9508652700237	0.35054791847621625	432.4068737935929	29854.487826197907	24102.512942149355
0.00015	0.0006898733064776214	-0.0022041151269200023	-0.0034026356337424736	0.00281187513390602	0.0007703986807261553	0.29527159142541914	560.5735507481635	0.34994278645676813	395.0521063077553	27085.620067991593	22007.023731437876
0.0001505	0.0005489057631689486	-0.0020456746804277917	-0.0033445954000137414	0.002810286950137093	0.0007712564427059996	0.2948716755034099	520.277323664792	0.349375472171062	366.8622775093248	27913.609154233312	20425.07248788097
0.00015099999999999998	0.0002625611534367384	-0.001810966141281982	-0.002984676605771507	0.0028089293827816735	0.0007720180037114331	0.2944975393836168	460.5837996864248	0.3488450199329364	324.94300399881604	27179.006499064453	18081.621218994314
0.0001515	-7.997985639035441e-05	-0.0016131390659815453	-0.0029365911883750704	0.002807783848598237	0.0007726919340790123	0.2941373538411048	410.2703543128814	0.3483346125994938	289.594517935838	30119.00320401481	16106.413532387991
0.00015199999999999998	-0.00046998642231805236	-0.001416964188382617	-0.002763887701427972	0.0028068781608026915	0.0007732821668256064	0.2938062425632075	360.37711309326835	0.3478656351802876	254.4960675895591	32288.669369648884	14147.702240902792
0.0001525	-0.0006982251479927822	-0.0012368206124289763	-0.002476447145622231	0.002806201427176926	0.0007738062003193257	0.2935079204379842	314.5611197345562	0.3474432877314146	222.23493963062285	31697.567723130847	12349.055744329959
0.000153	-0.0009804647852890208	-0.0011193213142486923	-0.002244949958037977	0.0028057409443603097	0.0007742776320013879	0.29324708792096627	284.6774725571147	0.3470741620362629	201.19663273304002	32204.206546740475	11175.882069371257
0.0001535	-0.0010771952935355533	-0.0010003141002501229	-0.001883117611429653	0.002805578070589935	0.0007747056950702558	0.2930324798642009	254.41031649932415	0.34677055454283834	179.85983055249096	29557.292882013604	9987.652584127187
0.000154	-0.0015869929303488706	-0.0009243288012246503	-0.0015133782296875308	0.002805773745119369	0.0007750624669250499	0.29286404592219073	235.08494262972405	0.34653233443253084	166.23701519579697	30955.706833031978	9228.976116428015
0.0001545	-0.001958513272524848	-0.0006797769199056779	-0.0011523426764289732	0.0028062252756301783	0.0007753364279882243	0.29273379301136276	172.8879571915421	0.3463481535612318	122.2778097168759	31060.392380400463	6787.243835739511
0.000155	-0.002133091720730584	-0.0005519976803035633	-0.0009091058851426955	0.0028068539851896623	0.0007755695790981452	0.2926324670107915	140.38980807908993	0.3462048995190285	99.3071921977343	30374.87202482535	5511.429916600758
0.00015549999999999999	-0.002297327867184387	-0.0004962885684191938	-0.0006945307384057316	0.0028076790150744573	0.0007758004678413732	0.2925579815637147	126.22128562913662	0.34609960556328645	89.2942410750993	29872.261448672543	4955.20137285412
0.000156	-0.002590988424566168	-0.0005418257025906037	-0.0004843136863247847	0.002808775473469571	0.0007760337402543556	0.2925154302943813	137.80276460071542	0.34603945930594304	97.49332961778181	30705.404499578373	5409.867637847391
0.00015649999999999998	-0.0030123092107122206	-0.0005070059449141155	-0.00018912426145562542	0.0028102284591802174	0.0007762098204786663	0.2925163605310006	128.94704061492928	0.34604077415756057	91.22792159300705	31964.765150479572	5062.2091947150775
0.000157	-0.003505834312580289	-0.00028468009029041164	0.0002038466575125488	0.002812034308876875	0.0007763755825644655	0.29256749194560533	72.40281013106802	0.34611304899125517	51.220101561207585	32968.75004325856	2842.3930430728137
0.00015749999999999998	-0.0038043352244259204	-0.00046061387447709524	0.000605385016604999	0.0028140614777219966	0.0007765921598145653	0.2926669317302216	117.14812533422887	0.34625362321279984	82.86274293471266	31939.970956770387	4599.00680451838
0.000158	-0.003736369350552633	-0.0005131535381802069	0.0009683993975565697	0.0028161432146861223	0.0007768568863642959	0.292806400689939	130.510560661427	0.3464508184490098	92.29623314212861	27636.84151499507	5123.589940777627
0.0001585	-0.003416160575557472	-0.0006771011505000058	0.0012389070232036133	0.002818185668583243	0.0007771880101362917	0.29297698139086853	172.20742760467934	0.34669205546969717	121.75461529197386	21738.823898443236	6760.527572105513
0.000159	-0.003067355954414469	-0.0008116865156886743	0.0014607895772616685	0.002820176457805184	0.0007775674119881423	0.29317692144764496	206.43658157268277	0.34697488690164824	145.914140113028	16040.788412689422	8104.297364090049
0.0001595	-0.0027192115441307682	-0.0008941674438737549	0.001703563064243738	0.0028220808332957022	0.000777985167941773	0.2934025941753929	227.41399160766824	0.34729421541309974	160.69013651819736	10140.758949785979	8927.829547954043
0.00015999999999999999	-0.002271567126966435	-0.0009841329496422305	0.0018680478659436834	0.0028238339279274723	0.0007784627935015781	0.2936353892000417	250.2949574871421	0.3476237289088854	176.79950023059726	4028.944697561744	9826.09161978343
0.0001605	-0.0019263065103400881	-0.0011633511715009542	0.0018162841436269509	0.0028254186130924606	0.0007790292293253555	0.29385430248408445	295.87560513983755	0.3479336923611969	208.93128556941417	1098.5201297667295	11615.498903178104
0.00016099999999999998	-0.001734069556316209	-0.001383438698172935	0.0016483484056981238	0.0028268879503171216	0.0007796840956081379	0.2940634404168541	351.8505607104643	0.3482299044738374	248.384174315346	855.8842380318313	13812.966432577052
0.0001615	-0.0015623926080644928	-0.0015609492535975592	0.0016615744815335273	0.0028282626997187003	0.0007804036300799884	0.2942687221405541	396.9968968225489	0.34852074020686497	280.17312730081204	-990.2830466989172	15585.323492377864
0.00016199999999999998	-0.0013698172576501798	-0.0016741976542545534	0.001587318087149376	0.0028295593913098263	0.0007811690477873599	0.29446081805578705	425.7994113997041	0.34879297139414006	300.4181683912746	-2171.640608939009	16716.054011109205
0.0001625	-0.0014201169682431887	-0.001767247927705073	0.0014528891959240033	0.0028308322836675466	0.0007819643042084831	0.29464136436813565	449.46492757404985	0.34904890249146675	317.0339680780066	-327.21484621885287	17645.11599658901
0.000163	-0.0014456018047674056	-0.001808357484401419	0.0014045282201027344	0.002832128411869512	0.0007827542454837309	0.29482148014812115	459.92033885701505	0.34930428857649726	324.3259438049644	410.0998815401041	18055.575041470933
0.0001635	-0.0015314030199247196	-0.0017433501459918567	0.0014460753726101212	0.0028334503432618195	0.000783526113546462	0.29500612814910504	443.3869944450748	0.3495661686177256	312.5851139421645	851.9552978270034	17406.508202074037
0.000164	-0.001489888023230328	-0.0017270973087247581	0.0014762574459479157	0.002834716210749178	0.0007843102980241702	0.29518189396732686	439.2534033339422	0.34981551508646025	309.593751806235	136.09472303128712	17244.23148110255
0.0001645	-0.0014199042839868128	-0.001798726800464099	0.0013055014479115496	0.002835913779288544	0.0007850825593143925	0.29534147681323797	457.47096285803036	0.35004195778623226	322.3608130883657	1142.256998149758	17959.417319322023
0.000165	-0.0014389244890614585	-0.001673488670590229	0.0012201375267865534	0.002837083240785133	0.0007858044418231107	0.2954924411174008	425.6190952786093	0.3502562182721484	299.85186982855345	2184.482022788547	16708.975152053514
0.00016549999999999998	-0.001429931743589901	-0.0015722154023583054	0.0011691000394749422	0.0028382355358634883	0.0007864657836819079	0.2956261127981184	399.86222129536515	0.3504459740269568	281.6525071589954	2604.27843911695	15697.810539951512
0.000166	-0.0016354232318536086	-0.0014012878184365464	0.0009464557065467194	0.0028394117463808096	0.0007870465044254659	0.2957418794454659	356.39013516449273	0.3506103415082731	250.990646775122	6879.007586507547	13991.18126737812
0.00016649999999999998	-0.0018208336730854192	-0.0012097294313913201	0.0008857259094770032	0.0028405858348519416	0.0007875643409458533	0.295830739926693	307.6710079782516	0.35073652548135864	216.65246603405396	9336.598843608914	12078.563401744617
0.000167	-0.0020517127759925955	-0.0011185498703570663	0.0005206250890668263	0.002841661655023966	0.0007880448016389913	0.29588290406169576	284.48127089947445	0.35081060719748663	200.308126314576	15287.17018886948	11168.179575148912
0.0001675	-0.0019597779904093103	-0.001041681482773592	0.0003049509413153073	0.002842670836902156	0.0007885056680861579	0.295923432767987	264.9313007360882	0.3508681684653185	186.53192077457706	16522.647885333812	10400.685895219967
0.000168	-0.001936244090602884	-0.0010304508747618353	0.0003364768989942872	0.002843683861706068	0.0007889236219408894	0.2959705365375333	262.07501535728926	0.35093507219065906	184.50853244891007	15972.90183281062	10288.55370483907
0.0001685	-0.0018729961425037365	-0.0008487393150866714	0.0004090112237557007	0.0028445763169338617	0.0007892926510671939	0.2960149859870731	215.8602360224934	0.3509982099641203	151.96237128112872	14617.181496492909	8474.251649013173
0.000169	-0.0014361517947237552	-0.0008104771416326892	0.0002944682857156592	0.002845202839432496	0.0007896720294419139	0.2960383117399782	206.12900094748485	0.3510313443901175	145.10691950634308	11399.15777069314	8092.222348939892
0.0001695	-0.0010116325956950772	-0.000895271260837632	7.469689814202563e-05	0.002845600642912067	0.0007900966693359791	0.29603978585908003	227.69472585210912	0.35103343842544615	160.2880279696088	9354.849880139529	8938.850626582158
0.00016999999999999999	-0.0007536279932444879	-0.001013980476195028	-5.1366742349383614e-05	0.002845905345054402	0.0007905634865670167	0.2960353427822152	257.88609178697897	0.3510271268999448	181.54269420605482	8037.483175687071	10124.104739492841
0.0001705	-0.000686682008003604	-0.0010849075974216412	-1.895164327195146e-05	0.0028462426726196368	0.000791003239105911	0.29603612689177533	275.9250171156699	0.35102824074847216	194.24124373620018	7045.410795316376	10832.277747777494
0.00017099999999999998	-0.0008175892313731354	-0.0008922931095372011	3.136135845279749e-05	0.0028466467664433263	0.0007914406797233499	0.2960327508250235	226.93729134755097	0.35102344496450477	159.75642072515564	7850.105126701845	8909.115225947266
0.0001715	-0.0010527152918610493	-0.001074512813237185	-8.479270140768468e-05	0.0028470776739715317	0.0007919321882799195	0.2960089989760403	273.28130717131495	0.35098970554221426	192.3875809966702	11357.467265127061	10728.490854145415
0.00017199999999999998	-0.0012606255691507548	-0.0011353915751927553	-0.0002911160948705148	0.002847542775982127	0.0007924640000697623	0.2959636124490373	288.7646289532742	0.35092523729765146	203.30080622075732	15493.390162834454	11336.335854042927
0.0001725	-0.0015488607596768698	-0.0012557228672387818	-0.00042719407731995105	0.002848122772749295	0.0007930343315861131	0.29591108674105376	319.3685383518796	0.3508506335560985	224.863847097273	19729.952016245108	12537.785618326316
0.000173	-0.0018901998392104053	-0.0013085826855269832	-0.0004041043902526003	0.0028488567766418818	0.0007936123550600461	0.2958758081659647	332.8123987327694	0.35080052952714325	234.34126129005796	22907.518308939587	13065.565343305338
0.0001735	-0.0019683405996788073	-0.0012903071905212414	-0.0001542322135849128	0.0028496846595357553	0.0007941709927347721	0.29586340815868345	328.16438420670204	0.350782919142156	231.07255105901152	21192.863159772198	12883.09336287973
0.000174	-0.0019502076695634152	-0.0012214209013256324	-4.201658431853802e-05	0.0028505382730832428	0.0007947293645071276	0.2958633330996391	310.64450456855957	0.3507828125448831	218.73618603781946	19891.395825041007	12195.29707557015
0.00017449999999999999	-0.0018889690313321967	-0.0012891116491471168	4.0828661852028284e-05	0.0028514232047548286	0.0007953182885450993	0.2958767951626578	327.860321653447	0.3508019312647859	230.85406042162697	18452.787911769825	12871.156460369088
0.000175	-0.001876773822617169	-0.0013587889795797805	0.0001722287682606847	0.002852315564561761	0.0007959405228142353	0.29589926780060116	345.5813871505439	0.3508338475493402	243.32410772718188	17019.05812649037	13566.850911918724
0.00017549999999999998	-0.0017797612417567196	-0.0014388800001671985	0.00018343458596736388	0.002853127413124578	0.000796580617710088	0.2959161123542654	365.9509709555747	0.35085777133522406	257.66018231813234	15938.549746343748	14366.52102407179
0.000176	-0.0016038547638985148	-0.0014390933340687763	8.315585489635714e-05	0.002853823048070119	0.0007972300203920041	0.29591399751191777	366.0052282587626	0.3508547676602238	257.6991580544502	15183.44326484758	14368.651059920372
0.00017649999999999998	-0.0015573064569267558	-0.0014807293576064144	-0.00011662642141012089	0.002854409767974514	0.0007978892250301183	0.2958957948183444	376.59453608051103	0.35082891505384245	265.16179650272255	16713.410351604918	14784.36662163693
0.000177	-0.001368769071073023	-0.001483164562794701	-0.00017145862978008188	0.0028549080587644965	0.0007985272157062126	0.2958787723362271	377.21388286622346	0.35080473926249384	265.6043022955839	15378.428808234623	14808.68096788636
0.0001775	-0.0011410357958660485	-0.001385347848704294	-9.794779693241805e-05	0.002855274104284247	0.0007991467670486606	0.29586581537484774	352.3361157884207	0.3507863378258415	248.0919036046729	12370.652057399377	13832.028377453415
0.000178	-0.0007098293041704304	-0.0014002582454994323	-0.00010711563871758192	0.0028554752152103132	0.0007997916489991167	0.2958549878828502	356.12828343539604	0.35077096091475357	250.7659544548767	8156.80021693675	13980.901479456164
0.0001785	-0.000365760312193631	-0.0014992384840762144	-6.424573556500477e-05	0.002855529007287628	0.0008004645776396817	0.2958403826457485	381.3019701975852	0.35075021932689454	268.4974494307538	4293.402455301768	14969.1712992575
0.000179	-0.00010724771511827411	-0.0015263608386775654	-0.00016690414679316836	0.002855515288585129	0.0008011444725272135	0.29584131007395625	388.2000103397878	0.3507515363987567	273.3544107101416	2737.273773686128	15239.9748948022
0.0001795	0.00018360723671465834	-0.0015305598914799677	0.00018158209550598237	0.002855473217144561	0.0008018024667332666	0.29585743732847186	389.26795724985277	0.35077443953043624	274.10013698382215	-3646.2388931008322	15281.90040656127
0.00017999999999999998	0.0002607910730940281	-0.001427891724635941	7.365600560048045e-05	0.0028553725546804094	0.0008024357486044275	0.29585582453257386	363.1563181010463	0.3507721490936177	255.71440617504754	-3339.2923572123627	14256.808406327598
0.0001805	0.00016627921777685698	-0.0014194491150817663	-9.918093063190666e-05	0.002855279170974274	0.0008030642950544089	0.2958356982035353	361.0091055722809	0.3507435668201103	254.20972476747139	-669.9439514310584	14172.513032395107
0.00018099999999999998	-6.493999174487266e-05	-0.0014066004817764816	-0.00021934855007316027	0.0028552701014152014	0.0008036781071771641	0.29581048080290046	357.74130712280987	0.3507077556478586	251.9176790597534	2838.483620911328	14044.22564186253
0.0001815	-0.0002933851183346934	-0.0013532011241513197	-0.00017975480918970438	0.0028554088603057718	0.0008042936471954153	0.29580479439010443	344.16022546967616	0.35069968056340767	242.35598073736662	4724.073387160295	13511.058877500895
0.00018199999999999998	-0.00042049403017738884	-0.0014143693879091184	8.975875916438723e-05	0.00285568929426492	0.000804896089350167	0.2958244868683406	359.7171763698429	0.3507276454706234	253.30402725250573	3302.2317523756265	14121.794412903615
0.0001825	-0.0005287206510580638	-0.0012943109468801226	0.00022190437892340742	0.0028560102304060237	0.0008054484632857877	0.29585212955777057	329.1826612880652	0.3507669016382847	231.79326993249686	3063.412114726506	12923.06893408681
0.000183	-0.000476774520153673	-0.0011892543299935566	0.00021558282962472934	0.002856306605953512	0.0008059747082494535	0.29587309114644156	302.46356660992717	0.3507966708125691	212.9727361978704	2607.8727293873635	11874.12941512531
0.0001835	-0.0005240306144324187	-0.001176830734142211	0.00011616589322095732	0.00285659455515514	0.0008065050973295771	0.2958797950738352	299.3038681194128	0.3508061917657145	210.74590095543473	4072.33201627707	11750.085818041336
0.000184	-0.000664537236030868	-0.0012078869682735699	-1.0066141631949168e-05	0.0028568927243293823	0.0008070376824138668	0.29587263619634013	307.20241353895705	0.3507960246933132	216.30962559930757	6735.588518136691	12060.167298446107
0.00018449999999999999	-0.0007893810886278163	-0.0011867043348733123	-0.00010323388077026577	0.0028572320718706266	0.0008075035535528318	0.2958657703594675	301.815025251317	0.3507862738957274	212.51829029927399	8912.32884102122	11848.668946912523
0.000185	-0.0008450442277679877	-0.0009079299511033553	-5.428332267269006e-06	0.0028576384739550176	0.0008079043023392291	0.29587873677092735	230.91421600641593	0.35080468875230125	162.59160947198853	8491.55726170556	9065.241527712617
0.00018549999999999998	-0.0007769942799226102	-0.000893903384003334	0.00021064132967943858	0.002858049631060426	0.0008082980814132699	0.2959114393044496	227.34683314694902	0.3508511342932603	160.0723045291268	5654.760345385397	8925.193037835357
0.000186	-0.0005540697273704083	-0.0008765929627299949	0.0003069255351271801	0.002858379484526882	0.0008086956186906428	0.2959464305894367	222.944266239429	0.35090083280628154	156.96470642548894	2467.615251742325	8752.356851961575
0.00018649999999999998	-0.00037521662827091646	-0.0009108008925512367	0.00024686426999721703	0.0028585949370358685	0.0008091070383630937	0.2959724312440578	231.64438378294125	0.35093776342614325	163.08403233067253	1281.5362319401384	9093.906489811663
0.000187	-0.00018199422718573338	-0.0009390105247335034	0.00016463526370147645	0.002858746652079318	0.0008095198379677477	0.2960014272661642	238.8189517011836	0.35097895019286024	168.12820113942414	173.32085637696844	9375.566026243314
0.0001875	-4.1236156831148596e-05	-0.0009170052977247767	0.00029427047347193637	0.0028588715468128387	0.0008099109620448358	0.29604050458014763	233.22235282636044	0.3510344593942738	164.17908981627548	-2526.4252956529394	9155.854475298407
0.000188	9.814598940910189e-05	-0.0008415537402096919	0.0003241868968029579	0.002858891769778337	0.0008102831672676231	0.2960684143507392	214.03272566527176	0.35107410702180775	150.66439595838796	-4216.789647654728	8402.507158487088
