time	incid	trans	refl	U_in	U_out	eng_strain	eng_stress	true_strain	true_stress	F_in	F_out
5e-07	-0.0009110586464191238	-0.00028912947273881305	-3.32649305091031e-05	3.5319511516701327e-07	1.189019120371858e-07	8.656283331654747e-06	72.5052629995232	8.65632079752399e-06	72.50463537342364	9428.614283254752	2886.8179752990363
1e-06	-0.0008153263863213407	-0.0002454733407657139	-0.00010509599858794161	6.556757733644385e-07	2.2713198132304114e-07	2.2688535972438595e-05	61.55757475360424	2.2688793361151514e-05	61.55617810235507	9189.972438486151	2450.9326076879065
1.5e-06	-0.0007689668034753933	-0.00024114708908837265	-0.00011919373851013573	8.885664740463507e-07	3.360751347789674e-07	3.6668657595436785e-05	60.472676653467914	3.666932990710018e-05	60.470459201593826	8867.853537267461	2407.7370766702215
2e-06	-0.0005016050834637608	-0.00024867948604171466	-0.00010426274304636051	9.986057442350382e-07	4.417477440596906e-07	5.134434896523898e-05	62.36158274438114	5.134566713146009e-05	62.35838082951469	6049.297277295468	2482.944417921242
2.4999999999999998e-06	-0.000227724194887212	-0.00022644217738596379	-0.00013031163665790823	1.0353959444527702e-06	5.310441520576515e-07	6.996430650352525e-05	56.78511246200596	6.996675411977947e-05	56.78113953099283	3574.8146479666766	2260.9156439550347
3e-06	-0.00023530970423912836	-0.00017504935570753486	-0.00016730739058947334	1.046409085178556e-06	6.032903086485372e-07	8.618251201014195e-05	43.89728744442909	8.618622593616457e-05	43.8935042659267	4019.9370043601166	1747.783170751066
3.5e-06	-7.343694098401746e-05	-0.00014978140535118584	-9.192233840708608e-05	1.0612499650645979e-06	6.724862700183985e-07	8.396086859792006e-05	37.560820363810905	8.396439350899767e-05	37.55766672470791	1651.0324444162125	1495.4949048862904
4e-06	4.222033657781138e-05	-0.00016133516962793897	0.0001274328034485057	1.102894816164583e-06	7.404428255753287e-07	5.88621114350153e-05	40.458168425857956	5.886384387708583e-05	40.455786972639615	-1693.9045665411022	1610.8536543093528
4.5e-06	0.0001717128064684696	-0.00014420883024861194	0.0002737425309518256	1.1078732353475918e-06	8.001722878738872e-07	2.821713784839139e-05	36.163380595497465	2.821753595931964e-05	36.16236016840214	-4447.656141992399	1439.8554371335633
4.9999999999999996e-06	0.00029572874172265735	-0.00012434478715609064	0.00021608281962263943	1.0171045236638265e-06	8.587426267658827e-07	1.3877259692843511e-05	31.182056294608305	1.3877355982877398e-05	31.18162357311535	-5110.190951000638	1241.5225722118087
5.5e-06	0.00034158929822997847	-0.00013899721822546984	1.3123964481172986e-05	8.660972580468802e-07	9.184591909415175e-07	1.849201043981622e-05	34.856459869602645	1.849218141912965e-05	34.855815303582844	-3541.6404048042223	1387.8200111834658
6e-06	0.0002636029483025228	-0.00012949840706888015	-8.688555204006446e-05	7.376997239559084e-07	9.639930633873487e-07	3.1962935559353813e-05	32.47443428581343	3.196344638491402e-05	32.47339630756302	-1764.4377491026505	1292.9789749824097
6.5e-06	9.83762149917655e-05	-7.522947242631856e-05	-0.000128431997527672	6.877473127521595e-07	9.98173875144618e-07	4.5631816883194264e-05	18.865363782933994	4.563285804624775e-05	18.864502922108414	300.09245499753655	751.1299045903388
7e-06	-9.226350511574007e-05	-7.84531540363235e-05	-9.004965877022484e-05	7.284214226081139e-07	1.0332747455219626e-06	5.314178658222301e-05	19.673769376269266	5.314319865699015e-05	19.672723877015805	1820.3087829620313	783.3168066389238
7.499999999999999e-06	-0.00021065246996307944	-7.936620932528127e-05	-2.998873937791418e-05	8.433989480919747e-07	1.0684383209749348e-06	5.502990926937775e-05	19.902737088318435	5.503142347043e-05	19.90164184250225	2402.686112013316	792.4332221867301
8e-06	-0.0003364851598291112	-7.873508650719061e-05	-1.9077291792457738e-07	1.0241974935479856e-06	1.1016085502425198e-06	5.1864303093057044e-05	19.744469840510043	5.1865648092480546e-05	19.743445807341825	3361.546387153358	786.1317660306801
8.5e-06	-0.0004258165881244998	-7.040379265141553e-05	5.078941842544732e-05	1.2439872203492917e-06	1.1312092741002506e-06	4.374430177917403e-05	17.655223640815393	4.374525858909744e-05	17.65445132538447	3744.464943187415	702.9478255194459
9e-06	-0.00043260558949436697	-6.268599526691875e-05	7.899964727549126e-05	1.4562956395350397e-06	1.1608325531779896e-06	3.108905198153578e-05	15.719824513776302	3.108953525616281e-05	15.719335799334852	3530.5843451391947	625.8893506146484
9.499999999999999e-06	-0.00031968854868018857	-7.050520467977525e-05	0.00012328025194560988	1.6628464266426435e-06	1.1889542439355044e-06	1.2699104097393294e-05	17.680654828158158	1.2699184731707365e-05	17.680430299681984	1961.0418686836792	703.9603755843258
9.999999999999999e-06	-0.0003150556330250046	-5.5934603914470945e-05	0.0001706623303161683	1.876923449871926e-06	1.2200014358387318e-06	2.6097143892729726e-06	14.02677191355198	2.6097177945672446e-06	14.026735307683483	1441.697305446326	558.4799726294049
1.05e-05	-0.0004027761401012044	-8.365874541442308e-05	7.40318725003482e-05	2.0590440569371177e-06	1.25781623559702e-06	4.791800742332502e-06	20.979180299486067	4.791812223023634e-06	20.979079771434336	3282.35254606498	835.2921193595846
1.1e-05	-0.00038119027264711485	-8.636289676546665e-05	-3.9153682449054715e-05	2.1683400986389687e-06	1.2980254606305363e-06	9.090571140742034e-06	21.65730281339196	9.090612460227437e-06	21.65710593614002	4196.931132220121	862.2917629938871
1.15e-05	-0.00033211700902800544	-9.44244805227282e-05	-0.00018274037972759347	2.247709830828845e-06	1.3414744004382139e-06	2.3646439970027174e-05	23.6789135643684	2.36467195514622e-05	23.678353642360246	5140.602064867476	942.7827785911265
1.2e-05	-0.000257401686680394	-0.00010092919434255744	-4.991877176642437e-05	2.3350389676954552e-06	1.3783843714245792e-06	2.3512179502415994e-05	25.310106613543976	2.351245591798597e-05	25.309511517774055	3068.446171251638	1007.7292006953242
1.2499999999999999e-05	-0.00013309866533194408	-6.502418687397275e-05	5.206477396251186e-05	2.439501012809406e-06	1.4229210488344317e-06	7.656838889887032e-06	16.306174967110664	7.656868203665049e-06	16.30605011335603	809.0842209816107	649.2350631668737
1.3e-05	-8.315035704649609e-05	-0.00013522013754029244	0.00020136496883222288	2.6199238530690176e-06	1.478330352044202e-06	2.9810978727328272e-05	33.90927788274032	2.981142308339789e-05	33.908267013978694	-1180.3157354155883	1350.1076869681658
1.35e-05	-0.00012917998358727057	-0.000113909324574703	0.0003975158508146001	2.8548677848021038e-06	1.5289717908032196e-06	7.132095171663805e-05	28.565145774148508	7.132349517670355e-05	28.56310848076597	-2679.203879118486	1137.329524456611
1.4e-05	-0.00026367697506706844	-0.00011378302432563298	0.000265974264924971	3.008230831804647e-06	1.5828551504468123e-06	9.137476703729078e-05	28.53347334487666	9.137894196559402e-05	28.53086610539701	-22.937328365192773	1136.068477542762
1.45e-05	-0.00010533121754033936	-0.00012848554119190017	5.456336229888872e-05	3.0365406192139933e-06	1.6370086480389555e-06	9.44399739432052e-05	32.22043698108339	9.444443367833183e-05	32.21739408385446	506.89248553637714	1282.865998977109
1.4999999999999999e-05	2.70395714202716e-05	-0.00011499760956530785	-5.569485928633016e-06	3.0152391795605176e-06	1.6830174647334137e-06	9.259511249537473e-05	28.838055999158737	9.259939968745475e-05	28.835385736119346	-214.3684216671316	1148.1955238421674
1.55e-05	3.924722133940981e-05	-9.186569842909181e-05	-2.3918544233654454e-05	3.0205260283198597e-06	1.725464004087389e-06	9.058147534560583e-05	23.037245432440628	9.058557809516987e-05	23.03515868476146	-153.0494286427309	917.2345766980055
1.6e-05	-9.52034939660419e-05	-9.898101692960742e-05	-8.267175229515155e-06	3.0568877406389113e-06	1.7739374940179807e-06	8.944737324738896e-05	24.821560377293363	8.945137390219978e-05	24.819340153917715	1033.1045981596897	988.2775912779191
1.6499999999999998e-05	-8.641216824568183e-05	-0.00011896387271332193	-9.86016811036585e-06	3.079616412702583e-06	1.8302303227045914e-06	8.794998334996719e-05	29.8326794456998	8.79538511765039e-05	29.830055662039268	961.2327255469207	1187.796743468769
1.7e-05	-3.971381866777232e-05	-0.0001341380671997926	-1.4073921092811695e-05	3.1300818571943374e-06	1.8851840576234362e-06	8.917683191460315e-05	33.637926111235515	8.91808084046455e-05	33.63492638755274	537.0445721797088	1339.3037378587826
1.75e-05	-0.00016757743964062235	-0.00011294308395115425	3.368371212676099e-05	3.2133266695165396e-06	1.934009620112016e-06	9.63989095559865e-05	28.322840726975016	9.640355622954617e-05	28.320110436013408	1336.8641242464325	1127.6820790609474
1.8e-05	-9.126834249041329e-05	-0.00010658478259124744	8.175305607821079e-05	3.308839665532226e-06	1.9853430343424837e-06	0.00011413016490453537	26.728363664628883	0.00011413667824743461	26.72531315207621	95.00553366165839	1064.1975145706
1.85e-05	-5.4759881672635455e-05	-0.00012421880335797449	0.00020166106867793834	3.427587675372471e-06	2.0435926218120425e-06	0.00014075381857888233	31.150463222032332	0.00014076372532726195	31.14607867538333	-1466.73731744659	1240.2646849077125
1.8999999999999998e-05	-5.360187608916072e-05	-0.0001376810501697401	0.0002238880171369813	3.5335147506703483e-06	2.106717079878636e-06	0.00016211882830811732	34.52640319939088	0.0001621319709857932	34.5208058193585	-1700.224775650015	1374.6787095866298
1.95e-05	-8.116831748929175e-05	-0.00014613703404067557	0.00011760757433636911	3.5877058515711655e-06	2.1837297867853387e-06	0.0001703876812458249	36.64691802852334	0.0001704021988758432	36.64067384513565	-363.8283592337494	1459.1076196047618
1.9999999999999998e-05	-3.0315612933364623e-05	-0.00020012493166301156	1.4560716741199702e-05	3.6273716358894103e-06	2.2781827466502646e-06	0.00017568945555484935	50.185512620140464	0.00017570489075508598	50.1766955547515	157.3050201201662	1998.1506712467321
2.05e-05	-6.328547974629541e-05	-0.000224551318049672	7.018216783802233e-05	3.681292082762715e-06	2.367928379688676e-06	0.00018103224868331927	56.310939932397446	0.0001810486369987033	56.30074583631602	-68.86009566798273	2242.03632781662
2.1e-05	-9.375131197789061e-05	-0.0001789600056965329	1.5216356321317063e-05	3.7124626724949956e-06	2.4500220665901897e-06	0.00017953262164419555	44.877964728088536	0.00017954873955443605	44.869907669426844	784.1335562615393	1786.8291198769127
2.1499999999999997e-05	-7.036670194763843e-05	-0.00019014689289382523	-3.918620371222327e-05	3.7385419800069297e-06	2.544038621678139e-06	0.000179978840964728	47.68331068850676	0.00017999503909994175	47.674728701515676	1093.832788160006	1898.5247790667997
2.2e-05	-3.975789845084205e-05	-0.00023256720820744115	4.631851643865045e-05	3.831360351436504e-06	2.644502018523142e-06	0.00019655596231145145	58.32109205752988	0.00019657528196629254	58.30962869915746	-65.50459818873054	2322.071114918296
2.2499999999999998e-05	-0.00011260237520204	-0.00021913296790716683	0.00021864807758440624	4.023643730054753e-06	2.7364692698936356e-06	0.00023279647667324662	54.95217529873891	0.00023282357797920787	54.93938262594383	-1058.815059359844	2187.936721713931
2.3e-05	-0.0001726719814020231	-0.0001943671221297985	0.0003606156833089443	4.266068406616036e-06	2.8146653492306944e-06	0.0002788799399191339	48.74162144380266	0.00027891883416098076	48.728028383342846	-1876.5269824265488	1940.6617272751055
2.35e-05	-0.00018071756764956572	-0.00015721548324950835	0.00037597651757175594	4.51446937242349e-06	2.8843376851150113e-06	0.00032937071395059526	39.42507089514203	0.00032942496839770933	39.41208543139374	-1949.5661965343616	1569.7205779156102
2.4e-05	-0.00012909648023652867	-0.00015604295094235913	0.0004310615769734304	4.780550765033023e-06	2.9404995291527848e-06	0.00038416617724333586	39.13103389331035	0.00038423998797354844	39.11600107360798	-3014.9754741899746	1558.013409812568
2.45e-05	-0.0001914061089851045	-9.647006015881034e-05	0.00044478212187616786	5.058699971286479e-06	2.971018040464367e-06	0.00043514449084944	24.191885445428017	0.00043523919368737085	24.18135847975318	-2529.8369674830155	963.2069021071752
2.4999999999999998e-05	-0.000244368215586493	-4.0746253116615306e-05	0.00037004874306881876	5.2843790883956975e-06	2.976028883311813e-06	0.0004711076627710354	10.217975256829442	0.0004712186688512374	10.213161490387945	-1254.8592934653723	406.8316343155669
2.55e-05	-0.0001954919534323783	1.821666853402387e-05	0.00020478201162153927	5.395697611386401e-06	2.95244106160121e-06	0.00047985587095427605	4.56821067227448	0.0004799710386267341	4.566018589563633	-92.75673876481896	-181.8846265513386
2.6e-05	-0.0001651844348166137	8.783810918046599e-05	-6.495176741716334e-05	5.399587728662253e-06	2.9051770769988763e-06	0.0004730282921280819	22.027243183415436	0.0004731402053040644	22.016823674192096	2297.7986957963185	-877.0210456113374
2.65e-05	3.8562669749915285e-05	0.0001246686429223932	-4.417938202442365e-05	5.329921474242239e-06	2.8173408925367498e-06	0.00047202864298629196	31.263269902087515	0.0004721400835763906	31.248512743220317	56.080156071743346	-1244.7561154362695
2.7e-05	0.0002586901567377676	0.00027025748178340645	2.820111759731896e-05	5.262695942159505e-06	2.685560453822535e-06	0.0004901451027570032	67.77271652273267	0.0004902652631335184	67.73949805762851	-2864.470646529824	-2698.3902712546155
2.7499999999999998e-05	0.0003331382228879797	0.00032224933408215786	0.00026137006552910994	5.3171991493228965e-06	2.5392855144914326e-06	0.0005416051475410201	80.81076099825626	0.000541751868587876	80.7669934741229	-5935.877782397825	-3217.503775538261
2.8e-05	0.0002443370685095667	0.00033542717230703123	0.0005611607291429024	5.500699242035294e-06	2.3683759381791456e-06	0.0006128712772696132	84.11537957348791	0.0006130591596399228	84.0638276733707	-8042.506007084	-3349.078118004249
2.8499999999999998e-05	6.972466245700078e-05	0.00043301076772239954	0.000577948002007393	5.746405449127052e-06	2.171077120816421e-06	0.0006842248576261814	108.58650727627276	0.000684459046285328	108.51220968879151	-6466.698369331067	-4323.403131192631
2.9e-05	-3.3954189738169146e-05	0.00045407759827663315	0.0005625585288304935	6.067672028658319e-06	1.9591724055452122e-06	0.0007565589086411381	113.86945569184621	0.0007568452437609466	113.78330674072043	-5277.858716573308	-4533.745247305709
2.95e-05	-0.00025433564743276637	0.0004986813190352695	0.0005936197200010738	6.537332686175284e-06	1.7368859887981465e-06	0.0008389914664915028	125.05477164641746	0.0008393436168130776	124.94985176016208	-3387.5874020897418	-4979.091830729147
2.9999999999999997e-05	-0.0005397454510106584	0.0005007554583956651	0.0007239717745280343	7.217902582235599e-06	1.518018359600613e-06	0.0009349112560518239	125.57490547573137	0.00093534855816053	125.45750408312446	-1839.4107567637911	-4999.801109282269
3.05e-05	-0.000987040543433515	0.0004833098804146414	0.000809197912030964	8.142791976040798e-06	1.321068993153447e-06	0.0010423323756330388	121.20006188849365	0.0010428759818020196	121.07373114005856	1775.6726778634152	-4825.615449037955
3.1e-05	-0.0014544108401535623	0.000402207296026221	0.0009078075671624202	9.306579116057863e-06	1.161557074114295e-06	0.0011606104418173597	100.86189243340145	0.001161284471690739	100.74483106786178	5457.569368078783	-4015.8453614785994
3.15e-05	-0.001887628576449758	0.0003149848772936485	0.000982733962274333	1.0808261498892847e-05	1.0489240370047473e-06	0.0012957413812939114	78.98904650816914	0.001296581580022821	78.88669713193956	9034.935156239537	-3144.9716872692925
3.2e-05	-0.002704269989775062	0.0001914320297237312	0.001177181745124093	1.2776491777274274e-05	9.914293992083688e-07	0.0014629073854439114	48.00558562976423	0.0014639784791877952	47.93535790400389	15247.237691705854	-1911.3562488790894
3.25e-05	-0.00347326128353951	6.707344424841976e-05	0.001494778351543986	1.5259363422862084e-05	1.0081627132437203e-06	0.0016770478289690166	16.82006911799239	0.0016784556478859787	16.79186105759495	19754.195370689715	-669.6959071221071
3.2999999999999996e-05	-0.004267349900565507	-0.0001423092130370323	0.0019280151948547536	1.826042300863621e-05	1.124015710046814e-06	0.0019424517268787442	35.68701184547236	0.0019443407328327163	35.61769154768598	23357.125839562057	1420.8886778453139
3.35e-05	-0.004983732108480387	-0.00037858516942247184	0.0023141668703373073	2.173717440635559e-05	1.3560705182992837e-06	0.002251368605077979	94.93815008438095	0.002253906745618183	94.7244093138568	26654.3180212785	3779.989849937252
3.4e-05	-0.005710633639997656	-0.0006647719242820101	0.00262352112389731	2.567058418361795e-05	1.720078296549293e-06	0.0025936770723478785	166.7054650229572	0.0025970464800904704	166.27308488049206	30823.325684613843	6637.42621017763
3.45e-05	-0.006503217390357662	-0.0009718677146930781	0.0028478937726151977	3.0110990051247102e-05	2.2393533866439502e-06	0.0029677025299182933	243.71615797958685	0.0029721148909503566	242.99288092096887	36496.63877319936	9703.629179731652
3.5e-05	-0.0074832122325879736	-0.0013628796362208566	0.0031304814529444936	3.513031198484808e-05	2.9185625095375315e-06	0.003376069168535218	341.7705760842781	0.003381780949251687	340.61673497964745	43459.912050070896	13607.694140422456
3.5499999999999996e-05	-0.00855721544963116	-0.001690957781829175	0.003396798831962032	4.072671452778802e-05	3.7498254793497813e-06	0.0038166349466324818	424.0430334937497	0.0038239368829285263	422.42461603324136	51524.26458224326	16883.395780498555
3.6e-05	-0.009563195892213824	-0.0020465390742749625	0.0036451483930078485	4.691826323312551e-05	4.75294596380981e-06	0.004297549689064391	513.2124802550009	0.004306810698351866	511.006924120057	59088.84257819871	20433.703042463014
3.65e-05	-0.010588159085365827	-0.0024636578106047493	0.004041731533394148	5.3802964415628525e-05	5.942515596000585e-06	0.004837440888654036	617.8137282465552	0.004849179176645629	614.8250908559636	65362.91354875694	24598.431924871416
3.7e-05	-0.01173705278325193	-0.0028848455173303574	0.004587820564718811	6.148414773892542e-05	7.307852746640354e-06	0.005448326868169128	723.435355675362	0.005463223132114477	719.4938433896524	71381.62665517107	28803.787509111175
3.75e-05	-0.01303450402690468	-0.0032539378681378343	0.005176503043888052	7.00178939890621e-05	8.84008231242968e-06	0.006134611487520326	815.9929829311044	0.006153505527935793	810.9871830042792	78458.34003986925	32488.99615547747
3.7999999999999995e-05	-0.014365155550331021	-0.0036352216312452975	0.005792982810532572	7.945447289694711e-05	1.0534744215191391e-05	0.006907852936381037	911.607861828379	0.0069318226022067	905.3106087832198	85588.9996900222	36295.930158440926
3.85e-05	-0.01570388325236605	-0.003984260727221731	0.006566409919772174	8.987044264628164e-05	1.2385103174056823e-05	0.00778559637987803	999.1367159820632	0.007816062368992883	991.35784078311	91233.25275516456	39780.916752170604
3.9e-05	-0.017098313447033414	-0.004335261544997088	0.0074633293687947615	0.00010128543093576009	1.4368075598201356e-05	0.008772858667911108	1087.1575129100881	0.008811566745796294	1077.6200336995703	96200.65697662623	43285.49018946218
3.95e-05	-0.018445101864531018	-0.004580512969360777	0.008316945167184288	0.0001136770091781363	1.64671638071759e-05	0.009866314060391028	1148.6594374840677	0.009915308667446967	1137.3264027254177	101124.74710234167	45734.20706918465
3.9999999999999996e-05	-0.01979184759839643	-0.00485733746622362	0.009160706410652265	0.00012704344331666807	1.866691154591084e-05	0.011057095210838922	1218.0789703999756	0.011118679269397252	1204.6105552499423	106146.80401830206	48498.16581049456
4.0499999999999995e-05	-0.02127257394330322	-0.00503309499175182	0.009872587673510236	0.0001414069133770693	2.0952172217559067e-05	0.012352410786972277	1262.1538462396977	0.012429335943595052	1246.563203454588	113823.35038368701	50253.01971446592
4.1e-05	-0.022603822343757417	-0.005241817864757107	0.01083157134266913	0.00015674355073317685	2.3309072837637943e-05	0.013766960912758242	1314.4954724942286	0.013862604346617284	1296.398864704403	117540.23371520381	52337.01667243788
4.15e-05	-0.023742266460106482	-0.0053552001398875695	0.011778417512752775	0.0001730073017263435	2.571230459621441e-05	0.015307360118474281	1342.92844959596	0.015425727234302257	1322.3717602046502	119453.24656052189	53469.08386305113
4.2e-05	-0.024760724127069967	-0.005450130385298699	0.012843126990513744	0.0001901990947324198	2.8166272143246592e-05	0.0169885486169502	1366.7341942851604	0.017134509479579545	1343.5153639790985	118991.44459500274	54416.91645948781
4.2499999999999996e-05	-0.025664539918978133	-0.00558331670074919	0.014028775617591837	0.0002082206320825861	3.066289215176628e-05	0.01879725534068659	1400.1334487375027	0.01897616935414738	1373.8147827905477	116177.48001750353	55746.71741635411
4.2999999999999995e-05	-0.0264531579348329	-0.005641902960890126	0.014881362044503441	0.00022688859261519654	3.3184266359533814e-05	0.020708098606979055	1414.8251789144344	0.020925518081249754	1385.5268395978376	115538.78636534512	56331.67289418319
4.35e-05	-0.026938428810636225	-0.005694615706267207	0.01566131309139854	0.00024606622948142873	3.5732582431786485e-05	0.022713767188426597	1428.0440024082422	0.022975698699043895	1395.6077434027127	112596.54735105962	56857.98416726251
4.4e-05	-0.02722907192964159	-0.005763038073926202	0.016397037791714943	0.00026565364905685375	3.830925860277288e-05	0.02481333629093139	1445.2023422868162	0.02512637635047528	1409.3420505592117	108152.62298308653	57541.148422360566
4.45e-05	-0.027279986212022597	-0.005822127436857144	0.01716220704766121	0.00028555623958077396	4.091504068659684e-05	0.02699770991346511	1460.020236011724	0.027368843164230727	1420.6030332120906	101021.1324535908	58131.12713826999
4.4999999999999996e-05	-0.027290628407001288	-0.0058939031090294155	0.01775254242728105	0.00030564262817449404	4.355872556302809e-05	0.029244184999721166	1478.0194871379458	0.02968032017426211	1434.7960118228907	95233.17631847845	58847.772517426
4.5499999999999995e-05	-0.027113751088653364	-0.005992544709551557	0.018154828925862326	0.0003257014192480929	4.624982471670304e-05	0.03152493445689436	1502.755931751507	0.03203254190470361	1455.3816494983314	89450.50566399156	59832.661200001865
4.6e-05	-0.02661870818219167	-0.006107085601896528	0.018300379602037807	0.00034556986851879833	4.898599087603679e-05	0.03381510475495219	1531.4794563545297	0.03440006013964169	1479.6923181078441	83054.48850357994	60976.29662324687
4.65e-05	-0.026107361099668488	-0.006195173478161274	0.01830541044540562	0.00036513956451817293	5.176554158141032e-05	0.03610303864923962	1553.5693338586966	0.0367708766499687	1497.4807601541227	77898.70461067885	61855.81147241861
4.7e-05	-0.025311210074801006	-0.00630214975164905	0.018264633209313198	0.0003843227818306048	5.459051541938922e-05	0.03838039408245882	1580.3958720544308	0.039136326559687254	1519.7396556786905	70356.66259452142	62923.91783428368
4.7499999999999996e-05	-0.02453877328302015	-0.006399403452877096	0.01813632567244497	0.00040304412541776	5.746525851085178e-05	0.040626636377485106	1604.7842718893598	0.0414749538783725	1539.5872848110037	63925.34345613137	63894.949013533624
4.8e-05	-0.023731857260953008	-0.006525920610187027	0.01776732477536216	0.00042118964111001055	6.0391482459763545e-05	0.04281829335497817	1636.5110954394283	0.0437620344499931	1566.4384832762262	59552.972689204755	65158.16165127111
4.85e-05	-0.022822239852036345	-0.006630869968111764	0.01726384091662246	0.0004386373452104315	6.336143474635657e-05	0.04493878152359883	1662.8293421608137	0.04597983743927339	1588.1038176424192	55497.925578590744	66206.03024136435
4.9e-05	-0.02173193320914876	-0.00672253050445829	0.016629771608368666	0.00045533993690863664	6.63722394011685e-05	0.04698483951276719	1685.8151389096838	0.048124467283185465	1606.607385159819	50942.616408110094	67121.2163738751
4.95e-05	-0.020661772804791114	-0.006814549024352029	0.016074158418104965	0.00047132882978290056	6.94136322163947e-05	0.04895766321654958	1708.8907075209452	0.05019669925367606	1625.2274117882437	45805.11128725275	68039.97679900001
4.9999999999999996e-05	-0.019693591827143274	-0.0068600599717075095	0.015459204128130632	0.0004865909102217822	7.24602392820692e-05	0.05084616723285852	1720.3035295210996	0.0521843936489703	1632.832688567793	42278.31361535864	68494.381601299
5.05e-05	-0.018741658093721095	-0.006837993163409202	0.014726403284289086	0.000501096774276411	7.551477535554731e-05	0.05264372240029596	1714.769815769703	0.05408003944162942	1624.497949607916	40090.377675697244	68274.05519095557
5.1e-05	-0.017747231731862996	-0.006895710112294019	0.014005489323747181	0.0005149046295888553	7.85858844875172e-05	0.05435561226403691	1729.2435479658116	0.055888692086875184	1635.2494561624944	37359.48860684032	68850.33101625208
5.15e-05	-0.016972557746027617	-0.006912508396564599	0.01335713999233056	0.0005281533324638797	8.16625661558553e-05	0.05599377944544653	1733.4560691157374	0.057622523287845874	1636.3933123033	36098.19801738545	69018.05376179972
5.2e-05	-0.016411563135892513	-0.006920765164561635	0.012827115369005203	0.0005409485875029887	8.473989117223977e-05	0.05756331639736268	1735.5266263974988	0.05928654111804065	1635.6239580861322	35788.97767478169	69100.49359764879
5.2499999999999995e-05	-0.016030757538981824	-0.006915400996605697	0.012260163154461299	0.0005533117269466395	8.781846154075179e-05	0.05905898982199618	1734.1814490804484	0.06087482980171324	1631.7624445297115	37647.56163972433	69046.93497447889
5.3e-05	-0.015649324601932142	-0.006926364475285647	0.011646490166518668	0.0005653181423587729	9.090659748203244e-05	0.06049016951356083	1736.9307706821155	0.06239699665335491	1631.8635339302346	39966.36624705598	69156.40000765343
5.35e-05	-0.015457726445695983	-0.006958409406035736	0.011229303548040147	0.0005770924253547477	9.399743611094568e-05	0.06187630100439226	1744.9667073503074	0.06387346340884834	1636.9946221236567	42218.757958120346	69476.35314570705
5.4e-05	-0.015325663267021748	-0.006938516209329739	0.010926445469644379	0.0005887543437536146	9.709336082875868e-05	0.06323354655266025	1739.978072171034	0.06532127706724712	1629.953087743799	43924.06244311461	69277.72919605211
5.4499999999999997e-05	-0.015414225712641833	-0.006981277309410474	0.010767594325063927	0.0006004424237179661	0.00010020634603948309	0.06456494374886766	1750.7013124485943	0.06674355710895052	1637.667380689282	46394.367503191905	69704.67810301512
5.4999999999999995e-05	-0.015856446789372914	-0.0070152230288749685	0.010513288705972908	0.0006122510993920856	0.00010333910456707593	0.06587394560477225	1759.213911645649	0.06814388798057065	1643.327550122745	53348.84975201926	70043.60969724621
5.55e-05	-0.016314408387038213	-0.007070181437603544	0.010409630061069259	0.0006242788357462265	0.00010649128819375772	0.06718798413774701	1772.9958821973	0.0695515819698901	1653.8718629879372	58956.356299801926	70592.3428329885
5.6e-05	-0.016760874512749227	-0.0071025615118956486	0.010593794310086526	0.0006366390846271512	0.00010965578434708058	0.06853208760742106	1781.1158631188366	0.07099353677742201	1659.0522747486093	61575.3137012088	70915.64221724881
5.65e-05	-0.01732888601129107	-0.007125540609469479	0.01089018417599124	0.0006494167251567631	0.0001128448453870107	0.06991632158541952	1786.8783524883909	0.07248072009263248	1661.946390961788	64287.32435909588	71145.07739486631
5.6999999999999996e-05	-0.017996096002103265	-0.007213009336229718	0.011235235238504086	0.0006626458869755745	0.0001160550525289719	0.07133796875276652	1808.8129653035762	0.07401040480116557	1679.7759225051507	67503.92547660896	72018.41033562839
5.7499999999999995e-05	-0.018760993332715418	-0.007220617008551527	0.011488191824356592	0.0006762949433971544	0.00011927405927449172	0.0727860459952836	1810.7207482676647	0.07557093745301847	1678.92554459964	72615.40626153459	72094.36926503378
5.8e-05	-0.019461557166899474	-0.007252573820429728	0.0116576901901877	0.0006903516742613238	0.00012250564863328542	0.07425579395128341	1818.7345872855512	0.07715731786453132	1683.683006520003	77917.83816368392	72413.44257876191
5.85e-05	-0.020247583651047188	-0.007277190534933227	0.011834573745648924	0.0007048386512670156	0.00012574537291318676	0.07575651462058826	1824.9077433541913	0.07877972973834432	1686.6590932135548	83999.83575251844	72659.22856954431
5.9e-05	-0.020900951626427553	-0.0072891497815498335	0.012152754090634422	0.0007197468524896697	0.0001289916663529198	0.07729877788746217	1827.9067745944158	0.08044979990241886	1686.6118148260546	87346.52216036142	72778.63586405781
5.9499999999999996e-05	-0.02147746635168316	-0.007306726572396551	0.012498585328511834	0.0007350089610809249	0.00013225362819492114	0.07887997905193077	1832.3145225523	0.08216493531268325	1687.7815913968261	89649.78523368228	72954.13162131743
5.9999999999999995e-05	-0.0218697997496477	-0.007359597529548584	0.012775132481205887	0.0007504988645275756	0.00013553243991779382	0.08048836424755651	1845.5730209579874	0.0839125805834141	1697.0258674016577	90805.85490369197	73482.02256246556
6.05e-05	-0.022067163899298067	-0.007382486445107314	0.012933091416563156	0.0007661945285817525	0.00013882205748724517	0.08212117609483219	1851.3128953009214	0.08568989717772997	1699.280903019281	91199.2969138207	73710.55731627025
6.1e-05	-0.022404501248946763	-0.007408182416740942	0.013165564966780865	0.0007820574194185758	0.00014212081774644226	0.0837839207096328	1857.7566976697226	0.0875030477049229	1702.1065578143732	92246.31124372606	73967.11916761684
6.149999999999999e-05	-0.02234060184551639	-0.007423593501985956	0.013411532956254009	0.0007979460875767456	0.00014543262908909025	0.08547144151328122	1861.621349647998	0.08934658311315397	1702.5058893416833	89152.43516350717	74120.9914016812
6.2e-05	-0.022124380938359584	-0.0074668622631162375	0.013561584410359297	0.0008137466377328812	0.00014876335522732412	0.08716524996840676	1872.471896552459	0.09120041144856984	1709.257415630647	85495.38274913153	74553.0090587419
6.25e-05	-0.021843907602503876	-0.007508637575406251	0.013512033975789291	0.0008294074605621457	0.0001521175043926607	0.08885280002129908	1882.9479299218099	0.09305081411773625	1715.642734053948	83189.72924371397	74970.11535129715
6.3e-05	-0.02159617709220827	-0.007572176096807931	0.01346155090700998	0.0008448680424197984	0.00015549515840854777	0.090522775670514	1898.8815431961345	0.09488532330619497	1726.9895152365114	81220.30892015752	75604.51676312412
6.35e-05	-0.021224497848285454	-0.00761431930095635	0.0132311269481461	0.0008600245912892538	0.00015889954230242519	0.09215788897898398	1909.449833144161	0.0966848020415924	1733.4789674103217	79809.94320354135	76025.29627798962
6.4e-05	-0.020786429314627076	-0.007692358083232231	0.012904315697491375	0.0008748311910204049	0.0001623302120609194	0.0937545915459484	1929.0196901341005	0.09844513935954768	1748.165237001486	78699.09303176375	76804.47578297205
6.45e-05	-0.020265020592467976	-0.007732504929250803	0.012617174553290547	0.0008892799417293485	0.0001657689199977471	0.09531787935981391	1939.0873515233204	0.10017164489560408	1754.2576572826795	76360.04454710566	77205.32262725996
6.5e-05	-0.01971157762243093	-0.007728499072716038	0.012370218544339536	0.0009033741850436546	0.00016922400249864015	0.09685157175695558	1938.082799206878	0.10186836671063275	1750.3764339085717	73299.92044395967	77165.32608681222
6.549999999999999e-05	-0.019144145629110196	-0.007806127698382645	0.012144125185792314	0.0009171501803286558	0.0001727098011350704	0.09835788579913059	1957.549800847812	0.10353760683186777	1765.0093410899121	69891.81923174474	77940.41037638433
6.599999999999999e-05	-0.018718293576384163	-0.007866603937447224	0.011932606409292707	0.0009306894707285397	0.0001762141792719168	0.09984507133826966	1972.7154827724648	0.10518838751524692	1775.749564664939	67751.80511054816	78544.23637985725
6.65e-05	-0.01838562856844996	-0.00788966422883653	0.01183837763214946	0.0009440704024590516	0.0001797279703170009	0.10132273276800409	1978.4983331895774	0.10683129980631885	1778.0314752938684	65371.1346431286	78774.4822384606
6.7e-05	-0.01815851875617739	-0.007908925941702474	0.011780374258893441	0.0009573053217412073	0.00018325110637802295	0.10278558811442924	1983.3286105872337	0.1084604132845662	1779.471012923851	63682.688621810026	78966.80112732976
6.75e-05	-0.017965790813072008	-0.007931680977996253	0.011601719084309486	0.0009703952899691637	0.00018679303821894305	0.10422962799961871	1989.0349119041339	0.11007118010243236	1781.7185429581118	63542.178833080936	79193.99916141189
6.8e-05	-0.017807538591407775	-0.007993434900754064	0.011479630325473732	0.0009833062819043384	0.00019034445312364145	0.10565100291246754	2004.5209997401262	0.11165920293051557	1792.7413457584798	63181.104143761324	79810.58221873142
6.85e-05	-0.017523357599452578	-0.007974318413254126	0.011239445056200701	0.0009960734426642818	0.0001939003106985635	0.10705950514553238	1999.7271406406692	0.11323533542723509	1785.6373425375887	62741.828127130946	79619.71333491737
6.9e-05	-0.017366604928106624	-0.008013409886524542	0.011273875053073016	0.0010088353666760426	0.0001974670677859458	0.10846481123925038	2009.5301452380968	0.11481037104933683	1791.5668373552633	60832.9616323039	80010.02279264569
6.95e-05	-0.017550898990643604	-0.008023324437860873	0.011188358372388655	0.0010216738946858578	0.00020104832384601677	0.10986078285859707	2012.0164263679774	0.11637740473448609	1790.9747266428344	63526.89143503893	80109.0147935082
7e-05	-0.01786023031889776	-0.008078599684228258	0.011124674004867602	0.0010346987672659497	0.00020464054808031138	0.11127123050355366	2025.8778505848409	0.11796318619901597	1800.455929300371	67251.27278375505	80660.9113998656
7.049999999999999e-05	-0.018157352288381105	-0.00807263917719941	0.011419741320043711	0.00104801504878271	0.00020822721038848808	0.11272626684531799	2024.3831287716562	0.1196017386955794	1796.1819760005828	67271.78751347447	80601.39861941543
7.099999999999999e-05	-0.018457753421599193	-0.008053592337414397	0.011837374049583774	0.0010616625939109973	0.000211829528488052	0.11423497817460439	2019.6067352935356	0.12130357593876716	1788.8970039659946	66101.28671212241	80411.22513435641
7.15e-05	-0.018788834539414673	-0.008143030224574547	0.012277675477034922	0.001075642985985083	0.00021545780355969663	0.11578811338996986	2042.0351562678527	0.12305855433040032	1805.5917580476057	65010.774734435494	81304.21918951429
7.2e-05	-0.019244223033358394	-0.008170299210051685	0.012547439780626946	0.001089890248947033	0.0002190962592973133	0.11736655811166431	2048.8734247605853	0.12484529266698047	1808.4042028899773	66864.1425155945	81576.48682344964
7.25e-05	-0.01958418660753384	-0.00818880419556256	0.012682219399235344	0.0011043238638765729	0.00022275383635736836	0.11895731159966075	2053.51393694552	0.1266491997359116	1809.2334396740457	68912.8050942068	81761.25015559772
7.3e-05	-0.019885350787100787	-0.00825627186262161	0.012744181531830085	0.0011188848769319605	0.00022642716874685735	0.12055881321758859	2070.4328656792213	0.1284685882373057	1820.8239365462434	71301.12186588194	82434.88218685555
7.35e-05	-0.019985193075929678	-0.008259642782585942	0.012854016137672258	0.0011335427229110715	0.00023010848214751614	0.12217110675132276	2071.2781943696837	0.1303035867437593	1818.2278449736582	71201.35341233901	82468.53919267426
7.4e-05	-0.02014823114470168	-0.008292155819009404	0.012916678138109153	0.0011482798947647552	0.00023380539345588171	0.12378380421797477	2079.4315183268222	0.13214241965764056	1822.0315743775689	72203.55991731679	82793.16613952168
7.45e-05	-0.020335399016730663	-0.008329773575286964	0.012860472549929688	0.0011630561404808548	0.00023751799892461625	0.12537989421149706	2088.864957562608	0.13396565171449343	1826.963290161305	74633.52623304809	83168.76124569951
7.5e-05	-0.020589365475486458	-0.008362719379721734	0.012651226405056566	0.0011778948613314325	0.0002412415887505868	0.12695153361694936	2097.1268071507743	0.13576420763538113	1830.8933427937673	79258.48009151897	83497.70917187272
7.549999999999999e-05	-0.021007112716127662	-0.008379161076146247	0.012469657467668796	0.0011927483005528994	0.00024497216433375395	0.12850775044846202	2101.2499064395643	0.13754830728990472	1831.2230078329746	85242.36232681248	83661.87156020719
7.599999999999999e-05	-0.02090205417953847	-0.008394128508370471	0.012404713949583842	0.0012075045152462062	0.0002487081052893053	0.13005597076556927	2105.0033031430034	0.13932640361633994	1831.23505508801	84841.83326486488	83811.31413338959
7.65e-05	-0.020697790300132274	-0.008403284684613996	0.012341842200967144	0.0012220765317203905	0.00025244964948759003	0.13158373666942977	2107.2994058554596	0.1410841132277897	1830.0130757517288	83430.1012098015	83902.73412566651
7.7e-05	-0.020400809020058686	-0.008419321621573906	0.0120777732161865	0.0012364098275349977	0.00025619914893645207	0.13307512957063428	2111.321003242162	0.14280296059373498	1830.3566871705098	83101.48785620592	84062.85518647039
7.75e-05	-0.020205843864793387	-0.008439052817084736	0.01176046076407135	0.0012505289740686078	0.0002599583324544173	0.13452692008341047	2116.2690132331745	0.1444790083544042	1831.5738608149572	84323.06645360631	84259.86163252807
7.8e-05	-0.02007095768848207	-0.00846286281027339	0.011444773688852975	0.001264455380147474	0.00026372986420743547	0.13593589487195915	2122.239867057958	0.14610831718040262	1833.7512915964867	86128.27600201724	84497.59290107587
7.85e-05	-0.02002361173390458	-0.008494572539921846	0.011076099687023678	0.0012781958307276277	0.0002675153361701947	0.13730172979664643	2130.1917450385263	0.1476902779979935	1837.7127336461997	89336.58117404729	84814.19921821784
7.9e-05	-0.019924412857314458	-0.008525540316637532	0.010755231605224905	0.0012917791819186501	0.0002713033738044003	0.1386336094637449	2137.957562801801	0.149235324378654	1841.5647889902762	91549.84099880634	85123.39749410115
7.95e-05	-0.01986000320514325	-0.00850610822635627	0.010533363179019534	0.0013052000153946062	0.0002750960596426585	0.13993483909908308	2133.084559703476	0.1507471241154324	1834.5917150566315	93121.99071756225	84929.37746912689
7.999999999999999e-05	-0.019683612323867554	-0.008546439416759049	0.01026532540544742	0.0013184028996999087	0.00027891219505504577	0.1412096940144144	2143.1984493029595	0.1522305009015064	1840.558052064721	94037.04062083032	85332.06490295044
8.049999999999999e-05	-0.01930163757083609	-0.008611541419902932	0.010111793017206836	0.0013313609836023332	0.00028275223207924503	0.1424705244454589	2159.52413832743	0.15369972670827076	1851.8556017872934	91756.15407283779	85982.07692394393
8.099999999999999e-05	-0.018807114481179263	-0.008653905047067695	0.010041159836728411	0.001344150663317201	0.00028660192495274096	0.14373827263365294	2170.147703957385	0.15517919330522004	1858.2144216306626	87523.81830377034	86405.05725604096
8.15e-05	-0.018433891727951734	-0.008654955727648501	0.010222365565470647	0.0013569192455846644	0.00029045502778593724	0.14502898109214934	2170.4111840900678	0.15668770663406947	1855.6386615104798	81988.11800795884	86415.54779357847
8.2e-05	-0.018345262808330487	-0.008669236794207651	0.010408153869807518	0.0013698171339723048	0.00029432018722335454	0.14634972590711037	2173.992460246305	0.15823368418149303	1855.829259565134	79248.19472255377	86558.13733749065
8.25e-05	-0.018535176303192617	-0.008709164229660053	0.010702462857565632	0.0013829245210138297	0.0002981980083700255	0.14770387365460358	2184.0050998466545	0.15982124640684342	1861.4190865178944	78205.85620694843	86956.79347337241
8.3e-05	-0.018753295457917485	-0.008726165949297112	0.010942062084527906	0.0013962356957016079	0.0003020801564633329	0.1490901774125286	2188.268636669975	0.16144912243080095	1862.0192774025763	77991.38807245396	87126.54742268215
8.35e-05	-0.018937461954503042	-0.00872861890289516	0.011216440428416878	0.0014097886109307146	0.00030597069184554014	0.15051489255480308	2188.8837660930235	0.16312486898886142	1859.4241612245794	77090.66639951787	87151.03897822072
8.4e-05	-0.019226238551831795	-0.008763876598072335	0.011556024754517474	0.0014235754655123876	0.00030987055492883385	0.15197162105604603	2197.725370642579	0.16484117801440443	1863.7334834300268	76583.37579606156	87503.07001553054
8.45e-05	-0.019477594825483377	-0.008770557801596779	0.011728137876466238	0.0014375539531312632	0.00031377969945501017	0.15346254278552768	2199.400822176815	0.16660082887289857	1861.8751794009809	77374.58034739313	87569.77860199283
8.499999999999999e-05	-0.01954131242540316	-0.008805607512179684	0.012102564955048203	0.001451706084712735	0.00031768191127268914	0.15500040298835957	2208.1902702389516	0.16841912853437824	1865.9198884769394	74272.2964480687	87919.73301370085
8.549999999999999e-05	-0.019508068448601614	-0.008739387188741423	0.012478396449841046	0.0014660316039932127	0.000321587581053364	0.15657871163012477	2191.584139008802	0.17028869685724154	1848.4287180937877	70187.8756746825	87258.55510533735
8.599999999999999e-05	-0.01967436972735014	-0.00882115509013601	0.012749087645781896	0.0014806072319427535	0.0003255217371333332	0.15817952637495714	2212.0891506196012	0.17218850169523336	1862.1819364754115	69145.59282978204	88074.96806148592
8.65e-05	-0.02027286402758933	-0.008867466338085231	0.012838131131737995	0.0014954618369051225	0.0003294648091420356	0.15978506193599906	2223.7026647334937	0.17409754122851537	1868.3881967218063	74232.21286291759	88537.36347822407
8.7e-05	-0.020853239948804843	-0.008861242591708977	0.012824544570172089	0.0015105357919842966	0.0003334175105640929	0.1613871526868108	2222.14193014778	0.17600612440910454	1863.5167711752556	80162.64103997026	88475.22238018076
8.75e-05	-0.02131416011860475	-0.008910761785430989	0.012783069724232085	0.001525720542522639	0.0003373828264562632	0.16298919222202674	2234.55990376468	0.17791829605754106	1870.3507900783447	85178.81233651869	88969.64758424203
8.8e-05	-0.021352213422688414	-0.008917959351748668	0.01282372594661866	0.0015408924806832478	0.0003413486403020495	0.16459282823957194	2236.3648440700613	0.17983604213375667	1868.2752294090208	85152.82345591825	89041.511803505
8.85e-05	-0.021231035562919484	-0.008913000667880954	0.012808587694231686	0.0015559117054623406	0.0003453180676721004	0.16618381987746178	2235.1213503696285	0.18174230844363154	1863.680346475533	84094.06925219022	88992.00174288217
8.9e-05	-0.02086769475941356	-0.008934206359096194	0.012621619794365838	0.0015706551699947707	0.0003493057512447085	0.16773946164970646	2240.439121000492	0.18360974012559295	1864.629068984928	82333.07109534094	89203.73031554863
8.95e-05	-0.0205561992792482	-0.008995083597278635	0.012243559948867389	0.0015851692525743356	0.0003533137307199531	0.16924493189757456	2255.7053618416326	0.1854202711311636	1873.9386614957516	82997.68409566114	89811.56010130828
8.999999999999999e-05	-0.02063829051777176	-0.009025460120000448	0.011819684545599618	0.0015995258858691758	0.0003573323176476785	0.170701670645386	2263.3229102987057	0.1871753220517712	1876.9699083007395	88049.5163512554	90114.85499196657
9.049999999999999e-05	-0.02062719913721816	-0.009042776471540916	0.011464641865228017	0.0016137341149208106	0.00036135338726373754	0.17211867800738975	2267.6653476529495	0.18888546579653553	1877.357785851756	91483.70376057233	90287.75038869002
9.099999999999999e-05	-0.020606101711278007	-0.00903662270053007	0.011184623140601558	0.001627756245027344	0.00036537345093318657	0.17349448888344307	2266.122160853784	0.19054869372567662	1872.962454809013	94068.90772527024	90226.3079608334
9.15e-05	-0.020448946642430587	-0.009038253567924018	0.010806162486347403	0.0016415027184223368	0.00036938977954179973	0.17482339263617283	2266.531134965608	0.19215784602515718	1870.288472435405	96278.53698213735	90242.5913831479
9.2e-05	-0.02011646067195162	-0.009019829244502243	0.010434865662056803	0.0016549456354929648	0.0003734009994885641	0.1761154489903905	2261.9108504867204	0.19372486688675444	1863.5534054770158	96666.04459026465	90058.63342295491
9.25e-05	-0.019673070935140615	-0.009015284172808197	0.010217198366573359	0.0016681318867962454	0.00037741380664562275	0.17738434310750412	2260.771078690346	0.19526618994548317	1859.7456859804151	94412.31516282081	90013.25307988195
9.3e-05	-0.019332670849015066	-0.009026965606520332	0.010064643417370775	0.0016811377020644759	0.0003814366613676492	0.17864250240274882	2263.7004425337714	0.19679682265374487	1859.3073307893285	92536.77230409747	90129.8865468821
9.35e-05	-0.01903338447294609	-0.009060459699497597	0.010045614342510358	0.0016940434671694616	0.0003854584785109235	0.17990490743417303	2272.0997869424987	0.1983349789037466	1863.3378850914044	89738.53867134522	90464.30886902445
9.4e-05	-0.018814965334277848	-0.009022300479521104	0.01013250672313298	0.001706911607693678	0.000389476507761152	0.18117705134165685	2262.5305643584297	0.19988739840365424	1852.6119481375947	86690.15078613328	90083.30750964023
9.449999999999999e-05	-0.018708553133813137	-0.009043428701047905	0.010201279295740205	0.0017198486746181365	0.00039350405140288936	0.1824602873622551	2267.8289078444873	0.20145579924046214	1854.0401936307528	84941.0155384804	90294.26258492848
9.499999999999999e-05	-0.018947574995723488	-0.0090650787694768	0.010309801644910126	0.0017329781281586619	0.00039754155124602735	0.1837558366146036	2273.2581153566966	0.2030417489403123	1855.5336685283899	86243.99006950359	90510.42804919247
9.549999999999999e-05	-0.019376742297727036	-0.00908819344191208	0.010398092422098422	0.0017463544515158242	0.0004015867821390159	0.18507190389878167	2279.0546029585735	0.20465539527606222	1857.2656284997483	89647.47733724087	90741.21687624365
9.6e-05	-0.01972958523157597	-0.009099838858112714	0.010637759249624585	0.0017599291991437878	0.0004056366068593363	0.186409853745545	2281.974934657613	0.2062985456111303	1856.592320837088	90777.48603200327	90857.4907258079
9.65e-05	-0.019919122799626942	-0.00910884805523459	0.01074786051243516	0.0017736384656441078	0.00040969565666538273	0.18776298159818103	2284.2341792809607	0.20796308682987394	1855.3395591106935	91570.6191280072	90947.44320262768
9.7e-05	-0.02009180119082943	-0.009141316381051257	0.010880362560297795	0.001787495309173666	0.00041376766281249575	0.1891296118061555	2292.376291118235	0.20964705490909363	1858.8200530654085	91971.76048878452	91271.62373568625
9.75e-05	-0.020366833793072834	-0.009167101924060018	0.010963680438614974	0.001801527406025152	0.00041784326283914204	0.1905091636099826	2298.842555382911	0.21134982601497154	1860.8919828858775	93885.9393025773	91529.07991390087
9.8e-05	-0.02067323219449997	-0.0091574750624128	0.011086899700902356	0.0018157535211919507	0.0004219249294524395	0.19190192174690918	2296.4284184601697	0.21307184385088282	1855.739391803448	95714.89442970177	91432.96035547035
9.85e-05	-0.021028084130650545	-0.009194378308741463	0.011174768783069413	0.0018300867876458534	0.0004260161581275167	0.19329530309309711	2305.682679380892	0.214797604684889	1860.0050470334581	98380.5891258371	91801.42142531328
9.9e-05	-0.021145040942491387	-0.00920046768585144	0.01109686099827691	0.001844427522100687	0.0004301170038883748	0.19468795892415905	2307.20971806249	0.21652544800651505	1858.0237672429196	100326.21789547385	91862.22091120775
9.949999999999999e-05	-0.02107325804877391	-0.009237618329259996	0.01116317224179848	0.0018587873981767806	0.00043420898110683824	0.19608536788721634	2316.5260189757905	0.21826219440475533	1862.289162324614	98947.41471125049	92233.15212126334
9.999999999999999e-05	-0.021155131406157497	-0.009160593241154846	0.0111728344540664	0.001873187604271908	0.0004382916420792092	0.19747611520777378	2297.210367002565	0.21999366143990756	1843.5661879118743	99668.4080771712	91464.0938623988
0.00010049999999999999	-0.02136106738037806	-0.009195730934120334	0.011056693397440413	0.0018875879239025023	0.00044239076158977635	0.1988402871291213	2306.0218784874583	0.22169495994090307	1847.4918260429765	102884.19148821998	91814.92673565258
0.000101	-0.02158041967314534	-0.009234593571974306	0.010748056661458111	0.0019018176397662175	0.0004464960223620368	0.20015604354205818	2315.7674978176697	0.2233386247673714	1852.252637691193	108155.90662855744	92202.95138240219
0.0001015	-0.02136787172398851	-0.009223343070237457	0.010282826083982228	0.0019156990460804215	0.00045060618509720724	0.201415135775139	2312.9461991808353	0.22491403741909943	1847.0838264322356	110678.82048637849	92090.62056279596
0.000102	-0.020920074913086843	-0.009256633614211453	0.009842343635322161	0.0019292210406551935	0.0004547249190718784	0.20263306987586802	2321.2944994193663	0.22644031702413006	1850.9234689160537	110605.7901162924	92423.0105465678
0.0001025	-0.02040976298139646	-0.00926188079157237	0.009624959744132404	0.0019424802735542668	0.0004588468867367853	0.20382851933180718	2322.6103388976267	0.22794068836391165	1849.1961125353764	107681.04527870804	92475.40107521779
0.000103	-0.020098046321061346	-0.009271172824459993	0.0094829519397935	0.0019555507213984058	0.0004629729030405165	0.20500374966547422	2324.9405105052997	0.22941788089927304	1848.3189881025514	105986.5844151493	92568.17753039188
0.0001035	-0.019884133782696052	-0.009280084146499591	0.00930177987167295	0.001968421131841471	0.0004671097219352144	0.2061540539170417	2327.175210904515	0.23086585912535795	1847.418607001303	105659.68665157317	92657.15277184306
0.000104	-0.019597060144469908	-0.009319743073878027	0.009084536621589624	0.001981163350571923	0.00047126219322521406	0.20728454354899162	2337.120516488945	0.23229094084166138	1852.6715570095507	104962.46399279944	93053.12798444468
0.00010449999999999999	-0.019624476831103344	-0.0093504599245087	0.008985065518069685	0.0019939252680638403	0.0004754311490259046	0.2084172601591792	2344.823409287792	0.23372086963391006	1856.1217387669249	106229.37722025737	93359.82088470571
0.00010499999999999999	-0.01965003332293703	-0.009393860181362795	0.009120132357800721	0.002006791145785045	0.00047961480314958043	0.2095747262993224	2355.7069314954897	0.23518415722381758	1862.0102960859058	105135.96935077701	93793.15146298327
0.00010549999999999999	-0.01969630601743751	-0.009416546034371233	0.009380658849315548	0.0020197383909114604	0.0004838106140906632	0.21075677964599163	2361.3958836564866	0.23668074156634872	1863.7156917477448	102996.74879108046	94019.65873541519
0.000106	-0.019622875963752555	-0.009448519258559872	0.009513131132043473	0.002032660514908642	0.000488014710271804	0.21194949619114056	2369.413838404511	0.23819310005001232	1867.2177690863582	100940.91352709918	94338.8959181268
0.0001065	-0.019412918028609265	-0.009453797854546074	0.009551098054257613	0.002045539831804984	0.0004922264294908831	0.21315402340104922	2370.737556760244	0.23972275924953654	1865.4053081088248	98465.50371168606	94391.60014655761
0.000107	-0.0192416279441993	-0.009482793707636576	0.00970191129170323	0.0020584864555899507	0.0004964553124599463	0.21437521306723	2378.008873427852	0.24127597084495558	1868.2227145109925	95249.45779762522	94681.10971857696
0.0001075	-0.01944921044109036	-0.009530968935099703	0.009817428630848243	0.002071664458326271	0.0005007039946787968	0.21561353954401088	2390.089819393645	0.24285344582882062	1874.7540936060757	96168.68387915348	95162.11606942485
0.000108	-0.02000803367695501	-0.009571814434555596	0.0099758238873917	0.0020852028122282855	0.0005049544444391725	0.21687403540477584	2400.33268274598	0.24446172160681767	1879.762847524888	100166.76362372986	95569.93863044705
0.0001085	-0.020715056733574273	-0.009538916096386746	0.01017178123785304	0.002099079184057027	0.0005092025271734524	0.21815724411054785	2392.0827363168437	0.24610163808125707	1870.2325588775427	105269.50757134652	95241.46463198651
0.00010899999999999999	-0.021164779393134478	-0.009561171890724895	0.010338863106096803	0.0021131693766567655	0.0005134618453929182	0.2194598198619348	2397.6638422707447	0.2477690603541789	1871.4729673565325	108091.53920027745	95463.67797655263
0.00010949999999999999	-0.021366870168962413	-0.009589432710363435	0.010481341625664142	0.0021273619688233054	0.0005177294780471647	0.22077829654181835	2404.7508339256055	0.24945967352762013	1873.8340412039931	108686.73875323577	95745.84859498321
0.00010999999999999999	-0.021371026498347587	-0.009598554975237653	0.010593021519817981	0.002141593568673759	0.0005219976542997309	0.22211583791726286	2407.0384326528865	0.2511776578137508	1872.3970742851354	107613.16795257648	95836.92999863563
0.00011049999999999999	-0.02123752755402154	-0.009591876819008855	0.010786069288761623	0.002155774278733897	0.0005262663111929766	0.22346447057105417	2405.363745291773	0.25291288157545494	1867.8504094193386	104352.75692386985	95770.25183794681
0.000111	-0.0209649359404978	-0.009600716015839027	0.010770303098775046	0.0021698019474489776	0.0005305438353876316	0.22480198834374196	2407.580358786085	0.2546367833517777	1866.3515070336334	101788.47925906527	95858.50694405839
0.0001115	-0.020727087002164846	-0.009631745684029419	0.010608410446350438	0.0021836454552420915	0.0005348312800669031	0.22611209225285198	2415.361697131224	0.2563282379122415	1869.2192102454835	101030.09247331115	96168.3231763887
0.000112	-0.020575097442008587	-0.009645320168088441	0.010332123398615627	0.002197304491918007	0.0005391233025862552	0.22738705316603816	2418.7657829459945	0.25797707140400106	1868.7697592630598	102271.14278211318	96303.8578357086
0.0001125	-0.020459395280168952	-0.00965232841600529	0.010046689280236047	0.0022108503259872752	0.0005434260360925122	0.22863067861165115	2420.523247702401	0.25958800404248233	1867.1173749849231	103965.83429343073	96373.8318022851
0.000113	-0.020566981773839404	-0.009693478550377155	0.009831261280197755	0.0022243294489081005	0.0005477467161025532	0.22984015653236423	2430.842504631954	0.26115719675899823	1872.1372828618214	107190.97781784371	96784.69599563554
0.0001135	-0.020705260522435164	-0.009733018888102523	0.009500879596045083	0.002237674968764195	0.000552088041806154	0.23102191405250824	2440.758071380341	0.262692806699841	1876.8894699909458	111870.32561574802	97179.48714789591
0.00011399999999999999	-0.020409359475976576	-0.00978630502957057	0.00938818193185329	0.0022508114852615967	0.0005564321257295528	0.23220216361330265	2454.1206859376634	0.26422881435806955	1884.2685528947754	110041.12843272294	97711.523503675
0.00011449999999999999	-0.019789649617838877	-0.009745420304017609	0.009476776566065503	0.002263673346521252	0.000560785052323476	0.23338825414634304	2443.867985820997	0.26577480414203136	1873.497903246095	102969.05058077762	97303.30928904154
0.00011499999999999999	-0.019081102395541293	-0.009826063150026952	0.00948154328750905	0.0022762892246451344	0.0005651637917243857	0.23457441798402262	2464.0908662612055	0.2673232834814259	1886.0781854482373	95846.95577903619	98108.4891111946
0.00011549999999999999	-0.01868249675020741	-0.009861478986363586	0.009477948258072234	0.0022887647676936695	0.0005695520243553837	0.2357562446511939	2472.9721280143285	0.26886848919805145	1889.9535059865989	91902.96578865664	98462.09911151166
0.000116	-0.018519457288013998	-0.009868746294707867	0.00941221850709309	0.002301234976183947	0.0005739519071504593	0.23693298581222652	2474.794557591671	0.27040942168847665	1888.4340937896282	90931.37537677817	98534.65967118612
0.0001165	-0.018739797768909487	-0.009913860065751172	0.009396662176354226	0.0023138530839901363	0.000578365969261167	0.23811585168615104	2486.1077793238255	0.2719607711877172	1894.1261080665672	93286.69097186782	98985.09886006462
0.000117	-0.019086540632273635	-0.009932498861009557	0.009510115137056303	0.0023266899359084834	0.0005827857272984599	0.2393157601579348	2490.7818471018422	0.27353693516107724	1894.69849597508	95615.9778414531	99171.19821783723
0.0001175	-0.01945090104327376	-0.009939469900998562	0.009669068887605239	0.0023397154169729102	0.0005872039676872979	0.24052998901960645	2492.529981192066	0.27513444293930944	1893.0017721848985	97666.86402064351	99240.8006812463
0.000118	-0.01970575342512036	-0.00992567526061561	0.009739010423174908	0.0023528337513812267	0.0005916255030028577	0.2417483055617769	2489.0706865740685	0.27673989774634483	1887.342065671299	99513.10940615703	99103.06786748966
0.0001185	-0.019803048189045335	-0.009954284440694069	0.009734405851518253	0.0023660495722291207	0.0005960578811409542	0.24297242192594679	2496.245036895881	0.27835559546315525	1889.7263345606646	100530.5249980079	99388.7166964614
0.00011899999999999999	-0.020051365089839016	-0.009974426397877472	0.009831714038536924	0.002379434393748635	0.0006004963419414493	0.2442195179166082	2501.296053968177	0.2800043125820034	1890.4307375013545	102038.27398403498	99589.82439919387
0.00011949999999999999	-0.02019559995548998	-0.00998163310461522	0.010101709271456379	0.0023929865162228923	0.0006049348969604872	0.2455024849768532	2503.1032864250806	0.2817032943208808	1888.5852094539953	100782.61752891167	99661.77988113131
0.00011999999999999999	-0.02023021946319359	-0.009974850020149386	0.01040507264119947	0.002406629894450357	0.0006093656269097764	0.24681376736869975	2501.4022861137514	0.2834427608695124	1884.0217641733382	98099.34001888175	99594.05406273427
0.00012049999999999999	-0.020153312381090006	-0.009946450286846585	0.010554297921570886	0.002420233238240971	0.0006137869468120864	0.24813261443306014	2494.280458951924	0.2851953195637401	1875.36812754289	95841.51772700014	99310.49645853843
0.000121	-0.019929305201739942	-0.009932540880588954	0.010525985402164323	0.0024337373787082684	0.0006182024039316628	0.2494506976366628	2490.7923843902986	0.2869499373769673	1869.4624864360517	93887.60117659278	99171.61776301874
0.0001215	-0.019719487158529662	-0.00992009023854699	0.010542088468612184	0.002447162839747234	0.0006226194166436272	0.2507631484309293	2487.670125468666	0.28870012172937537	1863.8541325485783	91631.88814193514	99047.30412279976
0.000122	-0.019665577091420694	-0.009939535083230146	0.010435957689467349	0.0024604897125355433	0.0006270374869766581	0.25205456619326766	2492.5463270000496	0.2904252531248409	1864.2886438314295	92153.28670002762	99241.45149430947
0.0001225	-0.019612407252829703	-0.009924845479132211	0.010205899167984547	0.002473661671668305	0.0006314476460853478	0.25331555725124205	2488.8626015105983	0.29211261583174847	1858.3949846871653	93919.43466329786	99094.7829006229
0.00012299999999999998	-0.01945539604028838	-0.009903964900055188	0.009949621126318475	0.002486604408410513	0.000635857986348468	0.2545433634183654	2483.62635954875	0.2937583133616121	1851.4357525147007	94910.56595113834	98886.30041544692
0.0001235	-0.019112208245456116	-0.009925659979643333	0.009675476103694269	0.0024992789185279375	0.0006402730683731477	0.2557389266734812	2489.0668545506387	0.2953634006930469	1852.5155687493204	94221.20725661759	99102.91529437067
0.000124	-0.01876477102537903	-0.009925284650319856	0.009434254531760831	0.0025116917828618066	0.0006446864350736657	0.2569058217865796	2488.9727328720273	0.2969324883085332	1849.5411475291503	93160.69537100945	99099.16781256812
0.0001245	-0.018394033121781308	-0.0099179475963264	0.00921724817687758	0.002523876693508389	0.0006491002342437762	0.25805563451598484	2487.1328131142864	0.2984810177578872	1845.314176900553	91625.7601947523	99025.91087631248
0.000125	-0.018012895898003263	-0.009927229105685087	0.009161211888812573	0.002535855892600933	0.0006535167828458438	0.259202894050839	2489.4603457269577	0.30002850231389866	1844.185019489728	88379.7845558359	99118.58225913884
0.0001255	-0.017509929625738312	-0.009930309500645551	0.009176438240706259	0.0025476270230857523	0.0006579406198306373	0.26035007248651315	2490.2328191958	0.30157827564499634	1841.9005242098797	83205.88177823879	99149.33851327875
0.000126	-0.01707868103852407	-0.009959998889149415	0.009159915609858252	0.0025592662946692115	0.0006623476469499979	0.2614949743488913	2497.6780543749624	0.30312737181908644	1844.547795614393	79065.04364672578	99445.772701038
0.00012649999999999998	-0.01695345848604261	-0.009854729544016462	0.009140049783407302	0.002570883945272746	0.0006667476396972008	0.2626271192038423	2471.279564167956	0.3046615706468788	1822.2545314831987	78013.10768308128	98394.70919340212
0.000127	-0.017185375889479933	-0.009928371179532007	0.008956009229660184	0.0025826080724641017	0.0006711566286861488	0.2637457131221863	2489.746744632789	0.30617972144882494	1833.0867139759723	82166.24674702394	99129.98531424486
0.00012749999999999998	-0.017648791413969737	-0.00989517814627731	0.008923453340426782	0.002594452032215219	0.0006755593952021189	0.2648518165219524	2481.4228972467504	0.307683189915686	1824.2135353517824	87118.28148360034	98798.56892785343
0.000128	-0.017923809906666175	-0.009900393903943117	0.008756362373250004	0.002606270357318463	0.0006799652495693505	0.26594415502079416	2482.730857579258	0.30917017018385495	1822.4630975162906	91532.53065620092	98850.64574604089
0.0001285	-0.017753550186040332	-0.00990906164019086	0.008703436919078144	0.002617980710336057	0.0006843623479816579	0.26704157180938976	2484.904473746091	0.31066629331417417	1821.3316772807505	90361.00474322744	98937.18890114751
0.000129	-0.017357178678294886	-0.009861025671279392	0.008837533109193803	0.002629536066859503	0.0006887565509955213	0.2681419464090749	2472.858449774992	0.3121686996843286	1809.7813718581983	85064.54129038428	98457.57297959876
0.0001295	-0.017009382840264733	-0.009896043446219164	0.00875071419441194	0.0026409378909985387	0.0006931573022838194	0.2692270938010705	2481.6398893066166	0.3136525293323125	1813.5151940477858	82458.81290844244	98807.20852935273
0.00013	-0.0169102612354972	-0.009890467804517517	0.008594143362953563	0.002652209050843469	0.0006975643644937088	0.27029243173580914	2480.241680524441	0.3151114165167938	1809.8511254029802	83032.41565709055	98751.53844309112
0.0001305	-0.01673852623567367	-0.009924418401513037	0.008434082355321736	0.002663302468541113	0.0007019793060391773	0.2713427862856951	2488.7555028644238	0.316551871942599	1813.4496503333348	82915.85649007352	99090.51873711095
0.00013099999999999999	-0.01635059543071039	-0.009925894610504828	0.008354650849850457	0.0026741545457080874	0.0007063998793419062	0.27238013499091107	2489.1256931469234	0.31797653060931386	1811.1373008382193	79835.64016102019	99105.25797006578
0.0001315	-0.015861302749322025	-0.009949739720780915	0.00822619859236152	0.0026847065420282975	0.0007108221305317868	0.2733943993949835	2495.1053533159234	0.3193714512629793	1812.9575238189086	76232.82301457037	99343.33986575055
0.00013199999999999998	-0.015370358456414933	-0.009933438670788164	0.007985674323620883	0.002694905788508545	0.00071523696281165	0.2743652987329418	2491.017524061793	0.3207085570868003	1807.5687569235863	73732.50016511946	99180.58176402691
0.0001325	-0.014968422364931736	-0.00991638306485625	0.007533056904638173	0.0027046602073818203	0.0007196420177192943	0.27527316190093254	2486.7404741229007	0.32196047016077906	1802.2075609840656	74238.5287129935	99010.28978612002
0.000133	-0.014377901501182727	-0.009889477975729673	0.00697811221997133	0.0027139143495753665	0.0007240420635798643	0.2761109694661062	2479.9934602516782	0.3231171710871285	1795.2400616719842	73883.31776789686	98741.65548128115
0.0001335	-0.013838854856762658	-0.009893861554370508	0.006413297081299871	0.0027226391322908252	0.0007284368079830467	0.27688491826726586	2481.092734287017	0.32418689696890335	1794.115575340449	74140.60372251313	98785.42339430859
0.000134	-0.013018523403128155	-0.00986564173973767	0.0059574018779637765	0.0027307340209245016	0.0007328142505030894	0.27759966027304506	2474.016025495035	0.3251758066040637	1787.2300173075441	70501.88398824926	98503.66219103175
0.0001345	-0.011953099951218904	-0.009816069404128222	0.005466943212805564	0.002738097052968733	0.0007371697200002268	0.2782487756337467	2461.5847254382934	0.3260747640550056	1776.6517894663557	64761.138619629295	98008.70639092143
0.000135	-0.010776942128403763	-0.009766847366583902	0.004908433950441042	0.002744696600870369	0.0007414990060666186	0.27882152078332334	2449.2412699485544	0.32686862834130326	1766.3400942962203	58594.21641057058	97517.24814760307
0.0001355	-0.009741039716177676	-0.009698344335591922	0.004246251495385113	0.0027506559684335003	0.0007457937070109036	0.27932256297697344	2432.062702052002	0.3275636245724448	1752.7327147941335	54862.80335237505	96833.27850813029
0.000136	-0.009044675535163155	-0.009611346893403505	0.00376234304503866	0.0027562177207755643	0.0007500625680240028	0.27976153986751784	2410.2462737010433	0.328172927176423	1735.9520647104926	52741.53561568216	95964.65111592587
0.00013649999999999998	-0.008945339304572766	-0.009582163698326868	0.0032542076038698294	0.00276154088941251	0.0007543066281747716	0.28013718077986455	2402.9279771117863	0.3286946139858882	1729.7785079866278	56823.19805641153	95673.2710247651
0.000137	-0.008984317633174125	-0.009499838082887506	0.002749988844863223	0.0027665982143762293	0.0007585081297778485	0.28044999702616646	2382.283107038576	0.329129258233047	1714.1718167541208	62246.758310517216	94851.28956356486
0.00013749999999999998	-0.008754243294384586	-0.009390813374813753	0.00225002615195527	0.002771154626026667	0.000762656753090103	0.28070041550307345	2354.94288102338	0.32947733975819876	1693.9094358341122	64941.463020530406	93762.73057288957
0.000138	-0.007729485881400563	-0.00926208847430095	0.0017526308545699025	0.0027750317730908837	0.0007667488444614148	0.2808889460131588	2322.66241968591	0.3297394770173664	1670.252220675962	59676.007304858016	92477.47468683665
0.0001385	-0.006689365874930838	-0.009136636346344979	0.0012608167809938598	0.002778319282847092	0.0007707813945138632	0.28101600275650745	2291.202674523526	0.3299161784719338	1647.3380574239059	54201.43770098206	91224.8958521982
0.000139	-0.006060967121324594	-0.00899438078113902	0.0007700420049567408	0.0027810989460482567	0.0007747355058864057	0.28108646291974004	2255.529115993845	0.33001418290077117	1621.5304147666473	52827.32883371482	89804.54282200447
0.0001395	-0.00531063564287262	-0.008783962968373754	0.0003561842604825041	0.002783462748853721	0.0007786001038890825	0.2811110904801071	2202.762448141509	0.33004844012495055	1583.541494275819	49467.801303498694	87703.62271012571
0.00014	-0.004923771952734415	-0.008591913751328811	3.745952441054138e-05	0.0027854758808326303	0.0007823669749324385	0.2810925492784162	2154.602089881267	0.33002264898761763	1548.9594957559386	48787.46679607822	85786.10414428831
0.0001405	-0.004423965150263692	-0.008344566271439924	-0.0003338197282344405	0.0027870751276575264	0.0007860240982302904	0.2810258179547099	2092.5745355412296	0.3299298300486541	1504.5070650595585	47504.18136120569	83316.45916370484
0.00014099999999999998	-0.003833140085484571	-0.008098469596252421	-0.0007328052416436058	0.0027881374752257403	0.0007895513650299266	0.28089875771544054	2030.860646643099	0.32975312132051604	1460.3944139078765	45588.75620574817	80859.30286323183
0.0001415	-0.0029742663034329295	-0.007760709812711602	-0.0012981094226566527	0.002788638651864667	0.000792935252593313	0.2807151412746099	1946.160316011598	0.32949781234374115	1399.843647959363	42657.60569642199	77486.93475000402
0.00014199999999999998	-0.0022140091737621183	-0.007453812653534276	-0.0016367923564841436	0.0027886447229565673	0.0007961869672610365	0.2804867602050785	1869.199433991591	0.32918035144122215	1344.9137405741233	38448.39120523061	74422.71501726977
0.0001425	-0.001463701364075047	-0.007166438444995323	-0.002013621540319041	0.0027882092841896595	0.0007992859129682777	0.28021603412541213	1797.134340204978	0.32880415939166807	1293.54848260215	34719.387723548185	71553.4225062396
0.000143	-0.0009057445065921877	-0.006766937945712076	-0.002313629599493006	0.002787410754494223	0.000802217323460886	0.2799159328744038	1696.9512336728426	0.32838731389128095	1221.9475460569383	32143.893704861315	67564.60320135453
0.0001435	-0.0003007130276492492	-0.006413172197470616	-0.0024831505337147316	0.0027862611990644034	0.0008049836682462257	0.2795788038594243	1608.2370725964963	0.32791924337500894	1158.6080755175858	27795.531509115164	64032.42327035484
0.000144	8.067864120626699e-05	-0.006024775014880444	-0.0029054766577684458	0.002784744362724393	0.0008075771612737448	0.2791870646263464	1510.8383549728053	0.3273756269921337	1089.03182952305	28204.242250209278	60154.46521358597
0.0001445	0.00047776039477082603	-0.005636001885683557	-0.0033560332969968546	0.0027828821762216857	0.0008099961475242345	0.27874466086072724	1413.3453608738198	0.3267620585677847	1019.3828875779648	28738.163125515253	56272.75351173993
0.000145	0.0008236151026424689	-0.005240163460893111	-0.003715292086179845	0.002780732131740133	0.0008122476685365953	0.2782706673756691	1314.0805961202282	0.3261050959383386	948.4105116524352	28871.996395798717	52320.49824985111
0.00014549999999999999	0.0012670917961657556	-0.00488305026418386	-0.0038609593448204757	0.002778378048485946	0.0008143321439136101	0.2777848640511418	1224.52699232213	0.325432212245883	884.3719282329735	25898.513195732376	48754.89566457591
0.000146	0.00155224046254637	-0.0044890984434369785	-0.0039040590544999055	0.002775984587468574	0.0008162440757876321	0.27729620198375987	1125.7353329944879	0.32475582539188685	813.5732007161931	23481.771407050805	44821.47723178529
0.00014649999999999998	0.0013984470011096906	-0.004107265917478395	-0.0039066531261188996	0.00277364917796053	0.0008179885795421409	0.27679955808473333	1029.9828403338424	0.3240688588489551	744.8840452945764	25043.225302640418	41009.0640971104
0.000147	0.0011636506220303908	-0.003736313713419019	-0.004031639633823664	0.0027713917664463883	0.0008195795672128825	0.2762880219760013	936.9588159727061	0.3233617861567939	678.0883180346309	28635.48345237068	37305.2857153652
0.00014749999999999998	0.0008097198396821778	-0.00341703201884751	-0.00414468830729628	0.002769250946398185	0.0008210338366229131	0.2757677475742226	856.8922526557487	0.322643147395399	620.5890062270712	33298.04750849765	34117.41238532389
0.000148	0.000499764197338045	-0.003121605626884584	-0.004171311395746941	0.0027672350023925127	0.0008223661667453862	0.27525569595525945	782.8079054483576	0.3219363704113379	567.3355706348909	36658.62338116035	31167.722716478776
0.0001485	0.0003796882519072405	-0.002868772658774938	-0.00401325639517862	0.0027652961283673888	0.0008235879549120648	0.2747620594435424	719.404750197215	0.32125548410031424	521.739619459561	36279.420880573714	28643.307788546197
0.000149	0.0004475894460901618	-0.002624590569973032	-0.0038769666694520055	0.002763344495130924	0.0008247120624922809	0.2742818351805714	658.1709838826041	0.3205935422555863	477.6466385606812	34240.67328281432	26205.267707325587
0.0001495	0.0006514354665273039	-0.0024295844619420634	-0.0037988767212818694	0.002761323818709684	0.0008257414079241151	0.2738071654371431	609.2691233584392	0.31993968708052206	442.44687170329183	31425.67896781388	24258.22601481212
0.00015	0.0008468018442077495	-0.002198524157156654	-0.00378818393728412	0.0027593049971377684	0.0008266855952254595	0.2733434099539915	551.3259188538258	0.3193012788724212	400.6246121983034	29368.27787939205	21951.20060189215
0.0001505	0.0008175478995144129	-0.0020466993142376926	-0.0036244245765875292	0.0027574298364721832	0.0008275661780994419	0.2728977442130792	513.2526637773886	0.318688156887092	373.1871696211853	28025.306341364052	20435.30296100604
0.00015099999999999998	0.0004900225993741767	-0.001912548051000059	-0.003499039803772009	0.002755791031089555	0.0008283862893219906	0.27246580623095024	479.61142848364346	0.31809427929663847	348.93371394426987	30043.581760641562	19095.867467090426
0.0001515	-2.572209910470575e-05	-0.0017748086907825047	-0.003405001830484319	0.0027544173956902266	0.0008291447633440854	0.2720536908578414	445.0704028200941	0.31752798468355664	323.98735704130127	34254.11949328622	17720.606559872485
0.00015199999999999998	-0.0003853837853426035	-0.0016354169248930153	-0.00318219774857744	0.0027532554228258278	0.0008298405870650937	0.27167407064441884	410.11500187099995	0.3170066258167377	298.6973898803619	35620.57649435455	16328.847181049274
0.0001525	-0.0004579936439462029	-0.0014931224953804796	-0.002885603341191901	0.0027522148720918772	0.0008304730548881172	0.2713319707604066	374.43169730352156	0.3165370289618149	272.83640695899305	33384.19908361214	14908.106109547412
0.000153	-0.0003315977594055514	-0.0013505582482373165	-0.0025824775871240613	0.0027512724730404683	0.0008310448303891471	0.2710239152945977	338.6807303213981	0.316114353128327	246.890152754859	29095.633219436106	13484.671039475395
0.0001535	-0.00035513832736870356	-0.001220239700309833	-0.002341441701293709	0.00275050417621764	0.0008315539284380354	0.27074768245085906	306.0006285604345	0.31573549224944725	223.15166754919073	26924.047641477395	12183.503354603034
0.000154	-0.0006057416623541919	-0.0010687499771667168	-0.002073828853336605	0.002749978764766146	0.0008320069871137741	0.2705084216016587	268.0114117774783	0.315407455433649	195.51206780632046	26754.215879490617	10670.951722629903
0.0001545	-0.0008562357910148575	-0.0009682773387337464	-0.0017504860545233354	0.0027497101957485964	0.0008324083453593667	0.27030753782390166	242.815796108026	0.31513211829530285	177.18085611731496	26026.857134354508	9667.78101192192
0.000155	-0.0011471338355675646	-0.0008362962264917126	-0.0014604146364639921	0.0027497060168945094	0.0008327701484159725	0.2701418844501943	209.7187715693939	0.31490512599103243	153.06494741305798	26035.11060017138	8350.013426310034
0.00015549999999999999	-0.0014818597445143721	-0.0007904306165170551	-0.0011873677680691197	0.002749947036782974	0.0008330928373787609	0.27000298903146486	198.21701049901625	0.3147148394117334	144.69782518740064	26650.94599487489	7892.067489257448
0.000156	-0.0018218925078094426	-0.0006604327416734971	-0.0010327188957366153	0.00275045925949311	0.000833388539601585	0.2698896767714558	165.6173242213538	0.31455962854800773	120.91891811949924	28501.9145028314	6594.101570065013
0.00015649999999999998	-0.0022923148840865042	-0.0006690937358477376	-0.0007784498209346244	0.0027512858834591817	0.0008336993814518755	0.2698064520829655	167.78924967223278	0.31444564584861906	122.51862752050478	30660.10069605341	6680.577408827892
0.000157	-0.0027545770477139064	-0.0007285030300334793	-0.0005518029887470678	0.0027524405927089025	0.0008340258170024044	0.269761590139854	182.6873728512711	0.31438420930871497	133.40533665243981	33012.60584751208	7273.750483612131
0.00015749999999999998	-0.0031542557693685167	-0.0007392056110693012	-0.00016526459004925648	0.00275391727277212	0.0008343769438217938	0.26977313632215905	185.37126891148694	0.31440002095794006	135.36308031321676	33143.80561816704	7380.610579968395
0.000158	-0.0033005912023757094	-0.000839519090042222	0.00034981729587463587	0.0027556035243032503	0.0008347730072016303	0.2698323567022264	210.52697201719937	0.31448112285173235	153.7199830084148	29462.050594979508	8382.192160430133
0.0001585	-0.0033345057191106523	-0.0009412478762656444	0.0005967537085229112	0.0027573641235405302	0.0008352220119739909	0.26991413672485703	236.03759301990343	0.3145931308316454	172.32770986532307	27335.12997208468	9397.904899409254
0.000159	-0.0032742804301320373	-0.0010775524143964918	0.0007104077462522049	0.0027591093384016154	0.0008357335077255041	0.2700088976260099	270.2188070330916	0.31472293344276164	197.25732482827104	25599.02897512152	10758.839801906799
0.0001595	-0.0030578502924383773	-0.0012222177336988522	0.0008042384157603518	0.002760815818531796	0.000836314719259541	0.2701259848732752	306.4966618071808	0.3148833417518756	223.70394917614496	22501.224843371627	12203.253061504483
0.00015999999999999999	-0.0027432611545436187	-0.0013910061919202746	0.0010672692159049422	0.002762452229186803	0.0008369613616553911	0.2702743430024905	348.8238982480109	0.31508662780703117	254.54574832546214	16733.969073049517	13888.52419834491
0.0001605	-0.0022429764637621843	-0.001516405793553881	0.0013040682058100648	0.0027639899504385158	0.0008376612884710755	0.2704427883235648	380.27047133637075	0.31531748821859124	277.42906475104644	9374.544941882808	15140.578583053912
0.00016099999999999998	-0.001978466035539517	-0.0016305818242331052	0.0013883403294629457	0.002765410294278661	0.0008384015105219693	0.270609635354426	408.9024992449095	0.315546210667974	298.24954302873107	5892.119816947289	16280.571038997101
0.0001615	-0.0017407749254387608	-0.0016975798869272602	0.0012785213388263248	0.002766659307806212	0.0008391715834461251	0.2707593238567182	425.703664861417	0.3157514558583364	310.4404284002128	4615.3785372987795	16949.514297751004
0.00016199999999999998	-0.0014823961279968097	-0.0017647963255641487	0.0011140805965280517	0.0027677788971544777	0.0008399599291595267	0.2708974579346188	442.55959281332605	0.31594089559596333	322.67132413561603	3677.4524809040518	17620.63793469632
0.0001625	-0.0013435466909634446	-0.0017797373928417274	0.0010938368925395218	0.0027688458882719814	0.0008407500631358981	0.27103728124094123	446.3063779549191	0.31613268852939064	325.3407106735259	2493.2315888448998	17769.81726663537
0.000163	-0.0012189053043996682	-0.0017728366539203158	0.0011410810082471616	0.002769856104896621	0.0008415326624234466	0.2711816938983922	444.57587332787966	0.3163308152102304	324.0150349324682	777.0379647563764	17700.916725391788
0.0001635	-0.0010149235053366111	-0.0017458601761123204	0.0011671924958349751	0.0027707347417333075	0.0008422965573578052	0.27131629199849905	437.81095725155694	0.3165155121769407	319.0257117337511	-1520.3322396966637	17431.569639089288
0.000164	-0.0007841752810271306	-0.0016887387645864228	0.0009842063750154049	0.0027714208580045655	0.0008430161595053648	0.2714284283836711	423.48656850502965	0.31666941298891477	308.5402747741156	-1997.2137474401557	16861.239966346526
0.0001645	-0.0005083441440592707	-0.001546712424533127	0.0008081673081859122	0.002771933846618922	0.0008436826834713556	0.2715228758954938	387.8704929770728	0.31679905520640866	282.55478124893506	-2993.5893128187186	15443.175638459179
0.000165	-0.0002885011772735119	-0.0014500904138891714	0.0007014696787300312	0.002772336108330466	0.0008443131386743502	0.2716003842459728	363.640502769152	0.31690545864937913	264.87560248965156	-4123.2907940655905	14478.451584234244
0.00016549999999999998	-0.00028125092970359924	-0.001384541254642032	0.0005374139130126919	0.002772709101697142	0.0008449062289351026	0.271659062423329	347.2026799986425	0.31698601956635747	252.88192547934415	-2557.663519453598	13823.974925774308
0.000166	-0.00045788490703886425	-0.0012820914060778827	0.0004004905923804411	0.002773110589228143	0.0008454556301350826	0.2716977467510336	321.5112375315674	0.3170391339157839	234.15735873910424	573.0544785573601	12801.06272799632
0.00016649999999999998	-0.0007289445851510243	-0.0011881079558989625	0.00021783476939845898	0.002773530578498169	0.0008459697519386774	0.27171398882014314	297.942921550924	0.31706143543984117	216.98766189559544	5103.184360589795	11862.683424125697
0.000167	-0.0008997860093134516	-0.001123469360030158	4.177639238521078e-05	0.002773935555984351	0.0008464622277049962	0.27170750517959663	281.7334415937517	0.31705253287740476	205.18435105265183	8566.81113020057	11217.298300690974
0.0001675	-0.0010246939486402448	-0.0010907837646340068	-0.00014541007621672434	0.0027743163258988294	0.000846942038252123	0.27167793985755945	273.5368448648019	0.3170119383056418	199.22291837679566	11682.922878562005	10890.948435943013
0.000168	-0.0011598793863707285	-0.0010665244236723662	-0.0003271582616473344	0.0027747169294382976	0.0008474112228720222	0.27163536592792525	267.4533076869515	0.3169534852013257	194.80353058477246	14847.351850991961	10648.730647166301
0.0001685	-0.0013217971574310955	-0.00104300782483101	-0.0003533380014492486	0.002775131959729655	0.0008478815308670134	0.27158997766108106	261.55602863167127	0.31689117183438303	190.52003265847458	16725.41454146269	10413.928779303971
0.000169	-0.0012697284744595456	-0.001071575305315268	-0.0003721422687840725	0.0027755265289171795	0.0008483590097738279	0.27155012699179576	268.7199219080097	0.3168364642136673	195.74899298866427	16393.285436504004	10699.161257991675
0.0001695	-0.0011412883710776019	-0.001075249439540378	-0.00026482574811164257	0.002775902174231925	0.0008488510874212904	0.2715200070246084	269.641287916683	0.31679511703849467	196.42828352742075	14039.36954661202	10735.845711583475
0.00016999999999999999	-0.0010291092867985262	-0.0011372136763923922	-0.00021660796711535127	0.002776257266666038	0.000849345112147577	0.27149637209414984	285.1801164109284	0.3167626733924277	207.75474941197402	12437.884407541353	11354.528653435182
0.0001705	-0.0009452231940418293	-0.001084003830446314	-0.0001611697478805955	0.002776629960032988	0.0008498402958689853	0.27147737827056423	271.8366345516105	0.31673660135207626	198.0391376856458	11046.79852327237	10823.254071549878
0.00017099999999999998	-0.0010340631538055703	-0.0011424247116258162	-0.00014242510659901768	0.0027770358747792137	0.0008503558905034054	0.271451362603111	286.4868924947367	0.3167008918185953	208.71963515910946	11746.666383376052	11406.558320418853
0.0001715	-0.0012068283092578958	-0.0011757746971659178	-0.0002734060049756949	0.0027775464844868045	0.000850876983296834	0.27142932769481376	294.85009894930573	0.31667064733806144	214.81913482074637	14779.423852939974	11739.541799484992
0.00017199999999999998	-0.0014411612024601294	-0.001167145350888192	-7.879715979617729e-05	0.0027782106334162905	0.00085139989603286	0.27142649627629223	292.6861098704556	0.3166667610808631	213.24334455957992	15176.049263685329	11653.381949665314
0.0001725	-0.0015902201086396238	-0.0011839574624070658	3.354012715407486e-05	0.0027789447412822662	0.0008519220036223591	0.27143254678965645	296.9020984921152	0.3166750657178791	216.31320575120697	15542.696874767254	11821.242753600927
0.000173	-0.0016137405739243015	-0.0011635252779124124	6.31705070190089e-05	0.0027797057178759734	0.0008524354286160294	0.27144414403341194	291.77830085084906	0.3166909837169704	212.576789728867	15481.692332163053	11617.23727150649
0.0001735	-0.0016223681552772205	-0.0011449190644615018	0.0001221983585197899	0.002780530936245855	0.0008529439392926012	0.2714690706451845	287.112403642569	0.3167251980301139	209.1702662550157	14978.470006038553	11431.463227326425
0.000174	-0.0016895273876757085	-0.0011414296891843344	0.0002762254259096452	0.0027814616473377904	0.0008534531596467766	0.27151274495822175	286.23736980468834	0.31678514829500143	208.5202758193958	14111.136679024445	11396.623502488721
0.00017449999999999999	-0.0017970201490687236	-0.0011481098932474194	0.0004218592252032788	0.002782444798503315	0.0008539647593883629	0.2715734906043972	287.9125707030831	0.3168685377826889	209.72314888836152	13730.316858875798	11463.322109812645
0.000175	-0.0016524406862579734	-0.0011521278115480705	0.0005490914381956412	0.002783406560801535	0.0008544788784019181	0.27164085085174017	288.9201477596167	0.31696101569389834	210.43763299398395	11016.408711872684	11503.43908116022
0.00017549999999999998	-0.0015951252951585183	-0.0011594369598985578	0.0005275861669020994	0.002784353778407919	0.0008549913337528251	0.27169994127966385	290.7530695936815	0.31704214713169376	211.7554776581962	10658.861981772605	11576.41739306471
0.000176	-0.0017192290668419689	-0.0011446477070041466	0.0004169076990006258	0.0027852795156601833	0.000855505671750372	0.271741434428204	287.0443550841635	0.3170991213555379	209.0425102890742	13003.049113905605	11428.753854330986
0.00017649999999999998	-0.0017798187129899948	-0.001167901652966379	0.00024631349688863274	0.0027861965888119587	0.0008560320462880729	0.27176868576165814	292.87576843610304	0.3171365419155227	213.2813057567876	15311.30804867949	11660.933260202371
0.000177	-0.0019079131835317293	-0.0011987659976265307	0.00018926834249729146	0.0027871228944780215	0.0008565757099804108	0.2717928373724291	300.6156484479681	0.3171697072172595	218.9104683977422	17159.83767844759	11969.09881702625
0.0001775	-0.0018708752081326337	-0.0012456365737395008	0.00019676792473522606	0.0027879913609425233	0.000857137361398964	0.27181756866320295	312.3694257983664	0.3172036696829057	227.46192795313368	16715.151701799885	12437.078855013502
0.000178	-0.0016385929621879516	-0.0012796418126458594	0.00019853387375425903	0.0027887254068679258	0.0008577189566533579	0.2718383330465681	320.8969507404343	0.31723218544836385	233.66485857142797	14378.293650258725	12776.604722090686
0.0001785	-0.0013299046031594755	-0.001335307383651588	0.00013336138249545775	0.002789335021730579	0.0008583097149079636	0.2718568762658281	334.8562570247679	0.31725765157246033	243.82328099194723	11946.90546389044	13332.3985312185
0.000179	-0.0011146329694162892	-0.0013208401887647569	0.00016303106989578169	0.0027898389460448655	0.0008589008117265198	0.271873844286956	331.2283052971257	0.3172809549839489	241.17599259934264	9501.284814869496	13187.950585957706
0.0001795	-0.0008798800487145548	-0.0013368296236000814	0.00010818361639004495	0.002790214503079485	0.0008595052409046404	0.27187530345048166	335.2379905324881	0.3172829589841849	244.09506012833816	7705.015719103051	13347.59736101749
0.00017999999999999998	-0.0007853638880220052	-0.0013807846994266593	-8.486053263941005e-05	0.002790475479732791	0.0008601222357279406	0.27185315363806967	346.2606452026642	0.3172525390909699	252.12859682356716	8688.770038947074	13786.467538449815
0.0001805	-0.0007420704188437618	-0.0013933268586016163	-0.00026917924485261467	0.0027906678076576067	0.0008607384741977244	0.2718126782538012	349.4058539596546	0.3171969537930825	254.43291299732437	10096.838897191803	13911.694932988163
0.00018099999999999998	-0.0007696213673185756	-0.0013773840079581866	-0.00037777413668325536	0.0027908341164167455	0.0008613473667441935	0.2717636045003887	345.4078506848096	0.3171295644024128	251.5385681599737	11456.189278641927	13752.51327855843
0.0001815	-0.0007625191495356156	-0.0013602983630583672	-0.00040661448095758275	0.0027910007346983222	0.0008619492182118081	0.27171538754736735	341.12326784639055	0.3170633560157493	248.43482692208414	11673.233960078787	13581.921376082506
0.00018199999999999998	-0.0007573180435794559	-0.0013457261439146428	-0.0003640791484746368	0.002791171905839535	0.0008625442291957884	0.2716682165526544	337.46897908954395	0.3169985881127349	245.78938339844254	11196.608705457118	13436.424814401633
0.0001825	-0.0007662711010283691	-0.0013295424085576503	-0.00038989601671561564	0.0027913689709913774	0.0008631251624475199	0.2716207276340197	333.4105689341966	0.3169333879229484	242.84934759941763	11543.769600299775	13274.83804258798
0.000183	-0.0008788234864655864	-0.0012824303134358142	-0.0003691608039041153	0.0027915603651435966	0.0008636905517773421	0.2715662066047038	321.59622564048124	0.31685853819703264	234.26155858490537	12460.519670315976	12804.446554084925
0.0001835	-0.0008531737020897662	-0.0012596543449997651	-0.0005022963772491499	0.0027916960630274667	0.0008642462167603194	0.2714988482660152	315.8846751510699	0.3167660723817789	230.12234966267008	13533.713297884451	12577.039522684061
0.000184	-0.0008335936975154957	-0.0012387080292964403	-0.0005743507201613671	0.0027917819836773285	0.0008647948867284696	0.27141605002083036	310.6319483551665	0.31665242322679593	226.32145192233264	14057.644191960931	12367.90068908175
0.00018449999999999999	-0.0008761564586306034	-0.0012282035925017174	-0.0007490858740976546	0.0027918665782215757	0.0008653207393778193	0.27132477348397555	307.9977411079819	0.3165271517055094	224.43032376828256	16227.258798258943	12263.018967159225
0.000185	-0.0009631472387249698	-0.0011361175610825303	-0.0007098666532311189	0.0027920275293543493	0.0008658292808205266	0.2712377635436136	284.905242569578	0.3164077504376322	207.6281817531549	16704.2347169732	11343.584472098235
0.00018549999999999998	-0.0011512716723912774	-0.0011503695222366333	-0.000680889139746366	0.002792266824885982	0.0008663490444027511	0.2711513973798808	288.47921993670275	0.31628924670327657	210.25767633580782	18293.239758699332	11485.883412615083
0.000186	-0.0013051066698360583	-0.0011865741707082127	-0.0006995766096733036	0.0027925724436913264	0.000866866096233018	0.2710769133206479	297.5582928322165	0.31618705778049194	216.89710927829782	20015.793171306723	11847.369320665533
0.00018649999999999998	-0.001259550121521755	-0.001138177033476606	-0.0004909670963878999	0.0027928722590697397	0.0008673793903162918	0.2710207716876658	285.4216983502988	0.31611004077814203	208.06648940699665	17478.067949499895	11364.147308084937
0.000187	-0.0009858304925808848	-0.0011696787139366092	-0.0004063936071396809	0.0027930610263691862	0.0008678988675150816	0.27097003486895527	293.3214036451055	0.3160404433860827	213.84009267158035	13900.684418805426	11678.676354683428
0.0001875	-0.0006738695882723492	-0.0011659773513551283	-0.0004045772341854731	0.0027931387471110142	0.000868417531318856	0.27091085439512064	292.3932095565378	0.3159592696692974	213.1807153362446	10767.770033903706	11641.720039119671
0.000188	-0.0006215089687050865	-0.0011660215543821226	-0.0005413559140764884	0.002793197909407442	0.0008689382919413025	0.27083781333834595	292.40429439014963	0.31585909344422625	213.2101546867795	11610.643545462437	11642.161384969615
0.0001885	-0.0008119735151687932	-0.001175404997574166	-0.0006261230246753654	0.002793330186147822	0.0008694750055774283	0.27075656418082855	294.7573890436815	0.3157476715512369	214.9498911193025	14358.69855159238	11735.850527831431
0.00018899999999999999	-0.001081440930194224	-0.001237748962720129	-0.0006725531498154052	0.0027934906618993197	0.0008700295761903423	0.27067764847117504	310.391442350397	0.31563946154053324	226.37541662941527	17512.782736314137	12358.324873078707
0.0001895	-0.0009014634358459413	-0.0012556929413767477	-0.0005888254915333675	0.002793573137109485	0.0008705924679106722	0.27060815912009245	314.8912703320683	0.3155441867409915	229.67912334451992	14879.814303241656	12537.486823064704
0.00018999999999999998	-0.0005800677827370994	-0.0012751620485133375	-0.0005218834362781106	0.002793613018990068	0.000871159647744428	0.2705484613587862	319.77355618114717	0.31546234414955565	233.25931257311044	11002.450067861086	12731.876443439733
0.0001905	-0.0005534492045997676	-0.001274973014024996	-0.00043231796897653084	0.0027936918435751508	0.0008717314189024609	0.27049957543589337	319.72615182916826	0.315395329026174	233.24036350362624	9842.408555527967	12729.989025482213
0.00019099999999999998	-0.0005823456259259122	-0.0012958054076843684	-0.00034906838958746923	0.0027938763856978476	0.0008723080858527536	0.2704653231379426	324.9503102896476	0.31534837703999674	237.06251961338333	9299.718555010302	12937.990402563231
0.0001915	-0.0007948708780176888	-0.0012969853119898964	-0.00019841597369023566	0.0027941637946383565	0.0008728899775045712	0.27044582160867847	325.24619597427255	0.3153216459342179	237.28472127891317	9917.488905494401	12949.771176505319
0.000192	-0.000809077577313322	-0.0013192965365237132	-0.00011329398362196849	0.00279443202230414	0.0008734772304723533	0.27042606390846124	330.8412022091684	0.31529456441886317	241.37311811699968	9209.434018572056	13172.537964771624
0.0001925	-0.0007127232738265508	-0.0013210906821196269	-0.00020251057754326615	0.0027945876345560837	0.0008740727004366089	0.27038754811260146	331.29112174541945	0.31524177363601863	241.71412762520214	9138.167440035848	13190.451640978774
0.000193	-0.0006025669165461579	-0.0013562415221674451	-0.000413120992715097	0.0027946705164512394	0.000874662859578372	0.2703364663218916	340.1059301362041	0.3151717638623557	248.16289480806253	10141.152633021346	13541.415781492287
0.0001935	-0.0005865687274994177	-0.0012972123390565073	-0.00040336383706244503	0.002794757803455909	0.0008752317348408978	0.27029005393898586	325.3031277599419	0.31510815796082897	237.3769278111864	9883.997970323248	12952.03793198536
